0.0000 1 0.10954513391124568 0.6687148157 0.55430367581124 0.6765037349183319 0.38912997480562284 0.45803065915134294 3.3530915109244073 
0.0000 1 0.14751133048692472 0.6822701082200002 0.9657757793086144 1.272149581722601 0.41489071935346244 0.8865475878104545 8.966438145893594 
0.0000 1 0.08678258106768023 0.5854321372600001 0.26714202764119815 0.3445954466440122 0.33610735916384016 0.253235915706779 1.7684476324817502 
0.0000 1 0.13683827316448455 0.72266245247 1.284420897758286 1.5883437162128045 0.4297503628172423 1.0990562313139267 15.543366349500907 
0.0000 1 0.10713770539225582 0.65773617546 0.698153316190643 0.8590603172027291 0.3824369404261279 0.5853945084503829 4.6471519956687075 
0.0000 1 0.11491040194514247 0.7143552709199998 0.7682741422562349 0.9092608982714155 0.41463283643257115 0.6248094728464632 6.1146090269469475 
0.0000 1 0.11473927945074583 0.6910648094300006 0.6101546341568657 0.7218181529182158 0.4029020444403732 0.5066845190094441 3.356379335046776 
0.0000 1 0.13025927119674444 0.75659368188 0.6776339500197588 0.8398633657926177 0.4434264765383722 0.6301015591744883 5.274004779849187 
0.1769 1 0.15804898208082743 0.6045840962900002 0.8609383780748786 1.1466729654773216 0.3813165391854138 0.7882721663028847 5.153998287455589 
0.1218 1 0.13081866127677372 0.6764356490299999 0.9537852274148171 1.2273165656635312 0.40362715515338676 0.844852532078683 7.066957771113099 
0.0656 1 0.1300028521736369 0.72996972029 0.6636931076299752 0.8464751504663613 0.42998628623181845 0.6237708961629502 5.018755354427967 
0.0182 1 0.11108395650579404 0.6581927679199997 0.5536332404301253 0.6717375857969446 0.3846383622128969 0.46820507784111726 3.430709106856624 
0.3582 2 0.1788145225849959 0.5711043277200001 1.4316363432669001 1.926870977234304 0.37495942515249797 1.2543353036220448 10.461041659723461 
0.6488 3 0.18046966542884707 0.6891068655999999 1.5548043207253737 2.007863582234863 0.4347882655144235 1.3881430037157874 19.59658761967036 
0.1342 1 0.12847185858834165 0.7400805329799998 0.5728459166932788 0.7340006088488177 0.4342761957841707 0.5688764255090251 4.034841457678547 
0.0848 1 0.11384392211261588 0.7374953529699997 0.5327555453099444 0.6593558628952115 0.42566963754130777 0.5056408058925045 2.935602601747192 
0.1374 1 0.13675645974589662 0.75102853985 0.8524239026558966 1.0454104505549808 0.4438924997979483 0.7647167021783701 7.955438696382231 
0.0262 1 0.1272493316980143 0.6818945295499999 0.7400612230293744 0.9355238455610982 0.4045719306240071 0.661717220227334 5.655014047626202 
0.5807 3 0.13253724185885216 0.80678347577 1.1499711713283796 1.3668522762245912 0.4696603588144261 0.9789400870581253 12.489343730050631 
0.2988 2 0.12243714633071799 0.7228110476599998 0.6347224156484687 0.8026591570638797 0.4226240969953589 0.5851237090295539 4.159450780143039 
0.5976 3 0.12138111834629157 0.7956511907099999 1.5099738474575508 1.6711381742432059 0.45851615452814576 1.1326829063309047 75.40472475623969 
0.1017 1 0.116074071256189 0.6450507415899999 0.9715661683085313 1.2248209612669123 0.3805624064230944 0.7820885025209572 6.922124374558514 
0.2747 2 0.15114550740331212 0.7670636961400001 0.8953273861427778 1.141958928423654 0.45910460177165613 0.8635725206831703 9.491422978395436 
0.0833 1 0.12775898164265687 0.7437115156900002 0.5921835742666514 0.6962030055514996 0.4357352486663285 0.5261336939544369 4.379735098302362 
0.0430 1 0.13693672495517775 0.6706102114999998 0.6526284675936892 0.8729769607333879 0.40377346822758875 0.6411739730363533 4.340678738964054 
0.1507 1 0.12367991099093302 0.7328924479000002 0.8145979323891991 0.9757477393626506 0.4282861794454666 0.6784601688608459 7.228306787983843 
0.7780 3 0.18528943546057883 0.5832653940000001 1.4913708445395968 2.0142636746802927 0.3842774147302895 1.3573926967528815 12.411561371153581 
0.3726 2 0.13489459028045822 0.76704998614 0.7379266855543226 0.9272282096024668 0.4509722882102291 0.6970487945123969 6.392528490810841 
0.2059 2 0.11056056794759486 0.6352951536000001 0.7224306718870998 0.9126562997385942 0.37292786077379747 0.613792712814724 4.276505687707053 
0.4141 3 0.10033751045672502 0.6410224862599999 0.7904215192780609 0.9767358279829251 0.37067999835836246 0.6177218725916815 4.28407406042773 
0.6539 3 0.15125917706378764 0.7767010861199999 0.6284285092943233 0.8131228423695971 0.4639801315918938 0.6500992874211197 5.375333515078725 
0.1012 1 0.18485304544060577 0.5905720544899997 0.7002215142921461 1.069129201459812 0.38771254996530274 0.8306142073554247 4.229935210530121 
0.3468 2 0.15185080663569675 0.79302456112 1.2540655055426244 1.5529994179690145 0.47243768387784835 1.1388947629302333 20.78263906431149 
0.1738 1 0.12303500752739711 0.5952389386699999 0.6663312147089528 0.8992440213015915 0.3591369730986985 0.6168479589648486 3.6369391177408086 
0.1491 1 0.12406068656374052 0.6727680584899999 1.1437077838652234 1.424773154900362 0.3984143725268702 0.9389416083422546 11.054766485443157 
0.0667 1 0.12523936578574013 0.72621209376 0.7381353175728013 0.9292402767905633 0.42572572977287004 0.6633138893425836 5.6276368532188705 
0.0233 1 0.14433913655328798 0.7202913157699996 0.752974011591483 0.9638028592112219 0.4323152261616438 0.6986357410949015 6.550986293720861 
0.0273 1 0.10264671972055413 0.5854918362199999 0.5545455828456092 0.7019556116138563 0.34406927797027703 0.46685829027284625 3.1364610081038404 
0.1867 1 0.13382704371300258 0.7267087945899997 1.231740924505612 1.504851299760037 0.43026791915150114 1.041727961269412 11.470550423180253 
0.1168 1 0.31139285587180704 0.46446853864 0.9431381742637244 1.4317205480805457 0.3879306972559035 1.064595171414937 4.5995191953104575 
0.4360 3 0.16473667542654166 0.7255626660299999 1.0416652026190718 1.356533437378238 0.4451496707282708 1.0037051416716218 12.656356961262523 
0.0145 1 0.31361812091220115 0.5000907442699998 0.8104017914092576 1.1484948118648735 0.40685443259110043 0.8541401443257352 4.2210649098777955 
0.1163 1 0.13942778645614584 0.6459457504099999 0.9589406279752702 1.1832455144715754 0.3926867684330729 0.7971689732479285 6.942458959926644 
0.2078 2 0.16414727257346584 0.7463407936700002 1.6553646841136371 2.1393266932020985 0.455244033121733 1.4947519364971233 30.336153927632438 
0.0296 1 0.15893811018763931 0.7662674685299998 3.226569110673491 3.809309216220502 0.4626027893588196 2.4818881166061098 340.5133121583232 
0.2097 2 0.1388105518459979 0.7289386743 1.243073262377255 1.534080944900331 0.43387461307299896 1.0502922358489784 13.97163342122997 
0.1081 1 0.11177809635146725 0.609573193 0.6712869312982365 0.84196727868126 0.36067564467573365 0.5655108706554725 4.235190178958137 
0.2570 2 0.12540857684123513 0.6997503021399999 0.6407133142351 0.7643290058972735 0.4125794394906175 0.5437304332555722 4.5979919611155475 
0.1946 1 0.16910589452943384 0.76438090642 1.0060047620717814 1.3101841887110575 0.4667434004747169 0.9964667053544958 9.911658390588418 
0.0783 1 0.09563969773178937 0.63130446662 0.4435394582399182 0.5234315101673697 0.36347208217589466 0.3583097037953889 2.4716470890213316 
0.5366 3 0.10911964642541079 0.7191666646299997 1.9061524242040215 2.1769769355324624 0.41414315552770525 1.3319224058731407 69.83954650352555 
0.6623 3 0.1616993177420672 0.7058851162500002 1.9646989988890742 2.5660007520281916 0.43379221699603365 1.7473394445600532 24.56120239263662 
0.3347 2 0.13090576359744122 0.7238701069400001 1.5106874535739911 1.8406219819450258 0.42738793526872065 1.23378569313445 24.31923454159088 
0.1353 1 0.15111052387470675 0.7619289584100002 0.9094133104608674 1.172795403386897 0.4565197411423535 0.8678275343776225 8.533153965183597 
0.3787 2 0.22669860769576863 0.67936854679 2.2846985951971575 3.053262163035627 0.45303357724288434 2.3121173576131206 40.876091772405715 
0.3288 2 0.12134453355175108 0.7125791903300003 0.7545960687066954 0.9439009846825082 0.4169618619408757 0.6658812830945698 5.95223225648606 
0.0819 1 0.09795859847270603 0.5962742501700002 0.4975239897068369 0.6215029919207193 0.34711642432135315 0.41841050392549944 2.6379848731462077 
0.0430 1 0.10810878623048144 0.70199060549 0.6025106445340009 0.7345532369850859 0.40504969586024075 0.5227008897490943 3.917958918581998 
0.2609 2 0.11848544015395605 0.7591673477999998 0.6446257138048872 0.7922266589421147 0.4388263939769779 0.5891171536688193 4.355377132222674 
0.3574 2 0.12124390118157417 0.7070335644400002 0.6519272392081088 0.7792492616134126 0.41413873281078717 0.5651114574469004 4.611692139674503 
0.0118 1 0.20852532443686547 0.5132433441099999 0.6073428457672628 0.8433883988290485 0.3608843342734327 0.62172378606476 3.0390506335895706 
0.3301 2 0.13358624024046337 0.7696462813699997 0.8337646715925526 0.9956108111047686 0.45161626080523154 0.7380849922267838 5.9711326666974704 
0.0631 1 0.11333162055779564 0.6861229972099998 1.0082840309227756 1.2216707144942864 0.39972730888389774 0.7931533050493002 9.176895570947934 
0.1501 1 0.13201197492504188 0.6244966745099998 0.8172527646939851 1.0684001764875564 0.37825432471752085 0.7125916938452783 5.586885405720007 
0.0447 1 0.13337705595641255 0.5139898134800001 0.6791698595197949 0.8921751191013161 0.3236834347182063 0.5949396219007054 3.3713940994885596 
0.4453 3 0.14453636071210743 0.78339588846 1.1114376818091471 1.3359624570248938 0.4639661245860537 0.9531900348192532 15.028389556802296 
0.2687 2 0.14444980146670244 0.7896096009800002 1.039300845960005 1.2427709966870357 0.4670297012233513 0.9229336449110122 12.430162851188392 
0.2376 2 0.13491685525725342 0.75913207106 0.6562933767341685 0.7877788930215425 0.4470244631586267 0.6047463386932518 4.736451272457144 
0.0183 1 0.10514138718963914 0.6850696911299996 0.7661499365960098 0.9032093604379611 0.3951055391598194 0.6063098074870784 5.271168286923504 
0.2430 2 0.11835146934886528 0.71347128163 0.4325917289118525 0.5357405704984255 0.41591137548943263 0.42658640998204816 2.9402299001680015 
0.0027 1 0.12052018499428126 0.7306302618299998 0.5443334061990559 0.6719411574206594 0.42557522341214055 0.5081945365961961 3.4618863433681555 
0.1754 1 0.1456162996058628 0.7595047174299999 1.4673717772745491 1.831685260540932 0.4525605085179314 1.2832359213425786 31.33383902931046 
0.1244 1 0.09833538536135426 0.6473031951999999 0.4868253050605828 0.5813400091889699 0.37281929028067706 0.39073444184949097 2.6345376593472962 
0.2959 2 0.12334221661006095 0.7487514074200002 0.6497793526920286 0.7892123760960515 0.4360468120150306 0.5798347371138549 3.919720943008714 
0.0791 1 0.10100668024392322 0.5856457150499996 0.51512353803048 0.6587836239769559 0.34332619764696143 0.4489836016176286 2.822305222244939 
0.1365 1 0.1072813514555344 0.69505353712 0.611875823547259 0.7508622789868911 0.4011674442877672 0.5321180508898533 4.260048941601595 
0.3831 2 0.13746427237004266 0.7447794556899999 1.539153297955154 1.8938499506627051 0.4411218640300213 1.3132944378869653 23.720250072791313 
0.0176 1 0.12101306892904172 0.71220719777 0.7197082924092516 0.8866136783651685 0.41661013334952085 0.6254813402590949 5.843515214671116 
0.1241 1 0.146471982523204 0.61461999771 0.8501936122633609 1.110602735192953 0.380545990116602 0.7690084906181841 5.715038106375172 
0.3199 2 0.11328168393090672 0.7097361442200001 0.8605087935577738 1.033618269268039 0.4115089140754534 0.7102524391476932 5.9210282171930935 
0.0596 1 0.1337705463497103 0.7574628914900001 0.675657583379418 0.8151333641191535 0.4456167189198552 0.6125269407396128 5.697596622767963 
0.3346 2 0.10116188864878736 0.6161424921999997 0.6113933696949497 0.7941122501597228 0.35865219042439356 0.5205400813116439 3.4624361249717914 
0.2142 2 0.10879783434622875 0.7004342602300001 0.39106156975953865 0.48979377525628454 0.4046160472881144 0.37383459763358606 2.380865141103035 
0.0917 1 0.13432371058687329 0.75517541901 1.7582836867527423 2.037354307518781 0.44474956479843664 1.3489782580776897 50.04005429178518 
0.1529 1 0.1400719270168255 0.7370341701900002 0.6523534417447288 0.8474936965536986 0.4385530486034128 0.6353349709314836 5.3396855018559926 
0.1318 1 0.16623855427839665 0.5322846427500002 0.7492243856466315 1.060789965074937 0.3492615985141984 0.73815305683896 3.710881397619633 
0.2561 2 0.12694160073934058 0.75188898949 1.2513145537319468 1.5571187262528496 0.4394152951146703 1.0492132725133028 11.983311486189926 
0.6573 3 0.12097185060742278 0.7489441208999998 1.8435960863450613 2.116164285448668 0.4349579857537113 1.3633095947711367 73.50980781904249 
0.1530 1 0.12345295717693752 0.64036784849 0.866176766993887 1.1221971826097434 0.3819104028334687 0.7531411485210525 6.493413189610811 
0.1416 1 0.13169505503654938 0.7084981654899998 0.786655041720906 0.9584587748909116 0.4200966102632746 0.6890952204984707 6.636292990381471 
0.2542 2 0.13807805784104354 0.7394382950299998 0.5915498619680181 0.692157160650829 0.4387581764355217 0.5381108377833062 4.574440943572321 
0.2724 2 0.1340251102029558 0.84511235 1.237602905338652 1.5126839381420483 0.4895687301014779 1.0764642379150136 18.100028545522687 
0.0745 1 0.1254101169216257 0.6899575844899998 1.0687639383083778 1.3246434926596509 0.40768385070581276 0.8992911786084767 11.223869696683561 
0.2782 2 0.10770110579953657 0.6935941854499998 0.6165630894925328 0.7385064378110153 0.4006476456247682 0.5321385031249659 3.970799209433373 
0.2218 2 0.12011033021995007 0.6060999713300002 1.0790377296443667 1.3864126471416176 0.3631051507749751 0.8493386929488494 7.2434892539787334 
0.2433 2 0.0876735382213872 0.60402708563 0.3794018665214312 0.4760110759769576 0.3458503119256936 0.3426954614375024 2.1638647457979783 
0.0113 1 0.1177083807100767 0.7372742571299999 0.4346187958299741 0.5318619628647313 0.42749131892003833 0.4242317102543168 2.8678826089173013 
0.1620 1 0.12015742071057625 0.6181592386900001 0.7758467532385623 0.981461563503761 0.36915832970028817 0.6531978280874842 4.804533612785681 
0.2393 2 0.12930144330416904 0.7430443518400001 0.6431773128188533 0.7905728278148326 0.43617289757208455 0.5994257679329252 4.224604632927757 
0.3754 2 0.11773380218800937 0.7348773373100002 0.6325596726949425 0.7502877522424874 0.42630556974900474 0.5464311684578408 3.4951888366780954 
0.0563 1 0.1461667950230955 0.74341563069 0.8473066295339025 1.0621986077250332 0.44479121285654777 0.7776402663409401 7.788884647028808 
0.1168 1 0.15975370609083922 0.70977613711 1.0254315007920116 1.335937286865766 0.4347649216004196 0.9444152535578227 8.596071403468049 
0.3306 2 0.18151467937127605 0.8270988129599998 1.2185452175358156 1.5134965577099917 0.5043067461656379 1.2051002424672814 26.268466497336817 
0.6085 3 0.14995837389542843 0.6753387385199999 1.4659268425411138 2.0439086104267847 0.4126485562077142 1.445990297545454 15.799996539577796 
0.5058 3 0.11769590118178493 0.7457363187300003 0.41552066808125715 0.49830174119301224 0.43171610995589266 0.39252836221051485 2.095694780587053 
0.0028 1 0.10093354006960849 0.6704449484399999 0.68989734787037 0.8267543361342274 0.3856892442548042 0.555367449131561 4.18601389913238 
0.1304 1 0.13462563930003105 0.75043735917 0.8017503996041526 1.0081813171567107 0.4425314992350155 0.7330811952282638 7.416696787282563 
0.0291 1 0.1121240288613938 0.6101631879600002 0.619832523608554 0.7987359289296755 0.36114360841069704 0.5376988903945557 3.5392867269480472 
0.0519 1 0.12998602665011377 0.7464079416599999 0.7504923913469563 0.8719787020296871 0.4381969841550568 0.6474278038000741 6.965645264201099 
0.0163 1 0.12817592080716528 0.6270460112699999 0.6159608957704606 0.8305969191079758 0.3776109660385826 0.6062186287779214 3.2268152783574466 
0.0123 1 0.13482950655558798 0.7057962770899998 0.8078393413950785 1.015061557035776 0.4203128918227939 0.7138237962747671 6.189290573960501 
0.0502 1 0.11263707358037642 0.64099417087 0.7939551965035492 0.9291531363028285 0.3768156222251882 0.576660168078102 5.186227788443349 
0.5074 3 0.15133903696995177 0.7255879760299999 1.1112226619501322 1.4563153246852423 0.43846350649997584 1.0632281353619009 13.464352889357714 
0.0078 1 0.13707747747627713 0.73029491836 0.7252336765046353 0.9310978354932321 0.43368619791813856 0.6916366220205419 5.488743513603641 
0.6066 3 0.12680303521235864 0.69300177662 1.0913874486410038 1.5562561226263867 0.4099024059161793 1.1345490585248208 11.018190870670852 
0.0770 1 0.11477127803217421 0.7385423425300001 0.8095965387805668 0.9819151658866748 0.42665681028108715 0.6862858394245721 4.772735694474582 
0.1233 1 0.1282302504911398 0.74740275683 0.6620764334350061 0.8046488584136903 0.4378165036605699 0.6084836067321854 4.689228449077565 
0.6407 3 0.13017141292740309 0.6055504125300002 1.0883116328531723 1.4727957338750324 0.36786091272870164 0.8777176552753403 6.0912066346673575 
0.1652 1 0.11075818391682599 0.6957058909500001 0.6227518064787053 0.7799380801192988 0.40323203743341307 0.5503040161291577 3.6863525147683402 
0.5640 3 0.11012878995726232 0.7007793421100001 0.47929162207868026 0.5696883724746519 0.4054540660336312 0.42202977781475026 2.822059959833956 
0.0322 1 0.1316849384712037 0.74801659928 0.946906521097631 1.1466769746690917 0.4398507688756018 0.8072509687313001 10.777670091940898 
0.2685 2 0.10708770261679797 0.66245633496 0.6043821813201659 0.7214624973697836 0.384772018788399 0.5122475027554085 4.109912116674132 
0.7402 3 0.17926788530677668 0.8086172595500003 1.6833794540200984 2.1853718529129984 0.49394257242838846 1.6709861042142318 36.632717379991256 
0.0257 1 0.1352028292305587 0.7018806866300001 0.7446540761508489 0.9342085424745148 0.4185417579302794 0.6911310537816397 6.289099198673288 
0.5801 3 0.2977301386457206 0.52097371266 1.1413205687075139 1.6497864250190997 0.4093519256528603 1.238586717954319 6.139055031430905 
0.4398 3 0.12320059444799768 0.6748132673 0.6994718976182223 0.9005637797931922 0.39900693087399886 0.6289541283975293 4.494521246556906 
0.2403 2 0.16963502922024962 0.7057692687500001 0.946495048587856 1.24936842167383 0.4377021489851249 0.9235183393213536 7.832794957090343 
0.1834 1 0.14643466260136678 0.7953851082900001 0.769993741744806 0.9507464731676641 0.47090988544568346 0.7526445725918401 6.999183484448456 
0.3487 2 0.12219011860012086 0.7140217775100001 0.5787228941279162 0.671549251889458 0.41810594805506046 0.4969466939694818 4.051369002602579 
0.5016 3 0.13373794505701336 0.6506688475300001 1.8510304148718792 2.2061627060527873 0.39220339629350676 1.4057788713785846 43.64609029826417 
0.6969 3 0.24703173745155366 0.6217201629500002 1.794078339508783 2.4863119104428724 0.4343759502007769 1.9332453327793595 23.56749529344094 
0.2465 2 0.1241829446826105 0.7460859442000001 0.7790152720687027 0.9219708398807696 0.4351344444413053 0.6622501975350494 6.235739088275567 
0.4308 3 0.13865047894339214 0.7363131238699999 1.161967550683097 1.4210869513223878 0.437481801406696 1.0127619422641412 15.062573339578147 
0.1470 1 0.11698666719819471 0.7164212801699998 0.5401985754811209 0.6850944453739605 0.4167039736840973 0.519966312138209 3.394486671330379 
0.5711 3 0.1403642878580891 0.7567900589100001 1.7275666240343164 2.1084233331640787 0.44857717338404457 1.4568324314542551 47.24109616095615 
0.2590 2 0.12062683135671726 0.6636749490000001 0.7109537142403859 0.9144848141509062 0.3921508901783587 0.6450101751844669 4.170295979695521 
0.5662 3 0.14100533966657855 0.7560552424 1.11710004457728 1.394347791363382 0.4485302910332893 0.968732545902796 11.621119563546486 
0.0668 1 0.11565547110183143 0.6690505827900002 0.8223626891154237 1.030110038062129 0.3923530269459158 0.7007383147631374 6.548438451392375 
0.2312 2 0.12572509295931755 0.7927760475300001 1.9274148852624646 2.3754094461692152 0.4592505702446588 1.4567026394429619 55.496176415088584 
0.0314 1 0.17869264628017326 0.6384622859999998 0.861469657110101 1.1601785716257964 0.4085774661400865 0.8555864525490079 6.190672064243687 
0.5265 3 0.18272954097098446 0.5665310087499998 1.2797152989193659 1.634956635358112 0.37463027486049216 1.088917694628036 10.808579647923498 
0.0507 1 0.1299491572438273 0.6510962581799998 0.8861518707256558 1.1142384533599057 0.39052270771191355 0.7673276961676688 6.7601431607502285 
0.3792 2 0.1774743248401488 0.6251243968899999 0.8204924975536283 1.109422217620965 0.40129936086507434 0.8013140450089746 5.007304528487347 
0.8875 3 0.023747474139368976 0.5798364797900001 1.313627912324798 2.081534621905864 0.3017919769646845 1.7396292403755187 11.923246508040219 
0.2318 2 0.10828114924536862 0.6235603673999994 0.1942633817048938 0.2381934406204353 0.365920758322684 0.2018585915987726 1.5172391582042135 
0.0455 1 0.11070574147806146 0.7115679210400001 0.5442773986198288 0.6682051103531507 0.4111368312590308 0.48887106235493605 3.6052392971775364 
0.6433 3 0.1752190753353102 0.8386182326399998 1.6518831682150583 2.1792524966066242 0.506918653987655 1.7280313050483829 44.83365786453498 
0.2629 2 0.12041149473703228 0.70611646994 0.9252532676410788 1.136968241065937 0.41326398233851613 0.7592937284508461 7.686473044256572 
0.2280 2 0.22375942299171075 0.5862147776100002 0.8605224063029994 1.2692224860465273 0.4049871003008555 0.9685781973413216 6.037585371924077 
0.3840 2 0.1326333775055772 0.7704993819699996 1.2150573554699966 1.4867814787818723 0.45156637973778835 1.0327956671163552 13.136115150147113 
0.2127 2 0.1448332921883304 0.74918857329 1.175528601482219 1.473166950277905 0.4470109327391652 1.055966138637904 13.916431079438365 
0.1660 1 0.1522808868733817 0.8103356721600002 1.1138900534647669 1.334113596035025 0.481308279516691 1.024898014061727 17.134628525645155 
0.4400 3 0.11749317082686792 0.6814466099499995 0.7781985274654556 0.9701645562135064 0.3994698903884337 0.6681009881393349 5.320799883324032 
0.1486 1 0.12140937626360582 0.72632607386 0.6365900172097841 0.7473322448386515 0.4238677250618029 0.5448745435218022 4.29276578610785 
0.3334 2 0.14081051862634603 0.7780034505000001 0.7862713872709444 1.001391855174664 0.4594069845631731 0.753944203066835 6.4664788679873695 
0.3848 2 0.11968127252219088 0.81178613703 1.4471564198344655 1.637436152560482 0.46573370477609544 1.0913306200754935 44.735853230831715 
0.4821 3 0.09516061288362031 0.6448379452899998 1.194477820053243 1.4012469183339646 0.3699992790868101 0.8697437360341528 7.59902571202742 
0.2875 2 0.1456869952070087 0.7028385312700001 1.3517258100611058 1.696172331040504 0.42426276323850437 1.1550097786865545 19.899511005895395 
0.6821 3 0.14648692275271977 0.8288191191800001 2.2692688576679565 2.646055380060042 0.48765302096635993 1.7805093166681598 309.0068332579002 
0.1754 1 0.11020157809946579 0.71792807679 0.6800645193578467 0.8320601333731047 0.41406482744473294 0.5864714666178826 4.329550328025848 
0.0503 1 0.13634957864314032 0.6879715998600001 0.5869542253592611 0.792923609150455 0.41216058925157023 0.5847073770589227 4.176272260093218 
0.2327 2 0.1234891103672323 0.6639284571799999 0.8381910772178905 1.044799537993685 0.3937087837736161 0.7060946873673598 6.328852590089409 
0.0279 1 0.15210447311628328 0.5945141117299999 2.0052296254423845 2.5690482806102515 0.3733092924231416 1.5891349663871432 29.4013572841435 
0.1860 1 0.2474761019458916 0.5219415167400001 1.0027823760319152 1.4654321451082342 0.3847088093429458 1.061123739606004 5.352662882147109 
0.3086 2 0.12561259720219708 0.71613346813 0.999492061483404 1.2054059887865038 0.42087303266609855 0.8047902978559315 8.163578785960574 
0.5185 3 0.1709410351670486 0.7547878315899997 1.0460331071938629 1.4458372645944242 0.4628644333785242 1.1250385145207793 10.773937786570476 
0.3044 2 0.1259749319352368 0.75467851996 0.6549070845823529 0.8039428523137327 0.4403267259476184 0.60288900998681 4.789966581547452 
0.5786 3 0.13086338576984075 0.7121862447999998 0.875550241519146 1.101503839861473 0.42152481528492025 0.772382088522499 6.385619099191261 
0.4247 3 0.15840376320312685 0.7765916718399999 1.102833757948571 1.392683849104055 0.4674977175215634 1.0425083026603204 13.65451506883936 
0.5526 3 0.1284987381966421 0.75506243015 1.9584902654072267 2.38328427252888 0.441780584173321 1.5253938705845047 54.59224285924121 
0.6580 3 0.14749553530861334 0.8002087577100003 0.8284979774708796 1.0250754970334688 0.47385214650930685 0.7938720484500993 8.69685013415632 
0.2180 2 0.12716360498160678 0.7081179906000001 1.040537549901201 1.2819227480086934 0.41764079779080343 0.8872057113334519 10.016708932805725 
0.1088 1 0.12466957722122037 0.7580425288199996 0.7172573620800518 0.858813033273364 0.44135605302061 0.6332229787783844 5.429952410937368 
0.0015 1 0.11897287518323274 0.6837554119800002 0.4995304877596327 0.6211095969662023 0.4013641435816165 0.459340514027593 3.437751982491182 
0.1857 1 0.11189498922316518 0.6888056152299997 0.46290590114433067 0.5842738627660625 0.40035030222658247 0.4413375131067488 3.0164180896338246 
0.1826 1 0.13356795385194695 0.7296199996499999 1.156430050323066 1.4513034958701279 0.43159397675097344 1.0071616120586957 14.103310384944178 
0.4350 3 0.1021833900755404 0.6498324464899999 0.8995647806630479 1.1181047888247084 0.3760079182827702 0.7184933657210167 5.747730249887178 
0.1866 1 0.13168834403893132 0.73739510726 0.9079282792641671 1.0647648398132825 0.4345417256494657 0.7421021679935688 9.168603876184664 
0.2457 2 0.12552319593176 0.7238209066700001 0.8424055881663266 1.0437295655262118 0.42467205130088004 0.7358985050582897 6.653997866236831 
0.2668 2 0.15234634583685358 0.8298493672899998 1.2999954653129875 1.45218459474564 0.4910978565634267 1.0564027324213021 22.450798985936203 
0.9255 3 0.15235246003492836 0.7979149190500002 1.4781577027642314 1.9313763616718136 0.47513368954246427 1.483566006750247 34.95339949989745 
0.3299 2 0.19473868957216928 0.7195373890600001 1.2105972231039237 1.617926363812468 0.45713803931608465 1.1906968894102163 13.787611102739524 
0.0577 1 0.11819831808420583 0.7173064451599999 0.690694209415489 0.8553651073655048 0.4177523816221028 0.6047284656123686 4.436838185274061 
0.4762 3 0.1481409252174134 0.7661174920499999 0.9042294868318491 1.1263479248343748 0.45712920863370665 0.8347664483612027 8.642812860782389 
0.1235 1 0.12518532566860127 0.7458279746899998 0.627343117097074 0.8061164996789644 0.43550665017930057 0.6105027541795299 4.200783473840569 
0.1734 1 0.14157058607937292 0.6192779694399997 0.8436306048400326 1.091633866988272 0.3804242777596863 0.7309502838986547 4.856166395712296 
0.1535 1 0.13301859320335002 0.7538631514600003 0.7063313334901788 0.8915026878464608 0.4434408723316752 0.6675460607833751 5.382289578684655 
0.4371 3 0.1434763598320895 0.7997828063200003 1.0340484317329774 1.2272973108251302 0.4716295830760449 0.9217203505337431 13.277558638218686 
0.1456 1 0.11553631299616234 0.7111399861599998 0.4245495107055594 0.5310559340930752 0.41333814957808107 0.4145678215002846 2.9076716640531903 
0.1849 1 0.1372958250504345 0.7574060492399999 0.858799246219962 1.0531149098010866 0.4473509371452172 0.7644023710946009 7.774132918902224 
0.0417 1 0.10323786860624277 0.6167823722 0.6021303894936898 0.7649573272796845 0.36001012040312136 0.503328035006198 3.4029728665398116 
0.2484 2 0.1374356609169851 0.8203346354000001 3.31965990329328 3.763159128494775 0.4788851481584926 2.2923654099288093 2427.6650020393395 
0.2590 2 0.12002621766013791 0.71616601148 0.9118139020677647 1.0925469460190533 0.41809611457006896 0.7445092944018751 8.067516917233569 
0.1537 1 0.13554669776163242 0.7574465958900003 0.6736376683333128 0.8173000636224946 0.44649664682581636 0.6277972991761986 5.2702002359228075 
0.0839 1 0.1368131595372983 0.7204667475900003 0.6339397750413481 0.8158298497436564 0.4286399535636493 0.6100929385097827 5.147161746674403 
0.2691 2 0.14134057107539072 0.7151561138100002 1.4228715133677021 1.8076604986310514 0.4282483424426955 1.2142599266033036 24.264724108567165 
0.1622 1 0.14127086501467695 0.7777922019099996 0.9904922882839319 1.2054767531726427 0.4595315334623383 0.8946747236629998 10.77517513459467 
0.0665 1 0.12274225017319265 0.7521433542000001 0.786682779958609 0.935109057588762 0.43744280218659637 0.6708248033005947 4.701136731285194 
0.1546 1 0.1155892369775636 0.69808315877 0.49969199131470915 0.615645607682966 0.40683619787378184 0.46630283604160216 3.322753815531574 
