0.0000 1 0.14751133048692472 0.6822701082200002 0.9657757793086144 1.272149581722601 0.41489071935346244 0.8865475878104545 8.966438145893594 
0.0000 1 0.10319367889699657 0.72436228309 1.096219346552119 1.3196902000319006 0.4137779809934983 0.8367505212910509 5.889208627353453 
0.0000 1 0.08678258106768023 0.5854321372600001 0.26714202764119815 0.3445954466440122 0.33610735916384016 0.253235915706779 1.7684476324817502 
0.0000 1 0.13683827316448455 0.72266245247 1.284420897758286 1.5883437162128045 0.4297503628172423 1.0990562313139267 15.543366349500907 
0.0000 1 0.11491040194514247 0.7143552709199998 0.7682741422562349 0.9092608982714155 0.41463283643257115 0.6248094728464632 6.1146090269469475 
0.0000 1 0.14715125039971627 0.7536154876900001 1.0292834554770303 1.3513745493149678 0.4503833690448582 1.018036005141986 10.638663696977192 
0.0000 1 0.11473927945074583 0.6910648094300006 0.6101546341568657 0.7218181529182158 0.4029020444403732 0.5066845190094441 3.356379335046776 
0.0000 1 0.13025927119674444 0.75659368188 0.6776339500197588 0.8398633657926177 0.4434264765383722 0.6301015591744883 5.274004779849187 
0.1218 1 0.13081866127677372 0.6764356490299999 0.9537852274148171 1.2273165656635312 0.40362715515338676 0.844852532078683 7.066957771113099 
0.5184 3 0.11949132913435952 0.7218614825200003 3.1641511414198855 3.650853994865795 0.4206764058271799 2.169646662959645 343.18589828362775 
0.0656 1 0.1300028521736369 0.72996972029 0.6636931076299752 0.8464751504663613 0.42998628623181845 0.6237708961629502 5.018755354427967 
0.0182 1 0.11108395650579404 0.6581927679199997 0.5536332404301253 0.6717375857969446 0.3846383622128969 0.46820507784111726 3.430709106856624 
0.6488 3 0.18046966542884707 0.6891068655999999 1.5548043207253737 2.007863582234863 0.4347882655144235 1.3881430037157874 19.59658761967036 
0.0273 1 0.11938989145647258 0.6612488806999998 1.210046374691647 1.4814169945158497 0.3903193860782362 0.9357110985231668 11.667388480301646 
0.1342 1 0.12847185858834165 0.7400805329799998 0.5728459166932788 0.7340006088488177 0.4342761957841707 0.5688764255090251 4.034841457678547 
0.0848 1 0.11384392211261588 0.7374953529699997 0.5327555453099444 0.6593558628952115 0.42566963754130777 0.5056408058925045 2.935602601747192 
0.0262 1 0.1272493316980143 0.6818945295499999 0.7400612230293744 0.9355238455610982 0.4045719306240071 0.661717220227334 5.655014047626202 
0.1730 1 0.18975784211272473 0.6264424551099999 1.174311281395207 1.5646932531591613 0.4081001486113623 1.1096764309153928 9.011575781858307 
0.5807 3 0.13253724185885216 0.80678347577 1.1499711713283796 1.3668522762245912 0.4696603588144261 0.9789400870581253 12.489343730050631 
0.2988 2 0.12243714633071799 0.7228110476599998 0.6347224156484687 0.8026591570638797 0.4226240969953589 0.5851237090295539 4.159450780143039 
0.1017 1 0.116074071256189 0.6450507415899999 0.9715661683085313 1.2248209612669123 0.3805624064230944 0.7820885025209572 6.922124374558514 
0.3323 2 0.13909435198823777 0.59705248846 0.9356626850157316 1.2428705159788545 0.36807342022411893 0.8019482934273451 5.504447684391106 
0.2747 2 0.15114550740331212 0.7670636961400001 0.8953273861427778 1.141958928423654 0.45910460177165613 0.8635725206831703 9.491422978395436 
0.0833 1 0.12775898164265687 0.7437115156900002 0.5921835742666514 0.6962030055514996 0.4357352486663285 0.5261336939544369 4.379735098302362 
0.1507 1 0.12367991099093302 0.7328924479000002 0.8145979323891991 0.9757477393626506 0.4282861794454666 0.6784601688608459 7.228306787983843 
0.4231 3 0.10628420665847606 0.6070876536399998 0.818010491066327 1.0176877684156589 0.35668593014923794 0.6638062906298791 4.174052504767152 
0.7780 3 0.18528943546057883 0.5832653940000001 1.4913708445395968 2.0142636746802927 0.3842774147302895 1.3573926967528815 12.411561371153581 
0.3726 2 0.13489459028045822 0.76704998614 0.7379266855543226 0.9272282096024668 0.4509722882102291 0.6970487945123969 6.392528490810841 
0.4141 3 0.10033751045672502 0.6410224862599999 0.7904215192780609 0.9767358279829251 0.37067999835836246 0.6177218725916815 4.28407406042773 
0.6750 3 0.16919543811268334 0.6780926740600001 1.4041514912306192 1.8422091672542904 0.4236440560863417 1.2907145329718672 12.857224431715453 
0.6539 3 0.15125917706378764 0.7767010861199999 0.6284285092943233 0.8131228423695971 0.4639801315918938 0.6500992874211197 5.375333515078725 
0.1012 1 0.18485304544060577 0.5905720544899997 0.7002215142921461 1.069129201459812 0.38771254996530274 0.8306142073554247 4.229935210530121 
0.1738 1 0.12303500752739711 0.5952389386699999 0.6663312147089528 0.8992440213015915 0.3591369730986985 0.6168479589648486 3.6369391177408086 
0.0815 1 0.1187935131248271 0.6595973076500001 0.6241194660639475 0.7984778017388157 0.3891954103874136 0.5821709349353672 3.798417591286206 
0.1491 1 0.12406068656374052 0.6727680584899999 1.1437077838652234 1.424773154900362 0.3984143725268702 0.9389416083422546 11.054766485443157 
0.0667 1 0.12523936578574013 0.72621209376 0.7381353175728013 0.9292402767905633 0.42572572977287004 0.6633138893425836 5.6276368532188705 
0.0273 1 0.10264671972055413 0.5854918362199999 0.5545455828456092 0.7019556116138563 0.34406927797027703 0.46685829027284625 3.1364610081038404 
0.0136 1 0.12084430458709874 0.7691494532500001 1.0610572745348803 1.2538117338508175 0.4449968789185494 0.8684623890144478 11.318450557037943 
0.1867 1 0.13382704371300258 0.7267087945899997 1.231740924505612 1.504851299760037 0.43026791915150114 1.041727961269412 11.470550423180253 
0.1168 1 0.31139285587180704 0.46446853864 0.9431381742637244 1.4317205480805457 0.3879306972559035 1.064595171414937 4.5995191953104575 
0.0145 1 0.31361812091220115 0.5000907442699998 0.8104017914092576 1.1484948118648735 0.40685443259110043 0.8541401443257352 4.2210649098777955 
0.1048 1 0.12748657584401965 0.7483448283800002 1.5570837945055667 1.8403522220237503 0.4379157021120099 1.2145413520854509 35.1630143827758 
0.1163 1 0.13942778645614584 0.6459457504099999 0.9589406279752702 1.1832455144715754 0.3926867684330729 0.7971689732479285 6.942458959926644 
0.2078 2 0.16414727257346584 0.7463407936700002 1.6553646841136371 2.1393266932020985 0.455244033121733 1.4947519364971233 30.336153927632438 
0.2097 2 0.1388105518459979 0.7289386743 1.243073262377255 1.534080944900331 0.43387461307299896 1.0502922358489784 13.97163342122997 
0.2431 2 0.11440737410223337 0.6382744264900003 0.6974330766687679 0.8972785551788278 0.37634090029611683 0.620638020254945 3.870294454569263 
0.1081 1 0.11177809635146725 0.609573193 0.6712869312982365 0.84196727868126 0.36067564467573365 0.5655108706554725 4.235190178958137 
0.2570 2 0.12540857684123513 0.6997503021399999 0.6407133142351 0.7643290058972735 0.4125794394906175 0.5437304332555722 4.5979919611155475 
0.0783 1 0.09563969773178937 0.63130446662 0.4435394582399182 0.5234315101673697 0.36347208217589466 0.3583097037953889 2.4716470890213316 
0.0409 1 0.09820855273178761 0.61427945343 0.4710275232700511 0.6019925192691912 0.3562440030808938 0.416742299547504 2.8000774301281557 
0.5366 3 0.10911964642541079 0.7191666646299997 1.9061524242040215 2.1769769355324624 0.41414315552770525 1.3319224058731407 69.83954650352555 
0.6623 3 0.1616993177420672 0.7058851162500002 1.9646989988890742 2.5660007520281916 0.43379221699603365 1.7473394445600532 24.56120239263662 
0.1353 1 0.15111052387470675 0.7619289584100002 0.9094133104608674 1.172795403386897 0.4565197411423535 0.8678275343776225 8.533153965183597 
0.5010 3 0.13132733943949806 0.7417273443899999 1.7386672118023017 2.206029391078012 0.43652734191474896 1.4872423894332774 28.159911503238412 
0.3787 2 0.22669860769576863 0.67936854679 2.2846985951971575 3.053262163035627 0.45303357724288434 2.3121173576131206 40.876091772405715 
0.3288 2 0.12134453355175108 0.7125791903300003 0.7545960687066954 0.9439009846825082 0.4169618619408757 0.6658812830945698 5.95223225648606 
0.0430 1 0.10810878623048144 0.70199060549 0.6025106445340009 0.7345532369850859 0.40504969586024075 0.5227008897490943 3.917958918581998 
0.1841 1 0.12432163865537899 0.7544935490499999 1.474789416959102 1.7327195274954286 0.43940759385268946 1.1208535559771262 21.845876832295435 
0.2609 2 0.11848544015395605 0.7591673477999998 0.6446257138048872 0.7922266589421147 0.4388263939769779 0.5891171536688193 4.355377132222674 
0.3574 2 0.12124390118157417 0.7070335644400002 0.6519272392081088 0.7792492616134126 0.41413873281078717 0.5651114574469004 4.611692139674503 
0.3301 2 0.13358624024046337 0.7696462813699997 0.8337646715925526 0.9956108111047686 0.45161626080523154 0.7380849922267838 5.9711326666974704 
0.0004 1 0.10739377084384427 0.69417378122 0.45943162297017853 0.5586158005248781 0.4007837760319221 0.4128146334859691 2.469670446006229 
0.0631 1 0.11333162055779564 0.6861229972099998 1.0082840309227756 1.2216707144942864 0.39972730888389774 0.7931533050493002 9.176895570947934 
0.1501 1 0.13201197492504188 0.6244966745099998 0.8172527646939851 1.0684001764875564 0.37825432471752085 0.7125916938452783 5.586885405720007 
0.4453 3 0.14453636071210743 0.78339588846 1.1114376818091471 1.3359624570248938 0.4639661245860537 0.9531900348192532 15.028389556802296 
0.0245 1 0.13096307124221385 0.7376721937400001 0.9342666918212305 1.1201823338016998 0.434317632491107 0.785034137506102 9.44531632708662 
0.2687 2 0.14444980146670244 0.7896096009800002 1.039300845960005 1.2427709966870357 0.4670297012233513 0.9229336449110122 12.430162851188392 
0.2376 2 0.13491685525725342 0.75913207106 0.6562933767341685 0.7877788930215425 0.4470244631586267 0.6047463386932518 4.736451272457144 
0.2430 2 0.11835146934886528 0.71347128163 0.4325917289118525 0.5357405704984255 0.41591137548943263 0.42658640998204816 2.9402299001680015 
0.1434 1 0.10677422851069464 0.6960828777099998 0.5456967697070302 0.7149613357099035 0.4014285531103472 0.5092919765891215 3.0460828669276956 
0.0027 1 0.12052018499428126 0.7306302618299998 0.5443334061990559 0.6719411574206594 0.42557522341214055 0.5081945365961961 3.4618863433681555 
0.1754 1 0.1456162996058628 0.7595047174299999 1.4673717772745491 1.831685260540932 0.4525605085179314 1.2832359213425786 31.33383902931046 
0.2959 2 0.12334221661006095 0.7487514074200002 0.6497793526920286 0.7892123760960515 0.4360468120150306 0.5798347371138549 3.919720943008714 
0.0195 1 0.17560118722688325 0.6786090953700001 0.7483697799872938 1.0462026674694807 0.4271051412984417 0.7817860915256972 5.512491848839181 
0.0791 1 0.10100668024392322 0.5856457150499996 0.51512353803048 0.6587836239769559 0.34332619764696143 0.4489836016176286 2.822305222244939 
0.1365 1 0.1072813514555344 0.69505353712 0.611875823547259 0.7508622789868911 0.4011674442877672 0.5321180508898533 4.260048941601595 
0.0176 1 0.12101306892904172 0.71220719777 0.7197082924092516 0.8866136783651685 0.41661013334952085 0.6254813402590949 5.843515214671116 
0.4474 3 0.11829485319450282 0.72496874284 0.8410842734788818 1.0060538971342248 0.4216317980172514 0.6959752021407406 5.458184516052795 
0.1241 1 0.146471982523204 0.61461999771 0.8501936122633609 1.110602735192953 0.380545990116602 0.7690084906181841 5.715038106375172 
0.3199 2 0.11328168393090672 0.7097361442200001 0.8605087935577738 1.033618269268039 0.4115089140754534 0.7102524391476932 5.9210282171930935 
0.3346 2 0.10116188864878736 0.6161424921999997 0.6113933696949497 0.7941122501597228 0.35865219042439356 0.5205400813116439 3.4624361249717914 
0.8679 3 0.13422706677889967 0.75795874943 1.7517542061166471 2.100708580998034 0.4460929081044498 1.4002000546589055 30.261386494173426 
0.2142 2 0.10879783434622875 0.7004342602300001 0.39106156975953865 0.48979377525628454 0.4046160472881144 0.37383459763358606 2.380865141103035 
0.0917 1 0.13432371058687329 0.75517541901 1.7582836867527423 2.037354307518781 0.44474956479843664 1.3489782580776897 50.04005429178518 
0.1318 1 0.16623855427839665 0.5322846427500002 0.7492243856466315 1.060789965074937 0.3492615985141984 0.73815305683896 3.710881397619633 
0.2695 2 0.10093602555367899 0.6860128640700003 0.7607487159396422 0.9409754884870608 0.39347444481183963 0.6279929477106296 4.659059680094236 
0.2561 2 0.12694160073934058 0.75188898949 1.2513145537319468 1.5571187262528496 0.4394152951146703 1.0492132725133028 11.983311486189926 
0.6573 3 0.12097185060742278 0.7489441208999998 1.8435960863450613 2.116164285448668 0.4349579857537113 1.3633095947711367 73.50980781904249 
0.1416 1 0.13169505503654938 0.7084981654899998 0.786655041720906 0.9584587748909116 0.4200966102632746 0.6890952204984707 6.636292990381471 
0.1664 1 0.11683533020999161 0.6772118791099999 0.5704883450379677 0.7445013499445657 0.39702360465999575 0.5479260957929736 3.6604368972719 
0.2542 2 0.13807805784104354 0.7394382950299998 0.5915498619680181 0.692157160650829 0.4387581764355217 0.5381108377833062 4.574440943572321 
0.2724 2 0.1340251102029558 0.84511235 1.237602905338652 1.5126839381420483 0.4895687301014779 1.0764642379150136 18.100028545522687 
0.2782 2 0.10770110579953657 0.6935941854499998 0.6165630894925328 0.7385064378110153 0.4006476456247682 0.5321385031249659 3.970799209433373 
0.4671 3 0.14372325260143945 0.8244481338499998 0.8806262731538559 1.0778079855937848 0.48408569322571965 0.8527076893186372 5.03846091850198 
0.2218 2 0.12011033021995007 0.6060999713300002 1.0790377296443667 1.3864126471416176 0.3631051507749751 0.8493386929488494 7.2434892539787334 
0.2433 2 0.0876735382213872 0.60402708563 0.3794018665214312 0.4760110759769576 0.3458503119256936 0.3426954614375024 2.1638647457979783 
0.1620 1 0.12015742071057625 0.6181592386900001 0.7758467532385623 0.981461563503761 0.36915832970028817 0.6531978280874842 4.804533612785681 
0.7359 3 0.11851368625048238 0.7406782712500001 2.320026039651028 2.8789477881469683 0.42959597875024125 1.9771620139969204 115.22108507740327 
0.2393 2 0.12930144330416904 0.7430443518400001 0.6431773128188533 0.7905728278148326 0.43617289757208455 0.5994257679329252 4.224604632927757 
0.3754 2 0.11773380218800937 0.7348773373100002 0.6325596726949425 0.7502877522424874 0.42630556974900474 0.5464311684578408 3.4951888366780954 
0.1168 1 0.15975370609083922 0.70977613711 1.0254315007920116 1.335937286865766 0.4347649216004196 0.9444152535578227 8.596071403468049 
0.1539 1 0.11391646450836751 0.6782302987300002 0.859324009953218 1.0686363012521334 0.3960733816191838 0.7217958651793372 5.249948697719256 
0.3306 2 0.18151467937127605 0.8270988129599998 1.2185452175358156 1.5134965577099917 0.5043067461656379 1.2051002424672814 26.268466497336817 
0.6085 3 0.14995837389542843 0.6753387385199999 1.4659268425411138 2.0439086104267847 0.4126485562077142 1.445990297545454 15.799996539577796 
0.0028 1 0.10093354006960849 0.6704449484399999 0.68989734787037 0.8267543361342274 0.3856892442548042 0.555367449131561 4.18601389913238 
0.0354 1 0.1423173553730503 0.7039723450299998 1.2583706254024885 1.5510257722380092 0.42314485020152504 1.060546128618841 14.89954669563152 
0.1304 1 0.13462563930003105 0.75043735917 0.8017503996041526 1.0081813171567107 0.4425314992350155 0.7330811952282638 7.416696787282563 
0.0291 1 0.1121240288613938 0.6101631879600002 0.619832523608554 0.7987359289296755 0.36114360841069704 0.5376988903945557 3.5392867269480472 
0.0163 1 0.12817592080716528 0.6270460112699999 0.6159608957704606 0.8305969191079758 0.3776109660385826 0.6062186287779214 3.2268152783574466 
0.2069 2 0.0955668062640323 0.5910333164500001 0.4280942118766622 0.5058620014210238 0.3433000613570162 0.33122560819805474 2.337802564881549 
0.0123 1 0.13482950655558798 0.7057962770899998 0.8078393413950785 1.015061557035776 0.4203128918227939 0.7138237962747671 6.189290573960501 
0.0502 1 0.11263707358037642 0.64099417087 0.7939551965035492 0.9291531363028285 0.3768156222251882 0.576660168078102 5.186227788443349 
0.0078 1 0.13707747747627713 0.73029491836 0.7252336765046353 0.9310978354932321 0.43368619791813856 0.6916366220205419 5.488743513603641 
0.1051 1 0.11342252774962779 0.6801633559500002 0.7698730204619857 0.9525912153263297 0.396792941849814 0.6513195306548715 5.987493813457538 
0.6066 3 0.12680303521235864 0.69300177662 1.0913874486410038 1.5562561226263867 0.4099024059161793 1.1345490585248208 11.018190870670852 
0.0770 1 0.11477127803217421 0.7385423425300001 0.8095965387805668 0.9819151658866748 0.42665681028108715 0.6862858394245721 4.772735694474582 
0.6407 3 0.13017141292740309 0.6055504125300002 1.0883116328531723 1.4727957338750324 0.36786091272870164 0.8777176552753403 6.0912066346673575 
0.0296 1 0.10790297693261222 0.7092704372500002 0.5230284402868365 0.6389535443342703 0.4085867070913062 0.47904253171964545 3.117453802294933 
0.1652 1 0.11075818391682599 0.6957058909500001 0.6227518064787053 0.7799380801192988 0.40323203743341307 0.5503040161291577 3.6863525147683402 
0.5640 3 0.11012878995726232 0.7007793421100001 0.47929162207868026 0.5696883724746519 0.4054540660336312 0.42202977781475026 2.822059959833956 
0.2685 2 0.10708770261679797 0.66245633496 0.6043821813201659 0.7214624973697836 0.384772018788399 0.5122475027554085 4.109912116674132 
0.2921 2 0.14443113736537205 0.7799362599000003 1.2437606927967264 1.5015796812659705 0.46218369863268616 1.0967355898106848 22.687506076484706 
0.7402 3 0.17926788530677668 0.8086172595500003 1.6833794540200984 2.1853718529129984 0.49394257242838846 1.6709861042142318 36.632717379991256 
0.0257 1 0.1352028292305587 0.7018806866300001 0.7446540761508489 0.9342085424745148 0.4185417579302794 0.6911310537816397 6.289099198673288 
0.4398 3 0.12320059444799768 0.6748132673 0.6994718976182223 0.9005637797931922 0.39900693087399886 0.6289541283975293 4.494521246556906 
0.0804 1 0.10504696900944431 0.6468806980099997 0.4528261274018067 0.5849008225509176 0.375963833509722 0.4334660742418648 2.635669985520795 
0.2403 2 0.16963502922024962 0.7057692687500001 0.946495048587856 1.24936842167383 0.4377021489851249 0.9235183393213536 7.832794957090343 
0.1834 1 0.14643466260136678 0.7953851082900001 0.769993741744806 0.9507464731676641 0.47090988544568346 0.7526445725918401 6.999183484448456 
0.5016 3 0.13373794505701336 0.6506688475300001 1.8510304148718792 2.2061627060527873 0.39220339629350676 1.4057788713785846 43.64609029826417 
0.4045 3 0.1489934958405942 0.7388330795000002 1.1188904297220796 1.410831484930118 0.4439132876702972 0.9987043219313793 15.384388539570889 
0.6969 3 0.24703173745155366 0.6217201629500002 1.794078339508783 2.4863119104428724 0.4343759502007769 1.9332453327793595 23.56749529344094 
0.2465 2 0.1241829446826105 0.7460859442000001 0.7790152720687027 0.9219708398807696 0.4351344444413053 0.6622501975350494 6.235739088275567 
0.1470 1 0.11698666719819471 0.7164212801699998 0.5401985754811209 0.6850944453739605 0.4167039736840973 0.519966312138209 3.394486671330379 
0.1450 1 0.12268832803920718 0.77590728603 0.6838650017940985 0.8004591113761771 0.4492978070346036 0.5977483927134603 2.9016050622368037 
0.5711 3 0.1403642878580891 0.7567900589100001 1.7275666240343164 2.1084233331640787 0.44857717338404457 1.4568324314542551 47.24109616095615 
0.2590 2 0.12062683135671726 0.6636749490000001 0.7109537142403859 0.9144848141509062 0.3921508901783587 0.6450101751844669 4.170295979695521 
0.0668 1 0.11565547110183143 0.6690505827900002 0.8223626891154237 1.030110038062129 0.3923530269459158 0.7007383147631374 6.548438451392375 
0.3036 2 0.1116270681995571 0.6067803035800001 0.736516037508689 0.950812059189996 0.35920368588977863 0.5888560417601069 4.388225317292957 
0.2312 2 0.12572509295931755 0.7927760475300001 1.9274148852624646 2.3754094461692152 0.4592505702446588 1.4567026394429619 55.496176415088584 
0.0314 1 0.17869264628017326 0.6384622859999998 0.861469657110101 1.1601785716257964 0.4085774661400865 0.8555864525490079 6.190672064243687 
0.0507 1 0.1299491572438273 0.6510962581799998 0.8861518707256558 1.1142384533599057 0.39052270771191355 0.7673276961676688 6.7601431607502285 
0.2189 2 0.11923140389363335 0.74398691397 0.5072756188568404 0.6120170003416298 0.4316091589318167 0.48021092336961474 2.8698208542117847 
0.3792 2 0.1774743248401488 0.6251243968899999 0.8204924975536283 1.109422217620965 0.40129936086507434 0.8013140450089746 5.007304528487347 
0.8875 3 0.023747474139368976 0.5798364797900001 1.313627912324798 2.081534621905864 0.3017919769646845 1.7396292403755187 11.923246508040219 
0.0455 1 0.11070574147806146 0.7115679210400001 0.5442773986198288 0.6682051103531507 0.4111368312590308 0.48887106235493605 3.6052392971775364 
0.3944 2 0.13250644900676478 0.7311752302100001 0.9618732653670671 1.1819806864258742 0.43184083960838243 0.8528018186978107 15.440696705996793 
0.6433 3 0.1752190753353102 0.8386182326399998 1.6518831682150583 2.1792524966066242 0.506918653987655 1.7280313050483829 44.83365786453498 
0.2629 2 0.12041149473703228 0.70611646994 0.9252532676410788 1.136968241065937 0.41326398233851613 0.7592937284508461 7.686473044256572 
0.3840 2 0.1326333775055772 0.7704993819699996 1.2150573554699966 1.4867814787818723 0.45156637973778835 1.0327956671163552 13.136115150147113 
0.0658 1 0.13234471764059466 0.7311464899900002 0.5498529537253851 0.6644426525192253 0.4317456038152974 0.5054978452668866 4.027889565549889 
0.2127 2 0.1448332921883304 0.74918857329 1.175528601482219 1.473166950277905 0.4470109327391652 1.055966138637904 13.916431079438365 
0.1660 1 0.1522808868733817 0.8103356721600002 1.1138900534647669 1.334113596035025 0.481308279516691 1.024898014061727 17.134628525645155 
0.1486 1 0.12140937626360582 0.72632607386 0.6365900172097841 0.7473322448386515 0.4238677250618029 0.5448745435218022 4.29276578610785 
0.2824 2 0.1392676809570374 0.7716146340200003 0.8273461608648406 1.026121662947516 0.4554411574885189 0.7650793588241107 6.497112675272972 
0.3334 2 0.14081051862634603 0.7780034505000001 0.7862713872709444 1.001391855174664 0.4594069845631731 0.753944203066835 6.4664788679873695 
0.3848 2 0.11968127252219088 0.81178613703 1.4471564198344655 1.637436152560482 0.46573370477609544 1.0913306200754935 44.735853230831715 
0.2875 2 0.1456869952070087 0.7028385312700001 1.3517258100611058 1.696172331040504 0.42426276323850437 1.1550097786865545 19.899511005895395 
0.0135 1 0.11949722326899812 0.70398626713 0.7094295955180062 0.8672249217866693 0.4117417451994991 0.6027818882375466 5.013139564102756 
0.6821 3 0.14648692275271977 0.8288191191800001 2.2692688576679565 2.646055380060042 0.48765302096635993 1.7805093166681598 309.0068332579002 
0.1754 1 0.11020157809946579 0.71792807679 0.6800645193578467 0.8320601333731047 0.41406482744473294 0.5864714666178826 4.329550328025848 
0.2327 2 0.1234891103672323 0.6639284571799999 0.8381910772178905 1.044799537993685 0.3937087837736161 0.7060946873673598 6.328852590089409 
0.4882 3 0.13769519798432098 0.8324731993400002 1.0742015048606433 1.3170797712971025 0.48508419866216057 0.941756123790719 15.410299077435209 
0.0279 1 0.15210447311628328 0.5945141117299999 2.0052296254423845 2.5690482806102515 0.3733092924231416 1.5891349663871432 29.4013572841435 
0.1860 1 0.2474761019458916 0.5219415167400001 1.0027823760319152 1.4654321451082342 0.3847088093429458 1.061123739606004 5.352662882147109 
0.5185 3 0.1709410351670486 0.7547878315899997 1.0460331071938629 1.4458372645944242 0.4628644333785242 1.1250385145207793 10.773937786570476 
0.1070 1 0.12312777850996379 0.6771669445899999 0.7908377233664686 0.995691431243414 0.4001473615499819 0.695168997986551 6.57390643983124 
0.3044 2 0.1259749319352368 0.75467851996 0.6549070845823529 0.8039428523137327 0.4403267259476184 0.60288900998681 4.789966581547452 
0.5786 3 0.13086338576984075 0.7121862447999998 0.875550241519146 1.101503839861473 0.42152481528492025 0.772382088522499 6.385619099191261 
0.5526 3 0.1284987381966421 0.75506243015 1.9584902654072267 2.38328427252888 0.441780584173321 1.5253938705845047 54.59224285924121 
0.5795 3 0.1386043429799085 0.81305985582 1.5760828059487657 1.8908080544287014 0.47583209939995424 1.3874977178463244 49.55636523168832 
0.6580 3 0.14749553530861334 0.8002087577100003 0.8284979774708796 1.0250754970334688 0.47385214650930685 0.7938720484500993 8.69685013415632 
0.2180 2 0.12716360498160678 0.7081179906000001 1.040537549901201 1.2819227480086934 0.41764079779080343 0.8872057113334519 10.016708932805725 
0.0015 1 0.11897287518323274 0.6837554119800002 0.4995304877596327 0.6211095969662023 0.4013641435816165 0.459340514027593 3.437751982491182 
0.4057 3 0.14368532260366643 0.6207678679399998 0.8705673300370331 1.1325291295176885 0.3822265952718331 0.7834660998666487 5.334055411193643 
0.1857 1 0.11189498922316518 0.6888056152299997 0.46290590114433067 0.5842738627660625 0.40035030222658247 0.4413375131067488 3.0164180896338246 
0.1826 1 0.13356795385194695 0.7296199996499999 1.156430050323066 1.4513034958701279 0.43159397675097344 1.0071616120586957 14.103310384944178 
0.1866 1 0.13168834403893132 0.73739510726 0.9079282792641671 1.0647648398132825 0.4345417256494657 0.7421021679935688 9.168603876184664 
0.1586 1 0.1263820572648665 0.63296977344 0.6978018415028667 0.9264607239762971 0.3796759153524333 0.6574148962558237 4.1492863372910325 
0.2457 2 0.12552319593176 0.7238209066700001 0.8424055881663266 1.0437295655262118 0.42467205130088004 0.7358985050582897 6.653997866236831 
0.2668 2 0.15234634583685358 0.8298493672899998 1.2999954653129875 1.45218459474564 0.4910978565634267 1.0564027324213021 22.450798985936203 
0.3299 2 0.19473868957216928 0.7195373890600001 1.2105972231039237 1.617926363812468 0.45713803931608465 1.1906968894102163 13.787611102739524 
0.7287 3 0.19238602552225562 0.81215324065 1.4493493743908292 1.98921008925019 0.5022696330861278 1.5869039503862927 26.378520200897356 
0.0577 1 0.11819831808420583 0.7173064451599999 0.690694209415489 0.8553651073655048 0.4177523816221028 0.6047284656123686 4.436838185274061 
0.4762 3 0.1481409252174134 0.7661174920499999 0.9042294868318491 1.1263479248343748 0.45712920863370665 0.8347664483612027 8.642812860782389 
0.1734 1 0.14157058607937292 0.6192779694399997 0.8436306048400326 1.091633866988272 0.3804242777596863 0.7309502838986547 4.856166395712296 
0.1561 1 0.12647867814625394 0.7421340601299999 0.8520635681338955 1.0293996555675786 0.4343063691381269 0.7238946068497096 7.937700266860117 
0.1535 1 0.13301859320335002 0.7538631514600003 0.7063313334901788 0.8915026878464608 0.4434408723316752 0.6675460607833751 5.382289578684655 
0.4371 3 0.1434763598320895 0.7997828063200003 1.0340484317329774 1.2272973108251302 0.4716295830760449 0.9217203505337431 13.277558638218686 
0.1849 1 0.1372958250504345 0.7574060492399999 0.858799246219962 1.0531149098010866 0.4473509371452172 0.7644023710946009 7.774132918902224 
0.0744 1 0.1030484503837586 0.6655000286800002 0.5923138990393204 0.7066374090452218 0.38427423953187945 0.4840425041637887 3.5643824470587093 
0.0417 1 0.10323786860624277 0.6167823722 0.6021303894936898 0.7649573272796845 0.36001012040312136 0.503328035006198 3.4029728665398116 
0.2484 2 0.1374356609169851 0.8203346354000001 3.31965990329328 3.763159128494775 0.4788851481584926 2.2923654099288093 2427.6650020393395 
0.1537 1 0.13554669776163242 0.7574465958900003 0.6736376683333128 0.8173000636224946 0.44649664682581636 0.6277972991761986 5.2702002359228075 
0.5340 3 0.12229635298018345 0.7138077354500001 1.3044534058485744 1.6106423318279541 0.4180520442150918 1.0511152878772525 12.473263238129661 
0.0839 1 0.1368131595372983 0.7204667475900003 0.6339397750413481 0.8158298497436564 0.4286399535636493 0.6100929385097827 5.147161746674403 
0.2691 2 0.14134057107539072 0.7151561138100002 1.4228715133677021 1.8076604986310514 0.4282483424426955 1.2142599266033036 24.264724108567165 
0.0665 1 0.12274225017319265 0.7521433542000001 0.786682779958609 0.935109057588762 0.43744280218659637 0.6708248033005947 4.701136731285194 
0.3407 2 0.1250235214757865 0.7873675053700001 0.9793124088711608 1.1470467583785242 0.45619551342289333 0.8451460692410923 11.479141136451723 
0.1546 1 0.1155892369775636 0.69808315877 0.49969199131470915 0.615645607682966 0.40683619787378184 0.46630283604160216 3.322753815531574 
