0.0000 1 0.10954513391124568 0.6687148157 0.55430367581124 0.6765037349183319 0.38912997480562284 0.45803065915134294 3.3530915109244073 
0.0000 1 0.14751133048692472 0.6822701082200002 0.9657757793086144 1.272149581722601 0.41489071935346244 0.8865475878104545 8.966438145893594 
0.0000 1 0.10319367889699657 0.72436228309 1.096219346552119 1.3196902000319006 0.4137779809934983 0.8367505212910509 5.889208627353453 
0.0000 1 0.08678258106768023 0.5854321372600001 0.26714202764119815 0.3445954466440122 0.33610735916384016 0.253235915706779 1.7684476324817502 
0.0000 1 0.10713770539225582 0.65773617546 0.698153316190643 0.8590603172027291 0.3824369404261279 0.5853945084503829 4.6471519956687075 
0.0000 1 0.11491040194514247 0.7143552709199998 0.7682741422562349 0.9092608982714155 0.41463283643257115 0.6248094728464632 6.1146090269469475 
0.0000 1 0.14715125039971627 0.7536154876900001 1.0292834554770303 1.3513745493149678 0.4503833690448582 1.018036005141986 10.638663696977192 
0.0000 1 0.11473927945074583 0.6910648094300006 0.6101546341568657 0.7218181529182158 0.4029020444403732 0.5066845190094441 3.356379335046776 
0.1769 1 0.15804898208082743 0.6045840962900002 0.8609383780748786 1.1466729654773216 0.3813165391854138 0.7882721663028847 5.153998287455589 
0.1218 1 0.13081866127677372 0.6764356490299999 0.9537852274148171 1.2273165656635312 0.40362715515338676 0.844852532078683 7.066957771113099 
0.5184 3 0.11949132913435952 0.7218614825200003 3.1641511414198855 3.650853994865795 0.4206764058271799 2.169646662959645 343.18589828362775 
0.0656 1 0.1300028521736369 0.72996972029 0.6636931076299752 0.8464751504663613 0.42998628623181845 0.6237708961629502 5.018755354427967 
0.3582 2 0.1788145225849959 0.5711043277200001 1.4316363432669001 1.926870977234304 0.37495942515249797 1.2543353036220448 10.461041659723461 
0.6488 3 0.18046966542884707 0.6891068655999999 1.5548043207253737 2.007863582234863 0.4347882655144235 1.3881430037157874 19.59658761967036 
0.0273 1 0.11938989145647258 0.6612488806999998 1.210046374691647 1.4814169945158497 0.3903193860782362 0.9357110985231668 11.667388480301646 
0.1342 1 0.12847185858834165 0.7400805329799998 0.5728459166932788 0.7340006088488177 0.4342761957841707 0.5688764255090251 4.034841457678547 
0.1374 1 0.13675645974589662 0.75102853985 0.8524239026558966 1.0454104505549808 0.4438924997979483 0.7647167021783701 7.955438696382231 
0.0262 1 0.1272493316980143 0.6818945295499999 0.7400612230293744 0.9355238455610982 0.4045719306240071 0.661717220227334 5.655014047626202 
0.1730 1 0.18975784211272473 0.6264424551099999 1.174311281395207 1.5646932531591613 0.4081001486113623 1.1096764309153928 9.011575781858307 
0.5807 3 0.13253724185885216 0.80678347577 1.1499711713283796 1.3668522762245912 0.4696603588144261 0.9789400870581253 12.489343730050631 
0.5976 3 0.12138111834629157 0.7956511907099999 1.5099738474575508 1.6711381742432059 0.45851615452814576 1.1326829063309047 75.40472475623969 
0.1017 1 0.116074071256189 0.6450507415899999 0.9715661683085313 1.2248209612669123 0.3805624064230944 0.7820885025209572 6.922124374558514 
0.3323 2 0.13909435198823777 0.59705248846 0.9356626850157316 1.2428705159788545 0.36807342022411893 0.8019482934273451 5.504447684391106 
0.2747 2 0.15114550740331212 0.7670636961400001 0.8953273861427778 1.141958928423654 0.45910460177165613 0.8635725206831703 9.491422978395436 
0.0430 1 0.13693672495517775 0.6706102114999998 0.6526284675936892 0.8729769607333879 0.40377346822758875 0.6411739730363533 4.340678738964054 
0.1507 1 0.12367991099093302 0.7328924479000002 0.8145979323891991 0.9757477393626506 0.4282861794454666 0.6784601688608459 7.228306787983843 
0.4231 3 0.10628420665847606 0.6070876536399998 0.818010491066327 1.0176877684156589 0.35668593014923794 0.6638062906298791 4.174052504767152 
0.7780 3 0.18528943546057883 0.5832653940000001 1.4913708445395968 2.0142636746802927 0.3842774147302895 1.3573926967528815 12.411561371153581 
0.2059 2 0.11056056794759486 0.6352951536000001 0.7224306718870998 0.9126562997385942 0.37292786077379747 0.613792712814724 4.276505687707053 
0.4141 3 0.10033751045672502 0.6410224862599999 0.7904215192780609 0.9767358279829251 0.37067999835836246 0.6177218725916815 4.28407406042773 
0.6750 3 0.16919543811268334 0.6780926740600001 1.4041514912306192 1.8422091672542904 0.4236440560863417 1.2907145329718672 12.857224431715453 
0.6539 3 0.15125917706378764 0.7767010861199999 0.6284285092943233 0.8131228423695971 0.4639801315918938 0.6500992874211197 5.375333515078725 
0.3468 2 0.15185080663569675 0.79302456112 1.2540655055426244 1.5529994179690145 0.47243768387784835 1.1388947629302333 20.78263906431149 
0.1738 1 0.12303500752739711 0.5952389386699999 0.6663312147089528 0.8992440213015915 0.3591369730986985 0.6168479589648486 3.6369391177408086 
0.0815 1 0.1187935131248271 0.6595973076500001 0.6241194660639475 0.7984778017388157 0.3891954103874136 0.5821709349353672 3.798417591286206 
0.1491 1 0.12406068656374052 0.6727680584899999 1.1437077838652234 1.424773154900362 0.3984143725268702 0.9389416083422546 11.054766485443157 
0.0233 1 0.14433913655328798 0.7202913157699996 0.752974011591483 0.9638028592112219 0.4323152261616438 0.6986357410949015 6.550986293720861 
0.0273 1 0.10264671972055413 0.5854918362199999 0.5545455828456092 0.7019556116138563 0.34406927797027703 0.46685829027284625 3.1364610081038404 
0.0136 1 0.12084430458709874 0.7691494532500001 1.0610572745348803 1.2538117338508175 0.4449968789185494 0.8684623890144478 11.318450557037943 
0.1867 1 0.13382704371300258 0.7267087945899997 1.231740924505612 1.504851299760037 0.43026791915150114 1.041727961269412 11.470550423180253 
0.4360 3 0.16473667542654166 0.7255626660299999 1.0416652026190718 1.356533437378238 0.4451496707282708 1.0037051416716218 12.656356961262523 
0.0145 1 0.31361812091220115 0.5000907442699998 0.8104017914092576 1.1484948118648735 0.40685443259110043 0.8541401443257352 4.2210649098777955 
0.1048 1 0.12748657584401965 0.7483448283800002 1.5570837945055667 1.8403522220237503 0.4379157021120099 1.2145413520854509 35.1630143827758 
0.1163 1 0.13942778645614584 0.6459457504099999 0.9589406279752702 1.1832455144715754 0.3926867684330729 0.7971689732479285 6.942458959926644 
0.0296 1 0.15893811018763931 0.7662674685299998 3.226569110673491 3.809309216220502 0.4626027893588196 2.4818881166061098 340.5133121583232 
0.2097 2 0.1388105518459979 0.7289386743 1.243073262377255 1.534080944900331 0.43387461307299896 1.0502922358489784 13.97163342122997 
0.2431 2 0.11440737410223337 0.6382744264900003 0.6974330766687679 0.8972785551788278 0.37634090029611683 0.620638020254945 3.870294454569263 
0.1081 1 0.11177809635146725 0.609573193 0.6712869312982365 0.84196727868126 0.36067564467573365 0.5655108706554725 4.235190178958137 
0.1946 1 0.16910589452943384 0.76438090642 1.0060047620717814 1.3101841887110575 0.4667434004747169 0.9964667053544958 9.911658390588418 
0.0783 1 0.09563969773178937 0.63130446662 0.4435394582399182 0.5234315101673697 0.36347208217589466 0.3583097037953889 2.4716470890213316 
0.0409 1 0.09820855273178761 0.61427945343 0.4710275232700511 0.6019925192691912 0.3562440030808938 0.416742299547504 2.8000774301281557 
0.5366 3 0.10911964642541079 0.7191666646299997 1.9061524242040215 2.1769769355324624 0.41414315552770525 1.3319224058731407 69.83954650352555 
0.3347 2 0.13090576359744122 0.7238701069400001 1.5106874535739911 1.8406219819450258 0.42738793526872065 1.23378569313445 24.31923454159088 
0.1353 1 0.15111052387470675 0.7619289584100002 0.9094133104608674 1.172795403386897 0.4565197411423535 0.8678275343776225 8.533153965183597 
0.5010 3 0.13132733943949806 0.7417273443899999 1.7386672118023017 2.206029391078012 0.43652734191474896 1.4872423894332774 28.159911503238412 
0.3787 2 0.22669860769576863 0.67936854679 2.2846985951971575 3.053262163035627 0.45303357724288434 2.3121173576131206 40.876091772405715 
0.0819 1 0.09795859847270603 0.5962742501700002 0.4975239897068369 0.6215029919207193 0.34711642432135315 0.41841050392549944 2.6379848731462077 
0.0430 1 0.10810878623048144 0.70199060549 0.6025106445340009 0.7345532369850859 0.40504969586024075 0.5227008897490943 3.917958918581998 
0.1841 1 0.12432163865537899 0.7544935490499999 1.474789416959102 1.7327195274954286 0.43940759385268946 1.1208535559771262 21.845876832295435 
0.2609 2 0.11848544015395605 0.7591673477999998 0.6446257138048872 0.7922266589421147 0.4388263939769779 0.5891171536688193 4.355377132222674 
0.0118 1 0.20852532443686547 0.5132433441099999 0.6073428457672628 0.8433883988290485 0.3608843342734327 0.62172378606476 3.0390506335895706 
0.3301 2 0.13358624024046337 0.7696462813699997 0.8337646715925526 0.9956108111047686 0.45161626080523154 0.7380849922267838 5.9711326666974704 
0.0004 1 0.10739377084384427 0.69417378122 0.45943162297017853 0.5586158005248781 0.4007837760319221 0.4128146334859691 2.469670446006229 
0.0631 1 0.11333162055779564 0.6861229972099998 1.0082840309227756 1.2216707144942864 0.39972730888389774 0.7931533050493002 9.176895570947934 
0.0447 1 0.13337705595641255 0.5139898134800001 0.6791698595197949 0.8921751191013161 0.3236834347182063 0.5949396219007054 3.3713940994885596 
0.4453 3 0.14453636071210743 0.78339588846 1.1114376818091471 1.3359624570248938 0.4639661245860537 0.9531900348192532 15.028389556802296 
0.0245 1 0.13096307124221385 0.7376721937400001 0.9342666918212305 1.1201823338016998 0.434317632491107 0.785034137506102 9.44531632708662 
0.2687 2 0.14444980146670244 0.7896096009800002 1.039300845960005 1.2427709966870357 0.4670297012233513 0.9229336449110122 12.430162851188392 
0.0183 1 0.10514138718963914 0.6850696911299996 0.7661499365960098 0.9032093604379611 0.3951055391598194 0.6063098074870784 5.271168286923504 
0.2430 2 0.11835146934886528 0.71347128163 0.4325917289118525 0.5357405704984255 0.41591137548943263 0.42658640998204816 2.9402299001680015 
0.1434 1 0.10677422851069464 0.6960828777099998 0.5456967697070302 0.7149613357099035 0.4014285531103472 0.5092919765891215 3.0460828669276956 
0.0027 1 0.12052018499428126 0.7306302618299998 0.5443334061990559 0.6719411574206594 0.42557522341214055 0.5081945365961961 3.4618863433681555 
0.1244 1 0.09833538536135426 0.6473031951999999 0.4868253050605828 0.5813400091889699 0.37281929028067706 0.39073444184949097 2.6345376593472962 
0.2959 2 0.12334221661006095 0.7487514074200002 0.6497793526920286 0.7892123760960515 0.4360468120150306 0.5798347371138549 3.919720943008714 
0.0195 1 0.17560118722688325 0.6786090953700001 0.7483697799872938 1.0462026674694807 0.4271051412984417 0.7817860915256972 5.512491848839181 
0.0791 1 0.10100668024392322 0.5856457150499996 0.51512353803048 0.6587836239769559 0.34332619764696143 0.4489836016176286 2.822305222244939 
0.3831 2 0.13746427237004266 0.7447794556899999 1.539153297955154 1.8938499506627051 0.4411218640300213 1.3132944378869653 23.720250072791313 
0.0176 1 0.12101306892904172 0.71220719777 0.7197082924092516 0.8866136783651685 0.41661013334952085 0.6254813402590949 5.843515214671116 
0.4474 3 0.11829485319450282 0.72496874284 0.8410842734788818 1.0060538971342248 0.4216317980172514 0.6959752021407406 5.458184516052795 
0.1241 1 0.146471982523204 0.61461999771 0.8501936122633609 1.110602735192953 0.380545990116602 0.7690084906181841 5.715038106375172 
0.0596 1 0.1337705463497103 0.7574628914900001 0.675657583379418 0.8151333641191535 0.4456167189198552 0.6125269407396128 5.697596622767963 
0.3346 2 0.10116188864878736 0.6161424921999997 0.6113933696949497 0.7941122501597228 0.35865219042439356 0.5205400813116439 3.4624361249717914 
0.8679 3 0.13422706677889967 0.75795874943 1.7517542061166471 2.100708580998034 0.4460929081044498 1.4002000546589055 30.261386494173426 
0.2142 2 0.10879783434622875 0.7004342602300001 0.39106156975953865 0.48979377525628454 0.4046160472881144 0.37383459763358606 2.380865141103035 
0.1529 1 0.1400719270168255 0.7370341701900002 0.6523534417447288 0.8474936965536986 0.4385530486034128 0.6353349709314836 5.3396855018559926 
0.1318 1 0.16623855427839665 0.5322846427500002 0.7492243856466315 1.060789965074937 0.3492615985141984 0.73815305683896 3.710881397619633 
0.2695 2 0.10093602555367899 0.6860128640700003 0.7607487159396422 0.9409754884870608 0.39347444481183963 0.6279929477106296 4.659059680094236 
0.2561 2 0.12694160073934058 0.75188898949 1.2513145537319468 1.5571187262528496 0.4394152951146703 1.0492132725133028 11.983311486189926 
0.1530 1 0.12345295717693752 0.64036784849 0.866176766993887 1.1221971826097434 0.3819104028334687 0.7531411485210525 6.493413189610811 
0.1416 1 0.13169505503654938 0.7084981654899998 0.786655041720906 0.9584587748909116 0.4200966102632746 0.6890952204984707 6.636292990381471 
0.1664 1 0.11683533020999161 0.6772118791099999 0.5704883450379677 0.7445013499445657 0.39702360465999575 0.5479260957929736 3.6604368972719 
0.2542 2 0.13807805784104354 0.7394382950299998 0.5915498619680181 0.692157160650829 0.4387581764355217 0.5381108377833062 4.574440943572321 
0.0745 1 0.1254101169216257 0.6899575844899998 1.0687639383083778 1.3246434926596509 0.40768385070581276 0.8992911786084767 11.223869696683561 
0.2782 2 0.10770110579953657 0.6935941854499998 0.6165630894925328 0.7385064378110153 0.4006476456247682 0.5321385031249659 3.970799209433373 
0.4671 3 0.14372325260143945 0.8244481338499998 0.8806262731538559 1.0778079855937848 0.48408569322571965 0.8527076893186372 5.03846091850198 
0.2218 2 0.12011033021995007 0.6060999713300002 1.0790377296443667 1.3864126471416176 0.3631051507749751 0.8493386929488494 7.2434892539787334 
0.0113 1 0.1177083807100767 0.7372742571299999 0.4346187958299741 0.5318619628647313 0.42749131892003833 0.4242317102543168 2.8678826089173013 
0.1620 1 0.12015742071057625 0.6181592386900001 0.7758467532385623 0.981461563503761 0.36915832970028817 0.6531978280874842 4.804533612785681 
0.7359 3 0.11851368625048238 0.7406782712500001 2.320026039651028 2.8789477881469683 0.42959597875024125 1.9771620139969204 115.22108507740327 
0.2393 2 0.12930144330416904 0.7430443518400001 0.6431773128188533 0.7905728278148326 0.43617289757208455 0.5994257679329252 4.224604632927757 
0.0563 1 0.1461667950230955 0.74341563069 0.8473066295339025 1.0621986077250332 0.44479121285654777 0.7776402663409401 7.788884647028808 
0.1168 1 0.15975370609083922 0.70977613711 1.0254315007920116 1.335937286865766 0.4347649216004196 0.9444152535578227 8.596071403468049 
0.1539 1 0.11391646450836751 0.6782302987300002 0.859324009953218 1.0686363012521334 0.3960733816191838 0.7217958651793372 5.249948697719256 
0.3306 2 0.18151467937127605 0.8270988129599998 1.2185452175358156 1.5134965577099917 0.5043067461656379 1.2051002424672814 26.268466497336817 
0.5058 3 0.11769590118178493 0.7457363187300003 0.41552066808125715 0.49830174119301224 0.43171610995589266 0.39252836221051485 2.095694780587053 
0.0028 1 0.10093354006960849 0.6704449484399999 0.68989734787037 0.8267543361342274 0.3856892442548042 0.555367449131561 4.18601389913238 
0.0354 1 0.1423173553730503 0.7039723450299998 1.2583706254024885 1.5510257722380092 0.42314485020152504 1.060546128618841 14.89954669563152 
0.1304 1 0.13462563930003105 0.75043735917 0.8017503996041526 1.0081813171567107 0.4425314992350155 0.7330811952282638 7.416696787282563 
0.0519 1 0.12998602665011377 0.7464079416599999 0.7504923913469563 0.8719787020296871 0.4381969841550568 0.6474278038000741 6.965645264201099 
0.0163 1 0.12817592080716528 0.6270460112699999 0.6159608957704606 0.8305969191079758 0.3776109660385826 0.6062186287779214 3.2268152783574466 
0.2069 2 0.0955668062640323 0.5910333164500001 0.4280942118766622 0.5058620014210238 0.3433000613570162 0.33122560819805474 2.337802564881549 
0.0123 1 0.13482950655558798 0.7057962770899998 0.8078393413950785 1.015061557035776 0.4203128918227939 0.7138237962747671 6.189290573960501 
0.5074 3 0.15133903696995177 0.7255879760299999 1.1112226619501322 1.4563153246852423 0.43846350649997584 1.0632281353619009 13.464352889357714 
0.0078 1 0.13707747747627713 0.73029491836 0.7252336765046353 0.9310978354932321 0.43368619791813856 0.6916366220205419 5.488743513603641 
0.1051 1 0.11342252774962779 0.6801633559500002 0.7698730204619857 0.9525912153263297 0.396792941849814 0.6513195306548715 5.987493813457538 
0.6066 3 0.12680303521235864 0.69300177662 1.0913874486410038 1.5562561226263867 0.4099024059161793 1.1345490585248208 11.018190870670852 
0.1233 1 0.1282302504911398 0.74740275683 0.6620764334350061 0.8046488584136903 0.4378165036605699 0.6084836067321854 4.689228449077565 
0.6407 3 0.13017141292740309 0.6055504125300002 1.0883116328531723 1.4727957338750324 0.36786091272870164 0.8777176552753403 6.0912066346673575 
0.0296 1 0.10790297693261222 0.7092704372500002 0.5230284402868365 0.6389535443342703 0.4085867070913062 0.47904253171964545 3.117453802294933 
0.1652 1 0.11075818391682599 0.6957058909500001 0.6227518064787053 0.7799380801192988 0.40323203743341307 0.5503040161291577 3.6863525147683402 
0.0322 1 0.1316849384712037 0.74801659928 0.946906521097631 1.1466769746690917 0.4398507688756018 0.8072509687313001 10.777670091940898 
0.2685 2 0.10708770261679797 0.66245633496 0.6043821813201659 0.7214624973697836 0.384772018788399 0.5122475027554085 4.109912116674132 
0.2921 2 0.14443113736537205 0.7799362599000003 1.2437606927967264 1.5015796812659705 0.46218369863268616 1.0967355898106848 22.687506076484706 
0.7402 3 0.17926788530677668 0.8086172595500003 1.6833794540200984 2.1853718529129984 0.49394257242838846 1.6709861042142318 36.632717379991256 
0.5801 3 0.2977301386457206 0.52097371266 1.1413205687075139 1.6497864250190997 0.4093519256528603 1.238586717954319 6.139055031430905 
0.4398 3 0.12320059444799768 0.6748132673 0.6994718976182223 0.9005637797931922 0.39900693087399886 0.6289541283975293 4.494521246556906 
0.0804 1 0.10504696900944431 0.6468806980099997 0.4528261274018067 0.5849008225509176 0.375963833509722 0.4334660742418648 2.635669985520795 
0.2403 2 0.16963502922024962 0.7057692687500001 0.946495048587856 1.24936842167383 0.4377021489851249 0.9235183393213536 7.832794957090343 
0.3487 2 0.12219011860012086 0.7140217775100001 0.5787228941279162 0.671549251889458 0.41810594805506046 0.4969466939694818 4.051369002602579 
0.5016 3 0.13373794505701336 0.6506688475300001 1.8510304148718792 2.2061627060527873 0.39220339629350676 1.4057788713785846 43.64609029826417 
0.4045 3 0.1489934958405942 0.7388330795000002 1.1188904297220796 1.410831484930118 0.4439132876702972 0.9987043219313793 15.384388539570889 
0.6969 3 0.24703173745155366 0.6217201629500002 1.794078339508783 2.4863119104428724 0.4343759502007769 1.9332453327793595 23.56749529344094 
0.4308 3 0.13865047894339214 0.7363131238699999 1.161967550683097 1.4210869513223878 0.437481801406696 1.0127619422641412 15.062573339578147 
0.1470 1 0.11698666719819471 0.7164212801699998 0.5401985754811209 0.6850944453739605 0.4167039736840973 0.519966312138209 3.394486671330379 
0.1450 1 0.12268832803920718 0.77590728603 0.6838650017940985 0.8004591113761771 0.4492978070346036 0.5977483927134603 2.9016050622368037 
0.5711 3 0.1403642878580891 0.7567900589100001 1.7275666240343164 2.1084233331640787 0.44857717338404457 1.4568324314542551 47.24109616095615 
0.5662 3 0.14100533966657855 0.7560552424 1.11710004457728 1.394347791363382 0.4485302910332893 0.968732545902796 11.621119563546486 
0.0668 1 0.11565547110183143 0.6690505827900002 0.8223626891154237 1.030110038062129 0.3923530269459158 0.7007383147631374 6.548438451392375 
0.3036 2 0.1116270681995571 0.6067803035800001 0.736516037508689 0.950812059189996 0.35920368588977863 0.5888560417601069 4.388225317292957 
0.2312 2 0.12572509295931755 0.7927760475300001 1.9274148852624646 2.3754094461692152 0.4592505702446588 1.4567026394429619 55.496176415088584 
0.5265 3 0.18272954097098446 0.5665310087499998 1.2797152989193659 1.634956635358112 0.37463027486049216 1.088917694628036 10.808579647923498 
0.0507 1 0.1299491572438273 0.6510962581799998 0.8861518707256558 1.1142384533599057 0.39052270771191355 0.7673276961676688 6.7601431607502285 
0.2189 2 0.11923140389363335 0.74398691397 0.5072756188568404 0.6120170003416298 0.4316091589318167 0.48021092336961474 2.8698208542117847 
0.3792 2 0.1774743248401488 0.6251243968899999 0.8204924975536283 1.109422217620965 0.40129936086507434 0.8013140450089746 5.007304528487347 
0.2318 2 0.10828114924536862 0.6235603673999994 0.1942633817048938 0.2381934406204353 0.365920758322684 0.2018585915987726 1.5172391582042135 
0.0455 1 0.11070574147806146 0.7115679210400001 0.5442773986198288 0.6682051103531507 0.4111368312590308 0.48887106235493605 3.6052392971775364 
0.3944 2 0.13250644900676478 0.7311752302100001 0.9618732653670671 1.1819806864258742 0.43184083960838243 0.8528018186978107 15.440696705996793 
0.6433 3 0.1752190753353102 0.8386182326399998 1.6518831682150583 2.1792524966066242 0.506918653987655 1.7280313050483829 44.83365786453498 
0.2280 2 0.22375942299171075 0.5862147776100002 0.8605224063029994 1.2692224860465273 0.4049871003008555 0.9685781973413216 6.037585371924077 
0.3840 2 0.1326333775055772 0.7704993819699996 1.2150573554699966 1.4867814787818723 0.45156637973778835 1.0327956671163552 13.136115150147113 
0.0658 1 0.13234471764059466 0.7311464899900002 0.5498529537253851 0.6644426525192253 0.4317456038152974 0.5054978452668866 4.027889565549889 
0.2127 2 0.1448332921883304 0.74918857329 1.175528601482219 1.473166950277905 0.4470109327391652 1.055966138637904 13.916431079438365 
0.4400 3 0.11749317082686792 0.6814466099499995 0.7781985274654556 0.9701645562135064 0.3994698903884337 0.6681009881393349 5.320799883324032 
0.1486 1 0.12140937626360582 0.72632607386 0.6365900172097841 0.7473322448386515 0.4238677250618029 0.5448745435218022 4.29276578610785 
0.2824 2 0.1392676809570374 0.7716146340200003 0.8273461608648406 1.026121662947516 0.4554411574885189 0.7650793588241107 6.497112675272972 
0.3334 2 0.14081051862634603 0.7780034505000001 0.7862713872709444 1.001391855174664 0.4594069845631731 0.753944203066835 6.4664788679873695 
0.4821 3 0.09516061288362031 0.6448379452899998 1.194477820053243 1.4012469183339646 0.3699992790868101 0.8697437360341528 7.59902571202742 
0.2875 2 0.1456869952070087 0.7028385312700001 1.3517258100611058 1.696172331040504 0.42426276323850437 1.1550097786865545 19.899511005895395 
0.0135 1 0.11949722326899812 0.70398626713 0.7094295955180062 0.8672249217866693 0.4117417451994991 0.6027818882375466 5.013139564102756 
0.6821 3 0.14648692275271977 0.8288191191800001 2.2692688576679565 2.646055380060042 0.48765302096635993 1.7805093166681598 309.0068332579002 
0.0503 1 0.13634957864314032 0.6879715998600001 0.5869542253592611 0.792923609150455 0.41216058925157023 0.5847073770589227 4.176272260093218 
0.2327 2 0.1234891103672323 0.6639284571799999 0.8381910772178905 1.044799537993685 0.3937087837736161 0.7060946873673598 6.328852590089409 
0.4882 3 0.13769519798432098 0.8324731993400002 1.0742015048606433 1.3170797712971025 0.48508419866216057 0.941756123790719 15.410299077435209 
0.0279 1 0.15210447311628328 0.5945141117299999 2.0052296254423845 2.5690482806102515 0.3733092924231416 1.5891349663871432 29.4013572841435 
0.3086 2 0.12561259720219708 0.71613346813 0.999492061483404 1.2054059887865038 0.42087303266609855 0.8047902978559315 8.163578785960574 
0.5185 3 0.1709410351670486 0.7547878315899997 1.0460331071938629 1.4458372645944242 0.4628644333785242 1.1250385145207793 10.773937786570476 
0.1070 1 0.12312777850996379 0.6771669445899999 0.7908377233664686 0.995691431243414 0.4001473615499819 0.695168997986551 6.57390643983124 
0.3044 2 0.1259749319352368 0.75467851996 0.6549070845823529 0.8039428523137327 0.4403267259476184 0.60288900998681 4.789966581547452 
0.4247 3 0.15840376320312685 0.7765916718399999 1.102833757948571 1.392683849104055 0.4674977175215634 1.0425083026603204 13.65451506883936 
0.5526 3 0.1284987381966421 0.75506243015 1.9584902654072267 2.38328427252888 0.441780584173321 1.5253938705845047 54.59224285924121 
0.5795 3 0.1386043429799085 0.81305985582 1.5760828059487657 1.8908080544287014 0.47583209939995424 1.3874977178463244 49.55636523168832 
0.6580 3 0.14749553530861334 0.8002087577100003 0.8284979774708796 1.0250754970334688 0.47385214650930685 0.7938720484500993 8.69685013415632 
0.1088 1 0.12466957722122037 0.7580425288199996 0.7172573620800518 0.858813033273364 0.44135605302061 0.6332229787783844 5.429952410937368 
0.0015 1 0.11897287518323274 0.6837554119800002 0.4995304877596327 0.6211095969662023 0.4013641435816165 0.459340514027593 3.437751982491182 
0.4057 3 0.14368532260366643 0.6207678679399998 0.8705673300370331 1.1325291295176885 0.3822265952718331 0.7834660998666487 5.334055411193643 
0.1857 1 0.11189498922316518 0.6888056152299997 0.46290590114433067 0.5842738627660625 0.40035030222658247 0.4413375131067488 3.0164180896338246 
0.4350 3 0.1021833900755404 0.6498324464899999 0.8995647806630479 1.1181047888247084 0.3760079182827702 0.7184933657210167 5.747730249887178 
0.1866 1 0.13168834403893132 0.73739510726 0.9079282792641671 1.0647648398132825 0.4345417256494657 0.7421021679935688 9.168603876184664 
0.1586 1 0.1263820572648665 0.63296977344 0.6978018415028667 0.9264607239762971 0.3796759153524333 0.6574148962558237 4.1492863372910325 
0.2457 2 0.12552319593176 0.7238209066700001 0.8424055881663266 1.0437295655262118 0.42467205130088004 0.7358985050582897 6.653997866236831 
0.9255 3 0.15235246003492836 0.7979149190500002 1.4781577027642314 1.9313763616718136 0.47513368954246427 1.483566006750247 34.95339949989745 
0.3299 2 0.19473868957216928 0.7195373890600001 1.2105972231039237 1.617926363812468 0.45713803931608465 1.1906968894102163 13.787611102739524 
0.7287 3 0.19238602552225562 0.81215324065 1.4493493743908292 1.98921008925019 0.5022696330861278 1.5869039503862927 26.378520200897356 
0.0577 1 0.11819831808420583 0.7173064451599999 0.690694209415489 0.8553651073655048 0.4177523816221028 0.6047284656123686 4.436838185274061 
0.1235 1 0.12518532566860127 0.7458279746899998 0.627343117097074 0.8061164996789644 0.43550665017930057 0.6105027541795299 4.200783473840569 
0.1734 1 0.14157058607937292 0.6192779694399997 0.8436306048400326 1.091633866988272 0.3804242777596863 0.7309502838986547 4.856166395712296 
0.1561 1 0.12647867814625394 0.7421340601299999 0.8520635681338955 1.0293996555675786 0.4343063691381269 0.7238946068497096 7.937700266860117 
0.1535 1 0.13301859320335002 0.7538631514600003 0.7063313334901788 0.8915026878464608 0.4434408723316752 0.6675460607833751 5.382289578684655 
0.1456 1 0.11553631299616234 0.7111399861599998 0.4245495107055594 0.5310559340930752 0.41333814957808107 0.4145678215002846 2.9076716640531903 
0.1849 1 0.1372958250504345 0.7574060492399999 0.858799246219962 1.0531149098010866 0.4473509371452172 0.7644023710946009 7.774132918902224 
0.0744 1 0.1030484503837586 0.6655000286800002 0.5923138990393204 0.7066374090452218 0.38427423953187945 0.4840425041637887 3.5643824470587093 
0.0417 1 0.10323786860624277 0.6167823722 0.6021303894936898 0.7649573272796845 0.36001012040312136 0.503328035006198 3.4029728665398116 
0.2590 2 0.12002621766013791 0.71616601148 0.9118139020677647 1.0925469460190533 0.41809611457006896 0.7445092944018751 8.067516917233569 
0.1537 1 0.13554669776163242 0.7574465958900003 0.6736376683333128 0.8173000636224946 0.44649664682581636 0.6277972991761986 5.2702002359228075 
0.5340 3 0.12229635298018345 0.7138077354500001 1.3044534058485744 1.6106423318279541 0.4180520442150918 1.0511152878772525 12.473263238129661 
0.0839 1 0.1368131595372983 0.7204667475900003 0.6339397750413481 0.8158298497436564 0.4286399535636493 0.6100929385097827 5.147161746674403 
0.1622 1 0.14127086501467695 0.7777922019099996 0.9904922882839319 1.2054767531726427 0.4595315334623383 0.8946747236629998 10.77517513459467 
0.0665 1 0.12274225017319265 0.7521433542000001 0.786682779958609 0.935109057588762 0.43744280218659637 0.6708248033005947 4.701136731285194 
0.3407 2 0.1250235214757865 0.7873675053700001 0.9793124088711608 1.1470467583785242 0.45619551342289333 0.8451460692410923 11.479141136451723 
0.1546 1 0.1155892369775636 0.69808315877 0.49969199131470915 0.615645607682966 0.40683619787378184 0.46630283604160216 3.322753815531574 
