0.4088 3 0.027911028778126106 0.11272120391190663 0.08635433400462467 0.1049531819142876 0.07031611634501636 0.028053267732446315 1.0759326310572983 
0.5884 3 0.07152570806485944 0.3517640059331451 0.40574736335758993 0.48163871360421784 0.21164485699900226 0.2105344611060412 2.97325053093285 
0.3255 2 0.06694347479066981 0.3789882080849656 0.29479943361645883 0.35970888079284596 0.2229658414378177 0.16385226192966482 1.6920067536296646 
0.0737 1 0.05622448511560276 0.17820067847067672 0.06451456281906598 0.07880380969208216 0.11721258179313974 0.040950485783299316 1.0932419705944685 
0.1291 1 0.023998144432208154 0.11989549710769354 0.10322899838104524 0.13310166178420008 0.07194682076995085 0.03571508725614426 1.1168816147201313 
0.0458 1 0.06599361133241176 0.2895885070791773 0.129704712400205 0.15528991511316595 0.17779105920579455 0.09076441352471414 1.3631958636522734 
0.6208 3 0.08277014990452404 0.2827618631708095 0.2516989652937929 0.3530732518238128 0.18276600653766675 0.16791845028799585 1.8037981025970469 
0.0449 1 0.05640943765137461 0.24935431470840114 0.1260952298829635 0.1564348808455823 0.15288187617988788 0.07556041719564119 1.2667954949594378 
0.2164 2 0.032311707815774963 0.19202862881830227 0.10027101705248187 0.1429727139100262 0.11217016831703862 0.06041121903252249 1.2117171068302885 
0.2290 2 0.041231970939826015 0.20105162785820804 0.18633704170665985 0.2377951234508488 0.12114179939901704 0.07942309692244931 1.3735411064205272 
0.5663 3 0.08359244852646246 0.45826861008035946 0.7138162322245625 0.8298204433968814 0.27093052930341094 0.39752824780010954 9.042559320602324 
0.0973 1 0.021730716917685786 0.12775315706815374 0.10661957619992225 0.14504988198051857 0.07474193699291976 0.0407293388764863 1.1388810447402338 
0.2043 2 0.03823939574641063 0.19860755060844903 0.14577261670321418 0.1899880373600146 0.11842347317742984 0.06977204284410016 1.2885843107246464 
0.6348 3 0.0880508035211158 0.2777322850345552 0.20881929346907313 0.3210719514817075 0.1828915442778355 0.13898296747240474 1.666303971308158 
0.0385 1 0.027209593838281688 0.1308305400521286 0.1488257035989636 0.19602613654811946 0.07902006694520515 0.04939232996384547 1.2047391779447203 
0.1921 1 0.03112627091738318 0.1243289589461964 0.062408450385206406 0.0766567708226409 0.07772761493178978 0.028757618064498693 1.0662073386422684 
0.1294 1 0.02566989826913984 0.13891255854011408 0.11268408943795645 0.14453652527254698 0.08229122840462696 0.04270248362905218 1.1548542375373219 
0.0296 1 0.02412318492011225 0.09719946374990443 0.07903068148103237 0.096201087748258 0.06066132433500834 0.024591730889065057 1.065912335659815 
0.2674 2 0.03806671435495308 0.16832650167283583 0.2511767298838821 0.3223111891203478 0.10319660801389446 0.08217137041510372 1.4093436384398979 
0.6460 3 0.05941594980986757 0.2940553031875587 0.1786335900012009 0.22120127094009878 0.17673562649871313 0.10008585628523868 1.3717636220465812 
0.5664 3 0.06538671453961824 0.23378212772326368 0.3174120113980858 0.36307617460936475 0.14958442113144096 0.12377744852732299 2.074766456771141 
0.2722 2 0.032229873299990504 0.1687919029356896 0.1924599623176228 0.2534832999705319 0.10051088811784005 0.06583108363864378 1.2661003557456059 
0.5754 3 0.03822459061815243 0.17194582026325742 0.16364266475191683 0.2468225233597985 0.10508520544070492 0.0726421746167228 1.2608483383519733 
0.3426 2 0.028220349205747917 0.17337568107875942 0.09649494573580422 0.1305699971738842 0.10079801514225367 0.05058393750025772 1.1705735439638125 
0.1025 1 0.013836748097083889 0.06405950713740623 0.05138630560274298 0.06709132733046183 0.03894812761724506 0.01465348719593052 1.0310017209562266 
0.1347 1 0.028867481397569682 0.13988025035569795 0.10533885364468128 0.13873775098947716 0.08437386587663381 0.043247327677956304 1.1381397906864235 
0.4127 3 0.0753183566566239 0.36499647110970634 0.25099078046640194 0.3099463167609755 0.22015741388316512 0.16390075421087097 1.9274867259491053 
0.8959 3 0.09308725799236957 0.3481454701528096 0.2183924243461506 0.30074785624035144 0.22061636407258958 0.16784153305260274 2.0757732759313243 
0.1738 1 0.033863829315219834 0.17157678519221323 0.14854204792788522 0.19846697890876305 0.10272030725371653 0.06322614927828007 1.262463391838436 
0.3869 2 0.05043602484261754 0.2660117362514021 0.17903655056717327 0.22575129803719038 0.15822388054700984 0.0957141601828254 1.3568621758320305 
0.4230 3 0.06189678391871607 0.25581442199177196 0.32334580054496004 0.4121375345800727 0.158855602955244 0.14402143267152095 1.9765890813802534 
0.3863 2 0.04153826845482063 0.21857534167551013 0.17722145244468984 0.22386219748611325 0.13005680506516537 0.0827458069158343 1.402257203275153 
0.3279 2 0.10287194343362101 0.4966888650204866 0.22871612144616135 0.2955753684381344 0.2997804042270538 0.2152877414773027 2.465799750203971 
0.0898 1 0.02311646649656955 0.1159237321863004 0.0882301425780625 0.11101423029462854 0.06952009934143497 0.031720123881541384 1.0979320334384306 
0.1924 1 0.031778876943136 0.15028982834405277 0.09046892836030165 0.11262809182817257 0.09103435264359439 0.03983698465385631 1.1212185943409316 
0.0720 1 0.032085918294194285 0.13950309329361668 0.10038759211035826 0.12158823272566982 0.08579450579390549 0.038378006681063934 1.120010200983061 
0.0534 1 0.022514516231246916 0.11576113847401619 0.08052105562468846 0.1072404206188497 0.06913782735263155 0.032235608273071314 1.0934757856825839 
0.0673 1 0.039442146275047114 0.18663588585859336 0.12041148433348764 0.14783663416251328 0.11303901606682024 0.0566433114492302 1.2014625879089327 
0.0078 1 0.024559091804841875 0.09960454316218434 0.11546461431007085 0.13876828362327803 0.06208181748351311 0.028588466794496812 1.0926367372859527 
0.2571 2 0.05830284982764631 0.24713613002527746 0.2974339445602244 0.3793234921015504 0.1527194899264619 0.1294617144175541 1.772562450313246 
0.4720 3 0.05489158166256801 0.26651453959959703 0.1870119010614235 0.24553571983188166 0.16070306063108253 0.10621999219053607 1.5539540663812463 
0.0181 1 0.0159180299568178 0.07767335263565647 0.05198408388238211 0.07250180241218841 0.04679569129623713 0.018807263382384837 1.0409815413844816 
0.1536 1 0.04922166679678672 0.22100621655818958 0.21114970877658734 0.26141143440028763 0.13511394167748814 0.09228648636353998 1.498871506977654 
0.1443 1 0.0182694649637375 0.09877839233699469 0.09267249879422368 0.12744204331086798 0.0585239286503661 0.02818449562205025 1.0853475152394616 
0.0326 1 0.08229420669711728 0.34863082103156506 0.5747693684247547 0.6965646498114809 0.21546251386434118 0.28522506902547434 4.518102088504211 
0.2723 2 0.053190158322078 0.28920926275738296 0.16223037555505182 0.21860759193380386 0.1711997105397305 0.1121111582192946 1.4326425561207468 
0.3431 2 0.06396417206873634 0.3241339218006698 0.24343999086001872 0.2953003406307499 0.19404904693470307 0.13038565887149273 1.5445214437129493 
0.0998 1 0.02201811627865745 0.12256868668570879 0.10133009741085594 0.14694244445518306 0.07229340148218312 0.040344373398492506 1.1163090917698442 
0.2589 2 0.030554669656405145 0.1533313473185604 0.18102571451054084 0.233836262234988 0.09194300848748277 0.059171667142868256 1.2617732343013415 
0.0507 1 0.02958679592344692 0.12464615526977 0.141217695439365 0.16726964958419482 0.07711647559660846 0.038103771423078935 1.127068076416251 
0.1206 1 0.03451245351827074 0.16052890935036018 0.10058678934257162 0.12457269322901411 0.09752068143431546 0.04402606679904119 1.1388478118465175 
0.5710 3 0.03439567221511124 0.1722846591592144 0.5335665108613302 0.6015017071256037 0.10334016568716282 0.11420376650175076 2.2549394319386753 
0.4191 3 0.037438779440026715 0.18578355903767102 0.27744039158134 0.3306080653617255 0.11161116923884887 0.08486991552907219 1.4371931105536646 
0.1347 1 0.03326627129579564 0.18202840170148077 0.14076854567532393 0.18557797095406642 0.1076473364986382 0.060942126649912824 1.2453812311230663 
0.6012 3 0.09475342220327287 0.46491305892626916 0.6877896951050538 0.8027980376558402 0.279833240564771 0.38410862033336957 6.836672423154019 
0.4612 3 0.14031504047632612 0.33727305604050073 0.43004376190586974 0.6697905328686823 0.23879404825841344 0.33679781207157716 2.7636977604243445 
0.0420 1 0.031075071165949725 0.1181780018773132 0.07775206920357454 0.09587870886835037 0.07462653652163147 0.027744853989246986 1.0685688856465547 
0.2430 2 0.03236613523309747 0.1675585036681703 0.12108270065581218 0.15226729406289735 0.09996231945063389 0.04943647724754949 1.1494544545252163 
0.3324 2 0.05118229141299379 0.22120741634638685 0.2675417762363381 0.32162790235613375 0.13619485387969033 0.10382800377624489 1.6773421063164309 
0.2330 2 0.039288903333580365 0.17889648597672653 0.14290437332297462 0.17553615445893703 0.10909269465515345 0.055358863728256255 1.1989930357818939 
0.0127 1 0.016451926039688466 0.0760717596920015 0.06567201443471188 0.08748585822180055 0.04626184286584498 0.020802409363171702 1.049659994915331 
0.3763 2 0.04950267770089951 0.24216885370880864 0.3060312794289196 0.3652481336730102 0.14583576570485407 0.11782112257501634 1.6593736244738326 
0.0210 1 0.01964986368917905 0.08515981278480247 0.07776840122339784 0.1010454348147566 0.05240483823699076 0.020479679494098926 1.0531663770575923 
0.1551 1 0.036804593483227635 0.17925195767213148 0.1683761387184584 0.21161453795077612 0.10802827557767955 0.06577763349176032 1.294932319447816 
0.0108 1 0.03183825996308919 0.12070010066721922 0.08641509600123957 0.10561846659924765 0.0762691803151542 0.029786110209233392 1.0778939593241887 
0.4904 3 0.08103723916499113 0.3770217981085337 0.2470984932569131 0.29815703956896583 0.2290295186367624 0.1630451890822326 2.0501221282306563 
0.0494 1 0.025637847379464635 0.12086889413509701 0.15212791412815999 0.18377746470802198 0.07325337075728082 0.042340651240356575 1.177207604997652 
0.2038 2 0.0369915634760019 0.17442010594790386 0.1559751969456787 0.1938930972677539 0.10570583471195288 0.06063623248544088 1.2592349864800534 
0.0063 1 0.021915703283141127 0.11150048138116479 0.12027428108949548 0.14827367049970122 0.06670809233215295 0.0345909503401623 1.1252135194580146 
0.2640 2 0.03159495320544716 0.16833632694802855 0.13609913165267767 0.1850786176172602 0.09996564007673786 0.058924395484469816 1.21108088173847 
0.1766 1 0.036596183242214794 0.18926459237366605 0.13694826411917554 0.17828565797926627 0.11293038780794043 0.05964653549585435 1.1970965298576666 
0.0003 1 0.023654072994158355 0.08902630189444845 0.05537128814376251 0.0690785522236435 0.0563401874443034 0.018405518268213693 1.0370172333642182 
0.3266 2 0.01908102215754167 0.08152827680908033 0.07395779782062607 0.09267014943858105 0.050304649483310995 0.020418902758722747 1.0535838976437493 
0.1681 1 0.03174379237938664 0.14775080522217326 0.17094933539402166 0.21263403330497876 0.08974729880077995 0.04999624193172068 1.1838249797767475 
0.0700 1 0.025844663258535776 0.14320751889857947 0.13263834282455472 0.171535834005325 0.08452609107855762 0.04745158459270813 1.1831733818282621 
0.0899 1 0.02968970338558919 0.1566898233665281 0.09973312938260881 0.13366340761197187 0.09318976337605864 0.04539309470022336 1.1438993331969605 
0.4128 3 0.08002579856630748 0.3492687078827421 0.3596336470816001 0.44211734280899717 0.2146472532245248 0.19674335131887433 2.6096494540176463 
0.3275 2 0.019533442963771852 0.09094411060768633 0.10773583973473369 0.13127211975340147 0.05523877678572909 0.02729324674144013 1.093278914733678 
0.4404 3 0.0728436614476127 0.3707870732875093 0.2089705690287846 0.25937304802491856 0.22181536736756102 0.14341154763517822 1.7210352926015837 
0.1460 1 0.050976402148235886 0.26672053756992103 0.13520510267668728 0.18504893255195817 0.15884846985907847 0.09484010478551631 1.4015760393267669 
0.0510 1 0.017640619712985434 0.07977149549791065 0.0817139519227166 0.10170506971121576 0.04870605760544804 0.021727722878700673 1.0587862294063515 
0.4246 3 0.055126559593809285 0.2965528122802533 0.18521259411380842 0.23164522374901297 0.1758396859370313 0.11201586704974867 1.443974760926828 
0.8949 3 0.10071466380497832 0.47004467686208995 0.5343846970821828 0.6553231313995462 0.2853796703335341 0.33866278961040813 4.011193912919777 
0.2013 2 0.02864034733254288 0.09036014018356821 0.0596532982097939 0.0734035726064341 0.05950024375805554 0.018177545981515716 1.0363456748327777 
0.1857 1 0.029403538494020658 0.1816386397248091 0.1253113240172776 0.17780215092769686 0.10552108910941488 0.061049035724855566 1.212111212034583 
0.2179 2 0.03475546427856152 0.16856044918113353 0.18478635774475818 0.234879848853589 0.10165795672984752 0.06769919463157191 1.303217765086912 
0.2973 2 0.047276478441729455 0.20277693794058166 0.1934972020557408 0.22567179902833476 0.12502670819115555 0.07096630387249696 1.2916890765843632 
0.2439 2 0.033882748069754394 0.15951776010876598 0.185648715342098 0.22675791216767452 0.09670025408926018 0.056817623100576004 1.232655480697485 
0.2539 2 0.031232398906231997 0.16181208593632235 0.17632312748056947 0.24747056507080645 0.09652224242127717 0.0658190662784492 1.252488793738706 
0.1199 1 0.019847639276153784 0.08415447833417866 0.06757951651618554 0.082376212962312 0.05200105880516622 0.02011158085786244 1.0486335773742024 
0.2305 2 0.025443324352506947 0.1340441532444186 0.09989981468309629 0.13092407638871467 0.07974373879846278 0.03910646988137753 1.1306644860634507 
0.2313 2 0.037230119006458895 0.17512465479490955 0.12497473785589543 0.15495447970659101 0.10617738690068422 0.05165990337708115 1.172359643246694 
0.2832 2 0.025903011684310116 0.12416492067064037 0.1327406243482218 0.1598757454229243 0.07503396617747525 0.039915257718237666 1.1590629015726106 
0.3317 2 0.023886045896438047 0.1281379859013911 0.1715771374345559 0.2185562556495048 0.07601201589891458 0.045310261941064835 1.1608429104457811 
0.1669 1 0.1049552445197773 0.38470731277637815 0.5116311948704337 0.7009194211512938 0.24483127864807772 0.3123250798311063 3.2786068882203385 
0.1401 1 0.04801248603742995 0.2110865278287629 0.19983493426675356 0.26450951771425774 0.12954950693309641 0.09625718616220418 1.4221873355756447 
0.0137 1 0.044053743480739274 0.15145793457308146 0.06356226805105056 0.0769161410585336 0.09775583902691037 0.03332449925573336 1.073446309043741 
0.3108 2 0.02443654768361183 0.11798595195973167 0.08604604582699717 0.11749981747836506 0.07121124982167175 0.02964037943640161 1.0807564564225827 
0.7002 3 0.06816528827802078 0.2666066361952749 0.35939577848227494 0.4580420729905272 0.16738596223664784 0.15733640711086908 2.2232766420348433 
0.2127 2 0.031469077308145965 0.13684757350322307 0.11793289794227041 0.14365046162398018 0.08415832540568452 0.03752013021562723 1.114627621124422 
0.1002 1 0.02416275746941157 0.12956561976906328 0.1523304601435157 0.19315861875995338 0.07686418861923743 0.04589512823172762 1.195361537029268 
0.2076 2 0.08148824651546098 0.39408646720830676 0.38886802120140207 0.4786942763348634 0.23778735686188388 0.2267668168558311 2.9111631555603203 
0.1453 1 0.02590359599188791 0.12564325367641332 0.13984661950445723 0.17117935456280564 0.07577342483415062 0.04245961177265967 1.1729028158408719 
0.4487 3 0.06865078194482148 0.26090476329690027 0.2745386387086432 0.35617937800051225 0.16477777262086088 0.13544848288344083 1.8892872885652972 
0.3086 2 0.04378727735231438 0.21357078576819416 0.22550416841850723 0.2783210567514387 0.12867903156025426 0.08285366641643867 1.3414025819287008 
0.0013 1 0.02228024534904062 0.07621123875883558 0.0682826733488468 0.08066959768809097 0.0492457420539381 0.016307467687075965 1.0349396352892766 
0.0338 1 0.02374127097043659 0.11108803980943364 0.1429434366821896 0.1898671916355759 0.06741465538993512 0.042569376837573815 1.168434415029942 
0.2804 2 0.01738688378381475 0.08641093958521187 0.08949331255152523 0.11578863798928404 0.05189891168451331 0.025984076494567875 1.0761231358093322 
0.1129 1 0.03632776047854285 0.1687180569845396 0.13151035319449667 0.16382729934213083 0.10252290873154123 0.05674690128992364 1.2262132693539793 
0.0138 1 0.026715172939289097 0.13370236615406378 0.09882100620754672 0.1264035117569499 0.08020876954667644 0.03762984931452067 1.1160806077243173 
0.1807 1 0.025306997310519934 0.09306103298798227 0.06890601232932417 0.08372932619387828 0.059184015149251104 0.021775610738334585 1.0512669703419455 
0.0237 1 0.028207845748432867 0.14751321367806797 0.1455474811406394 0.1835087695104923 0.08786052971325042 0.049722281519731085 1.170359293504849 
0.4698 3 0.04700661739727347 0.2081561159145462 0.19033279164642602 0.2675951192109512 0.12758136665590983 0.09298760563204153 1.5063208084300006 
0.0138 1 0.011776427559642024 0.06017951599712442 0.08661637198339843 0.10567103457175385 0.03597797177838322 0.01672716680908321 1.0520395554076138 
0.1165 1 0.03336052151288433 0.1843391785936252 0.13380295808978862 0.16890032388763182 0.10884985005325476 0.05645806473921959 1.1900689911219078 
0.4891 3 0.07280041957632831 0.24702436616862386 0.2464669094338335 0.37319053083891773 0.15991239287247608 0.12934527616606228 1.6289326218270197 
0.1381 1 0.0195141020663737 0.0956800147099199 0.1082478385354408 0.14088736032178453 0.0575970583881468 0.028321367364070947 1.0876151789378754 
0.6658 3 0.027917819127995736 0.13474651048540093 0.1548774615172492 0.19075116559176958 0.08133216480669833 0.04437628892437643 1.1711167792689008 
0.0551 1 0.017740725235972043 0.07217183729101553 0.0723017563453976 0.08959342531395105 0.04495628126349379 0.017712186893868494 1.045062840015499 
0.1366 1 0.0377456146535561 0.20288626686983288 0.1587131044904601 0.202686812283725 0.1203159407616945 0.06701440731329071 1.2359658631266466 
0.4249 3 0.04399506778320774 0.22126638366156448 0.1538209561429978 0.1854619002041164 0.1326307257223861 0.07454207952240063 1.309745050283396 
0.4158 3 0.030350576835456777 0.14354452679454657 0.09182039591905938 0.11916423640524873 0.08694755181500168 0.037309338800266136 1.1039506587593235 
0.3853 2 0.056060888112604276 0.23545780782330983 0.222911871152147 0.27464356636865744 0.14575934796795706 0.10281589519327192 1.6446196040349175 
0.7290 3 0.1124223175727133 0.44038948744225576 0.4479916191104105 0.5987765666601887 0.27640590250748454 0.3074381421232665 3.8318666014088603 
0.7144 3 0.13011893776294542 0.32240742014853535 0.3071262597818748 0.45437510164294487 0.22626317895574038 0.2372333866430112 2.2342325538685914 
0.3463 2 0.06610446696102774 0.35860518123532487 0.22235434175012456 0.2961757814123894 0.2123548240981763 0.1509577623899468 1.6754820001748767 
0.0733 1 0.021189094132785583 0.10693455128734972 0.07439493267509532 0.10503603045115448 0.06406182271006765 0.029062673035215123 1.078011302918853 
0.3112 2 0.06266407686106938 0.26956060934058523 0.18236529570953325 0.2556341463163963 0.16611234310082731 0.11687094740069164 1.5024944163041658 
0.3533 2 0.09180630150322379 0.4533005071014431 0.17001413104847943 0.19872724867707917 0.27255340430233344 0.14337733073390688 1.4922517636600146 
0.4587 3 0.08780702031631041 0.35183037490135094 0.3277720960872987 0.4121728155208278 0.21981869760883066 0.1917623657706435 2.486719236068962 
0.4961 3 0.043311868083266654 0.20433327502836174 0.2023588797715568 0.2591261071086544 0.12382257155581419 0.08421363404365845 1.4279546424213378 
0.6582 3 0.1936688330802407 0.620293920943634 0.6960761206064562 0.963785397271294 0.4069813770119374 0.7308000412655061 12.593274633472118 
0.6633 3 0.020813868451602498 0.1134544555040389 0.15428420226234968 0.19708873565236867 0.0671341619778207 0.041984430612772426 1.1855832359020992 
0.2653 2 0.024168033281802184 0.128650873222661 0.08432285874111752 0.11034167387860222 0.07640945325223159 0.03518533286654841 1.1078073705390927 
0.1723 1 0.058047133537129356 0.2905304105318266 0.17295065072929658 0.20940413399399962 0.17428877203447798 0.08459708942554335 1.1867152968811854 
0.7534 3 0.05706772194824807 0.24369300898241972 0.2593551208127089 0.3133579027803809 0.1503803654653339 0.11076702078583779 1.7566611957222777 
0.5209 3 0.05098747812813292 0.24572467790911806 0.25668524068825954 0.3282429871744231 0.1483560780186255 0.11181083987098618 1.604236480993535 
0.4594 3 0.026240063032420883 0.11861905554525543 0.12291900513533328 0.15662536995160167 0.07242955928883815 0.035322156915668985 1.1195983146525952 
0.4590 3 0.03900967970856788 0.20255119844893538 0.16248015446633937 0.2187248663781611 0.12078043907875163 0.07494127662013528 1.3070496442254147 
0.3094 2 0.09847133982744924 0.47557424051314856 0.4171507252380261 0.47848324038565665 0.2870227901702989 0.266964544317862 3.9250053061310015 
0.6851 3 0.03676425395874808 0.1549539006560799 0.2172650687474657 0.28068659914167376 0.09585907730741398 0.07016746113809824 1.377746383959419 
0.0441 1 0.018915007166706774 0.09193433361264418 0.06587545563795774 0.08320550011316613 0.055424670389675475 0.022775196434108174 1.0579661150437694 
0.3058 2 0.03577596411313872 0.18550736789257513 0.11632149737226848 0.1495545560902393 0.11064166600285692 0.05140076354881708 1.1457440113882216 
0.4293 3 0.05507283994809825 0.30521053093364336 0.16629612836096297 0.2136714679655725 0.1801416854408708 0.10298409660600819 1.3649446001115686 
0.3128 2 0.023709053352826494 0.07318555413266964 0.028869536033777253 0.03592229522123203 0.04844730374274807 0.012848442613462508 1.0167712671394267 
0.1086 1 0.039922416434713705 0.18103485778580147 0.09941742596339113 0.12626645284063515 0.11047863711025759 0.04836038534743795 1.1469843047202724 
0.4178 3 0.03734785582206537 0.14999818389348182 0.23434892497060233 0.2950643271365541 0.0936730198577736 0.06925941605279697 1.382813718922076 
0.8272 3 0.07498006733248876 0.2844922976080959 0.37044415758804683 0.4786605462859425 0.17973618247029233 0.17683317206497928 2.4501704420595947 
0.2673 2 0.02023391113100266 0.11495679940875084 0.10878599000561248 0.16327862911884639 0.06759535526987676 0.040086817911992784 1.13865992255034 
0.3869 2 0.062228228749374885 0.32596233654860224 0.3217423134239985 0.4007482947689433 0.19409528264898857 0.16551288882915247 1.9799242213122157 
0.1500 1 0.04046003172812358 0.22070908055674274 0.12371630617204413 0.16973661131277867 0.13058455614243317 0.06779968895277345 1.217872849054389 
0.2421 2 0.045405619497374615 0.21693854120822992 0.19583867201410882 0.2591669578370939 0.13117208035280226 0.0876187596425096 1.4459409890790038 
0.5704 3 0.04906286839664779 0.2562632807705716 0.1860485471436849 0.23710055558306906 0.1526630745836097 0.09410236058770349 1.3761694003052327 
0.1181 1 0.045506025787915724 0.22490180304971594 0.15725363261320494 0.195587560414708 0.13520391441881582 0.07377362048000578 1.2704797941403754 
0.3325 2 0.043222816145662146 0.19615911286062584 0.16791873101303237 0.20508705192111046 0.119690964503144 0.06579203381880432 1.2451006402148392 
0.3104 2 0.04161595343283817 0.20863458979301255 0.19967688733713163 0.24913796791167495 0.12512527161292536 0.08108085592460722 1.3743109456214064 
0.5757 3 0.04519402146887558 0.24383165350879218 0.22466809288809045 0.28354103347097104 0.14451283748883387 0.10277884410028669 1.4497064930749262 
0.3138 2 0.04531912406400797 0.18236395854775286 0.16127366901385015 0.23799826980836994 0.11384154130588042 0.07762935609425702 1.3061665748193054 
0.1466 1 0.013348689035368847 0.057191009651694345 0.07240840033910763 0.08637906429912849 0.0352698493435316 0.014188372272591086 1.0370759884999379 
0.6291 3 0.041191259797589086 0.17279951444291264 0.25675069318925514 0.2896766780765259 0.10699538712025086 0.07867080055121371 1.4857545965973542 
0.0515 1 0.017035686520195763 0.08987542949409114 0.09375264324102671 0.12250695121992083 0.05345555800714345 0.025683783717555465 1.0779072644223398 
0.2433 2 0.04605779005822823 0.20231731958861773 0.25783176682437847 0.2943994080348538 0.12418755482342297 0.08931797154102682 1.5156336451431165 
0.6106 3 0.06855194152394378 0.2923278220280019 0.24716950050344927 0.28941708728641313 0.18043988177597284 0.11621406933848306 1.4755733114095884 
0.0708 1 0.048639609791163635 0.17845188593735023 0.23073466993101407 0.3321640103740326 0.11354574786425693 0.08834353318407134 1.425541728877745 
0.6421 3 0.05685215095664621 0.27311343409915245 0.27439163484353096 0.3270078704441169 0.16498279252789932 0.12181977602183626 1.6525702169583139 
0.5564 3 0.04765534140961184 0.20576186678204497 0.15458075601015836 0.24425328379625957 0.1267086040958284 0.08514117195998784 1.3383716378620107 
0.1225 1 0.048321558109973774 0.2491433134515643 0.1933581980527917 0.24481653132580256 0.14873243578076903 0.09588774970507406 1.4307899825730117 
0.3956 2 0.03361268464707945 0.16351481163835016 0.10525367460880534 0.1370138165931111 0.0985637481427148 0.04732912601929892 1.145931627122359 
0.5491 3 0.05484387928970209 0.2407324824794405 0.26925581615229066 0.33646581009287374 0.1477881808845713 0.11547172014299127 1.6725631227927968 
0.6737 3 0.0772874416985646 0.3024742520219498 0.38606922048499576 0.5074334701696628 0.1898808468602572 0.19007512398904794 2.4528783962141314 
0.7775 3 0.050083093753961715 0.2239625576850332 0.3637263922305377 0.43227522398081064 0.13702282571949745 0.12469696904604573 1.9490330208790614 
0.7711 3 0.024679740176653715 0.12588593728132413 0.1308617276092683 0.16676473149671056 0.07528283872898893 0.04111728678140771 1.1505448327493843 
0.0323 1 0.026570665705623737 0.1278644045066058 0.12866349673043076 0.15663572864615183 0.07721753510611477 0.04184859827906197 1.1554079647048285 
0.1904 1 0.032219246524367945 0.1418719275155538 0.17379714925006523 0.2441664015454249 0.08704558701996087 0.05773318384883047 1.2703241673514962 
0.3649 2 0.02684056091396346 0.1446232342624564 0.11922718080391971 0.15928668895885703 0.08573189758820993 0.04495133145998324 1.1593973829244908 
0.2937 2 0.022931221154055378 0.08934499551223482 0.07647957685431932 0.09491717713739446 0.0561381083331451 0.021470563277227916 1.0536234195946947 
0.4721 3 0.029879391199152717 0.132678249068695 0.17257930311756145 0.20367026593525567 0.08127882013392386 0.04515898218738052 1.1806083903730131 
0.1788 1 0.03251174540991676 0.14615325613791916 0.18142014594242664 0.2126744075308072 0.08933250077391797 0.055287397368839336 1.260884730446403 
0.3591 2 0.029274629496685918 0.13781223853978103 0.11649168355727828 0.15009302190999954 0.08354343401823347 0.03804532206404841 1.1045046042849131 
0.1622 1 0.034433354077975833 0.1614983241163827 0.20851034229853108 0.24832560288191197 0.09796583909717926 0.06363348091495245 1.3289686898180861 
0.8197 3 0.0674593746223705 0.24389734174757352 0.3158892608860397 0.4252320383652848 0.155678358184972 0.14124788993686244 2.0173823374000452 
0.3966 2 0.034311355886285 0.17249222427931046 0.18120540818679706 0.25516022601691424 0.10340179008279773 0.06997550908596772 1.2935462776222664 
0.8972 3 0.05171924859275177 0.19293381045500319 0.29638929677715703 0.4205838466968963 0.12232652952387747 0.11207220495481483 1.6980567624772298 
0.1188 1 0.03002459820734233 0.12212179155655582 0.10994416635794918 0.1308949091647976 0.07607319488194908 0.0341964150424269 1.1102185721752986 
0.3252 2 0.026079198089743228 0.12727954536199054 0.1232607033678753 0.15309678992563733 0.07667937172586689 0.03904147903107401 1.1407157116285946 
0.2276 2 0.026371768302383816 0.14810859105259794 0.11992556452639808 0.16681681290988248 0.08724017967749087 0.0477447755803368 1.154698160583925 
0.1372 1 0.036597023382742344 0.15624574233302185 0.11067024445825885 0.13714356064125777 0.0964213828578821 0.043109302200553014 1.130667515899646 
0.2160 2 0.026174250390209885 0.13359845276722832 0.14383946871752637 0.18275993523142586 0.0798863515787191 0.04529420980355812 1.175784111121206 
0.2659 2 0.020756104170976102 0.09857320702120376 0.09335572938093921 0.10922953657589766 0.05966465559608993 0.028430932145446824 1.092575944832343 
0.1693 1 0.02321145341584924 0.12158187756353858 0.09975619385728862 0.13307616189432706 0.07239666548969391 0.03568908261013737 1.115050343731609 
0.2800 2 0.027134582636839523 0.15007398558176194 0.09697550071133951 0.12485270824366722 0.08860428410930073 0.043526313243421974 1.1468953340051573 
0.1407 1 0.026061112541687068 0.1165269663330594 0.08875104216095421 0.11159280973408582 0.07129403943737322 0.03061113622234876 1.0897413634950759 
0.3142 2 0.048038750632021884 0.2679047580410573 0.1956655331675918 0.2575273086719481 0.1579717543365396 0.1034660138306247 1.4083919822775852 
0.2382 2 0.020012396889786798 0.10390217770966612 0.09617031118557579 0.1259067711069339 0.06195728729972646 0.028612807741961645 1.0890806577558951 
0.3552 2 0.043149507551756054 0.2061484175766569 0.3823972710943566 0.47930230751357317 0.12464896256420648 0.11799699367990839 1.7629773255612722 
0.2549 2 0.03720804721097735 0.17445270882755182 0.17163820343739852 0.21690124389423318 0.10583037801926458 0.0673400351702062 1.306172219880231 
0.2455 2 0.04490721295836875 0.20278915055307073 0.1978189530048237 0.23603604622146432 0.12384818175571974 0.07633715313607822 1.3202739162927029 
0.0883 1 0.033667094028488165 0.14456614506584384 0.1581660946582107 0.19435278402387815 0.089116619547166 0.048441056876666076 1.189382803434825 
0.2192 2 0.015616410452157442 0.08432261826040635 0.10056501367470222 0.12505476876187668 0.0499695143562819 0.02525114246533831 1.0886982858337362 
0.1688 1 0.02328839956809091 0.10068368081566817 0.0789160286051926 0.10173021335173935 0.06198604019187954 0.026215061380576256 1.0693861762039218 
