0.5884 3 0.07152570806485944 0.3517640059331451 
0.3255 2 0.06694347479066981 0.3789882080849656 
0.0737 1 0.05622448511560276 0.17820067847067672 
0.0562 1 0.04283314564059374 0.21775618028194713 
0.0458 1 0.06599361133241176 0.2895885070791773 
0.6208 3 0.08277014990452404 0.2827618631708095 
0.0449 1 0.05640943765137461 0.24935431470840114 
0.2032 2 0.048051736448853216 0.2340437184240424 
0.2290 2 0.041231970939826015 0.20105162785820804 
0.5663 3 0.08359244852646246 0.45826861008035946 
0.0973 1 0.021730716917685786 0.12775315706815374 
0.0449 1 0.030336055280320115 0.1277400623480988 
0.6348 3 0.0880508035211158 0.2777322850345552 
0.0385 1 0.027209593838281688 0.1308305400521286 
0.1921 1 0.03112627091738318 0.1243289589461964 
0.1866 1 0.07614347235217318 0.36627459401286794 
0.0296 1 0.02412318492011225 0.09719946374990443 
0.2674 2 0.03806671435495308 0.16832650167283583 
0.6460 3 0.05941594980986757 0.2940553031875587 
0.1418 1 0.03410764571924095 0.16230833039498765 
0.2722 2 0.032229873299990504 0.1687919029356896 
0.5754 3 0.03822459061815243 0.17194582026325742 
0.3426 2 0.028220349205747917 0.17337568107875942 
0.1177 1 0.03412097866086931 0.14081377108379414 
0.1347 1 0.028867481397569682 0.13988025035569795 
0.4127 3 0.0753183566566239 0.36499647110970634 
0.8959 3 0.09308725799236957 0.3481454701528096 
0.4492 3 0.10249328867334331 0.43642744058605876 
0.3869 2 0.05043602484261754 0.2660117362514021 
0.4230 3 0.06189678391871607 0.25581442199177196 
0.3863 2 0.04153826845482063 0.21857534167551013 
0.1439 1 0.035086083476186164 0.207471583629312 
0.0898 1 0.02311646649656955 0.1159237321863004 
0.1924 1 0.031778876943136 0.15028982834405277 
0.0720 1 0.032085918294194285 0.13950309329361668 
0.0863 1 0.02916138595947736 0.15575186333722535 
0.0673 1 0.039442146275047114 0.18663588585859336 
0.0078 1 0.024559091804841875 0.09960454316218434 
0.2571 2 0.05830284982764631 0.24713613002527746 
0.1637 1 0.04420341125664262 0.15533664198808766 
0.0181 1 0.0159180299568178 0.07767335263565647 
0.1536 1 0.04922166679678672 0.22100621655818958 
0.1443 1 0.0182694649637375 0.09877839233699469 
0.1814 1 0.12004198862406004 0.5778734257183255 
0.2723 2 0.053190158322078 0.28920926275738296 
0.3431 2 0.06396417206873634 0.3241339218006698 
0.0998 1 0.02201811627865745 0.12256868668570879 
0.4474 3 0.05363284498016183 0.21926801621610434 
0.0507 1 0.02958679592344692 0.12464615526977 
0.1206 1 0.03451245351827074 0.16052890935036018 
0.5710 3 0.03439567221511124 0.1722846591592144 
0.6227 3 0.059789351194596246 0.23229730899573647 
0.1347 1 0.03326627129579564 0.18202840170148077 
0.6012 3 0.09475342220327287 0.46491305892626916 
0.4612 3 0.14031504047632612 0.33727305604050073 
0.2249 2 0.05297945902432736 0.23265471990169345 
0.2430 2 0.03236613523309747 0.1675585036681703 
0.3324 2 0.05118229141299379 0.22120741634638685 
0.2330 2 0.039288903333580365 0.17889648597672653 
0.3279 2 0.04413366620749218 0.20543407658812124 
0.3763 2 0.04950267770089951 0.24216885370880864 
0.0210 1 0.01964986368917905 0.08515981278480247 
0.1551 1 0.036804593483227635 0.17925195767213148 
0.1129 1 0.021414642868159372 0.1015938023122421 
0.4904 3 0.08103723916499113 0.3770217981085337 
0.0494 1 0.025637847379464635 0.12086889413509701 
0.2038 2 0.0369915634760019 0.17442010594790386 
0.1350 1 0.05991355917868032 0.2791148295197168 
0.2640 2 0.03159495320544716 0.16833632694802855 
0.1766 1 0.036596183242214794 0.18926459237366605 
0.0003 1 0.023654072994158355 0.08902630189444845 
0.1862 1 0.050596446502897484 0.2108032887707237 
0.1681 1 0.03174379237938664 0.14775080522217326 
0.0700 1 0.025844663258535776 0.14320751889857947 
0.0899 1 0.02968970338558919 0.1566898233665281 
0.1760 1 0.023994427869228212 0.10438786260471963 
0.3275 2 0.019533442963771852 0.09094411060768633 
0.4404 3 0.0728436614476127 0.3707870732875093 
0.1460 1 0.050976402148235886 0.26672053756992103 
0.3757 2 0.062063295306734594 0.2970209118721983 
0.4246 3 0.055126559593809285 0.2965528122802533 
0.8949 3 0.10071466380497832 0.47004467686208995 
0.2013 2 0.02864034733254288 0.09036014018356821 
0.1814 1 0.042297082229673225 0.18839851760155946 
0.2179 2 0.03475546427856152 0.16856044918113353 
0.2973 2 0.047276478441729455 0.20277693794058166 
0.2439 2 0.033882748069754394 0.15951776010876598 
0.7117 3 0.07925576593642077 0.39044532383911096 
0.1199 1 0.019847639276153784 0.08415447833417866 
0.2305 2 0.025443324352506947 0.1340441532444186 
0.2313 2 0.037230119006458895 0.17512465479490955 
0.3295 2 0.06691244028877585 0.2972049313677186 
0.3317 2 0.023886045896438047 0.1281379859013911 
0.1669 1 0.1049552445197773 0.38470731277637815 
0.1401 1 0.04801248603742995 0.2110865278287629 
0.2307 2 0.05523390829201052 0.28275173850807944 
0.3108 2 0.02443654768361183 0.11798595195973167 
0.7002 3 0.06816528827802078 0.2666066361952749 
0.2127 2 0.031469077308145965 0.13684757350322307 
0.1321 1 0.03186986673290754 0.16216661453568132 
0.2076 2 0.08148824651546098 0.39408646720830676 
0.1453 1 0.02590359599188791 0.12564325367641332 
0.4487 3 0.06865078194482148 0.26090476329690027 
0.6706 3 0.08695289244364773 0.3325354759108901 
0.0013 1 0.02228024534904062 0.07621123875883558 
0.0338 1 0.02374127097043659 0.11108803980943364 
0.2804 2 0.01738688378381475 0.08641093958521187 
0.0602 1 0.019022750285118 0.09590547105308825 
0.0138 1 0.026715172939289097 0.13370236615406378 
0.1807 1 0.025306997310519934 0.09306103298798227 
0.0237 1 0.028207845748432867 0.14751321367806797 
0.0465 1 0.017634011922875423 0.08628198193400008 
0.0138 1 0.011776427559642024 0.06017951599712442 
0.1165 1 0.03336052151288433 0.1843391785936252 
0.4891 3 0.07280041957632831 0.24702436616862386 
0.0705 1 0.040348734545868736 0.19798751453220462 
0.6658 3 0.027917819127995736 0.13474651048540093 
0.0551 1 0.017740725235972043 0.07217183729101553 
0.1366 1 0.0377456146535561 0.20288626686983288 
0.5991 3 0.06417125763781441 0.2391887620370159 
0.4158 3 0.030350576835456777 0.14354452679454657 
0.3853 2 0.056060888112604276 0.23545780782330983 
0.7290 3 0.1124223175727133 0.44038948744225576 
0.0378 1 0.021127586200930703 0.09465602926214142 
0.3463 2 0.06610446696102774 0.35860518123532487 
0.0733 1 0.021189094132785583 0.10693455128734972 
0.3112 2 0.06266407686106938 0.26956060934058523 
0.0522 1 0.022419674557763128 0.10731132216572895 
0.4587 3 0.08780702031631041 0.35183037490135094 
0.4961 3 0.043311868083266654 0.20433327502836174 
0.6582 3 0.1936688330802407 0.620293920943634 
0.3969 2 0.035797781788812516 0.18101920386123438 
0.2653 2 0.024168033281802184 0.128650873222661 
0.1723 1 0.058047133537129356 0.2905304105318266 
0.7534 3 0.05706772194824807 0.24369300898241972 
0.3547 2 0.023971774581868336 0.12168593350217738 
0.4594 3 0.026240063032420883 0.11861905554525543 
0.4590 3 0.03900967970856788 0.20255119844893538 
0.3094 2 0.09847133982744924 0.47557424051314856 
0.1402 1 0.06481485613716596 0.23772056452768098 
0.0441 1 0.018915007166706774 0.09193433361264418 
0.3058 2 0.03577596411313872 0.18550736789257513 
0.4293 3 0.05507283994809825 0.30521053093364336 
0.8875 3 0.09480739110936119 0.23580048819995963 
0.1086 1 0.039922416434713705 0.18103485778580147 
0.4178 3 0.03734785582206537 0.14999818389348182 
0.8272 3 0.07498006733248876 0.2844922976080959 
0.6143 3 0.050856671809263815 0.22499869489482965 
0.3869 2 0.062228228749374885 0.32596233654860224 
0.1500 1 0.04046003172812358 0.22070908055674274 
0.2421 2 0.045405619497374615 0.21693854120822992 
0.2033 2 0.04533914645230518 0.20656129668294093 
0.1181 1 0.045506025787915724 0.22490180304971594 
0.3325 2 0.043222816145662146 0.19615911286062584 
0.3104 2 0.04161595343283817 0.20863458979301255 
0.5037 3 0.05490461529174558 0.2231037027735911 
0.3138 2 0.04531912406400797 0.18236395854775286 
0.1466 1 0.013348689035368847 0.057191009651694345 
0.6291 3 0.041191259797589086 0.17279951444291264 
0.1950 1 0.03415581764100252 0.17463501142202748 
0.2433 2 0.04605779005822823 0.20231731958861773 
0.6106 3 0.06855194152394378 0.2923278220280019 
0.0708 1 0.048639609791163635 0.17845188593735023 
0.2389 2 0.026166934977448417 0.13818824022496293 
0.5564 3 0.04765534140961184 0.20576186678204497 
0.1225 1 0.048321558109973774 0.2491433134515643 
0.3956 2 0.03361268464707945 0.16351481163835016 
0.4580 3 0.041750502679315515 0.19289871217700738 
0.6737 3 0.0772874416985646 0.3024742520219498 
0.7775 3 0.050083093753961715 0.2239625576850332 
0.7711 3 0.024679740176653715 0.12588593728132413 
0.1824 1 0.04345027736945938 0.2611235856966405 
0.1904 1 0.032219246524367945 0.1418719275155538 
0.3649 2 0.02684056091396346 0.1446232342624564 
0.2937 2 0.022931221154055378 0.08934499551223482 
0.2041 2 0.023648875642735795 0.1120801245098854 
0.1788 1 0.03251174540991676 0.14615325613791916 
0.3591 2 0.029274629496685918 0.13781223853978103 
0.1622 1 0.034433354077975833 0.1614983241163827 
0.2188 2 0.06654789085591752 0.3111582661408693 
0.3966 2 0.034311355886285 0.17249222427931046 
0.8972 3 0.05171924859275177 0.19293381045500319 
0.1188 1 0.03002459820734233 0.12212179155655582 
0.4853 3 0.033100618236594305 0.1805550735233207 
0.2276 2 0.026371768302383816 0.14810859105259794 
0.1372 1 0.036597023382742344 0.15624574233302185 
0.2160 2 0.026174250390209885 0.13359845276722832 
0.4292 3 0.031521535628828014 0.15833332411356507 
0.1693 1 0.02321145341584924 0.12158187756353858 
0.2800 2 0.027134582636839523 0.15007398558176194 
0.1407 1 0.026061112541687068 0.1165269663330594 
0.3183 2 0.0871219124406502 0.3907537215364904 
0.2382 2 0.020012396889786798 0.10390217770966612 
0.3552 2 0.043149507551756054 0.2061484175766569 
0.2549 2 0.03720804721097735 0.17445270882755182 
0.2388 2 0.047930557145191365 0.19954363889060245 
0.0883 1 0.033667094028488165 0.14456614506584384 
0.2192 2 0.015616410452157442 0.08432261826040635 
0.1688 1 0.02328839956809091 0.10068368081566817 
