0.1850 1 0.012538504798146222 0.08122020945163648 
0.6341 3 0.0625095587737768 0.2554901351718348 
0.2116 2 0.07457260518923389 0.2544363732188152 
0.0850 1 0.029835515072264684 0.12663944777678043 
0.0133 1 0.03751892330374403 0.2958106581833093 
0.0320 1 0.009203884059973183 0.06249448492842143 
0.1696 1 0.030597005282087832 0.1295635820178465 
0.5807 3 0.02561953170690578 0.21468124173362318 
0.0557 1 0.02677010556881702 0.10041663143620169 
0.1820 1 0.015600763539982642 0.09462411005916468 
0.3402 2 0.015940927461934633 0.07532319587184486 
0.9805 3 0.023029093035240075 0.1803464869197571 
0.7749 3 0.10212678543241364 0.39123594001410505 
0.1823 1 0.014279854322372566 0.09337443693317317 
0.0844 1 0.027239084479147947 0.14708424765092082 
0.6396 3 0.030176589171288997 0.1985741099123976 
0.5871 3 0.018746236066192867 0.1745334673110029 
0.0242 1 0.013924841338872522 0.061766751720819725 
0.2510 2 0.013083439112183496 0.07507252370335324 
0.0942 1 0.0369394998435297 0.16611512589923177 
0.2036 2 0.010888138560377214 0.06967551919667817 
0.0097 1 0.011768563505385972 0.04856949467886086 
0.3755 2 0.021424984440477687 0.12919191317822648 
0.6068 3 0.03292299788506866 0.14795608948317077 
0.1563 1 0.019694163806779078 0.08709931846092406 
0.7266 3 0.02994087525590544 0.21478822058687594 
0.1752 1 0.03579179985516941 0.12843482143958526 
0.7436 3 0.023196221410029045 0.18239510435578116 
0.3565 2 0.009269599844424593 0.06066699388340572 
0.0992 1 0.01663495670099074 0.0753208589550599 
0.0047 1 0.006399232937040391 0.036904138000067324 
0.0604 1 0.012283924386260192 0.063654362709463 
0.4911 3 0.04785351937454994 0.2222567692949177 
0.7926 3 0.034725479196630084 0.2218830265407082 
0.4635 3 0.022660853522572896 0.12424928800827217 
0.1342 1 0.008586021798987403 0.05753676532798271 
0.4111 3 0.045065340451500964 0.18588948024407537 
0.5250 3 0.03700317720027864 0.1952277597052588 
0.3082 2 0.03261078495049901 0.16802723519195714 
0.1451 1 0.011185415726987953 0.07706442668671323 
0.2164 2 0.034481619191050764 0.18766741449304686 
0.4506 3 0.014734062805161477 0.11117349627568518 
0.2596 2 0.014227612211767925 0.07013781195596237 
0.0450 1 0.015073664229465026 0.0743257121828452 
0.0918 1 0.014518995007018901 0.06094588489623924 
0.0225 1 0.005892446804103314 0.04097944053202475 
0.0181 1 0.024239387563046434 0.13356132253174263 
0.5215 3 0.014497464578607504 0.08734503443575584 
0.2714 2 0.03629235302324655 0.21161535663883768 
0.1345 1 0.008342779169448575 0.07179780351095938 
0.5806 3 0.03393435842856294 0.16573403705252185 
0.2302 2 0.016121717356724203 0.12857777739318213 
0.3848 2 0.027945658186163333 0.14673691658712268 
0.0998 1 0.00848571826610695 0.04887439703735576 
0.2814 2 0.02444673882595978 0.21548531879852958 
0.0543 1 0.07409386941347913 0.3436943380020478 
0.2040 2 0.01299104215842419 0.09104301441153018 
0.1966 1 0.025683944090600805 0.13970891020685022 
0.0333 1 0.012964376358542721 0.060710899700009535 
0.1603 1 0.01475281205329326 0.0971334242319821 
0.6521 3 0.027020221354830103 0.20718018769820615 
0.3217 2 0.016119514651049698 0.07442702348158559 
0.0833 1 0.013172889335930369 0.07257528739623717 
0.3852 2 0.036383098696556475 0.23811798551087837 
0.8930 3 0.029853141208756144 0.21261513506661434 
0.4014 3 0.043177989198240715 0.22809340796355176 
0.2332 2 0.01613159417224994 0.11499656665392777 
0.7436 3 0.054299441181623255 0.3292344002826634 
0.3911 2 0.07732701416289849 0.303030827097096 
0.3358 2 0.02278813801263766 0.1192989682341894 
0.0540 1 0.013819754994587919 0.07662457679344727 
0.3147 2 0.01923860872485792 0.10432450177879407 
0.2080 2 0.04730536415656056 0.20338866893664354 
0.3506 2 0.019436841376895258 0.08220470395479383 
0.3772 2 0.02663287489443781 0.12901242964725354 
0.0325 1 0.009195557038587068 0.06935784501162032 
0.3927 2 0.04409752226752026 0.15471664403734559 
0.0097 1 0.02116460947986903 0.07874195517226312 
0.0838 1 0.013488538139608989 0.10088365651224063 
0.2667 2 0.023211873365870387 0.10572609386067389 
0.0490 1 0.015976641991007616 0.09231732063646292 
0.5989 3 0.0370231232574831 0.20390487277476801 
0.0144 1 0.01573865899012618 0.09436610200526194 
0.2417 2 0.019921768998592083 0.1078760780052955 
0.2977 2 0.023758924730091925 0.13421915719320743 
0.0273 1 0.012110011506721226 0.06599560775142353 
0.3096 2 0.01851584162982284 0.11907929532970049 
0.1979 1 0.017430894023113503 0.09398933780002174 
0.0014 1 0.007141362178130634 0.046217153888803764 
0.1727 1 0.01739641112296036 0.11895546079462786 
0.3477 2 0.011192969455542056 0.05509672740529178 
0.4035 3 0.028613594160803654 0.09094662662136554 
0.0774 1 0.010188836179570702 0.06547908711076095 
0.0140 1 0.015052236488525479 0.06998257460583544 
0.2435 2 0.01025855473542696 0.04332999311403146 
0.3572 2 0.023321731402683926 0.1745137551141603 
0.0634 1 0.007124757844484861 0.04376223109985006 
0.4110 3 0.030969818836498925 0.18773813122974453 
0.2663 2 0.036583495454413015 0.18479140877662462 
0.4986 3 0.03453820189296635 0.19087129977716408 
0.2683 2 0.010241919601436543 0.05719864728897556 
0.3996 2 0.027580191916544164 0.12526470451715435 
0.8147 3 0.05302943652991889 0.3096031293741956 
0.2381 2 0.027576045589906045 0.07210536943367701 
0.1755 1 0.026221828145016737 0.1692163825094471 
0.3216 2 0.021948573459879897 0.1582712445437596 
0.4365 3 0.019502764093798093 0.12916223070246224 
0.2339 2 0.023716538265862907 0.14128127879660038 
0.1608 1 0.02535757530022808 0.11114074217510472 
0.8986 3 0.03583186770665468 0.18613589501547914 
0.3726 2 0.014678824615751197 0.12289114648588732 
0.2540 2 0.005715375964577818 0.040458841477374684 
0.3560 2 0.019398002468530455 0.1011358151519793 
0.3132 2 0.021334724966739837 0.10043734772899866 
0.3928 2 0.03360342054218406 0.19318859388272458 
0.3335 2 0.02131718373092999 0.09012592418296815 
0.3995 2 0.008323559574501193 0.062404363366504526 
0.5379 3 0.07568013760244299 0.26742085042951064 
0.2057 2 0.016546341409120015 0.12840010684989062 
0.3275 2 0.04108146214248236 0.14692385074816974 
0.0122 1 0.01879337349276064 0.0925821213036545 
0.3889 2 0.010914411092948044 0.06556136798594658 
0.6224 3 0.030324884374220824 0.21484759479243537 
0.2805 2 0.012380614475736598 0.05875266799710595 
0.4955 3 0.03632126561065082 0.10192509379536947 
0.2379 2 0.014747931321895938 0.1036517202527929 
0.2463 2 0.03745921583803949 0.22127076483712926 
0.1917 1 0.014370617023602497 0.07887894009779087 
0.2751 2 0.03335019952863562 0.2124938712212064 
0.6110 3 0.02458691448480793 0.1896917410205497 
0.4919 3 0.032294753815098255 0.1056054441780411 
0.0070 1 0.010272289903809108 0.043885862487967234 
0.1637 1 0.01351762373674118 0.08167499162865105 
0.2762 2 0.008113599792187018 0.04047667574970437 
0.0607 1 0.008201781334674621 0.05352252702839426 
0.1172 1 0.0223982785749931 0.12324650082528651 
0.0383 1 0.013061999841102869 0.09217124439234324 
0.2323 2 0.013493045700538716 0.05516848141909029 
0.0203 1 0.013400240446011081 0.07591244846232857 
0.1003 1 0.007182141536269107 0.042202087060200476 
0.5808 3 0.027583916087536797 0.21787353038377658 
0.0088 1 0.011122926210590921 0.08677334626677297 
0.0840 1 0.024638441522553886 0.09861529645724978 
0.9077 3 0.023675995052648564 0.20979922496777723 
0.0568 1 0.03669713505959065 0.14088188130144902 
0.3414 2 0.014509255299958362 0.08471314834245958 
0.0836 1 0.03539850229492591 0.12487950342046791 
0.0334 1 0.007232590904932334 0.04552254101222221 
0.1511 1 0.033089729610342136 0.1123606913588016 
0.5557 3 0.02949087627254791 0.12418512891394347 
0.4205 3 0.022566868569827283 0.11932825919808657 
0.2615 2 0.021929734462634902 0.10620235997933909 
0.3406 2 0.0227820447667131 0.13731407540547905 
0.8483 3 0.05632456435832835 0.35786426302960406 
0.0229 1 0.007112172390414257 0.04338994168950663 
0.6142 3 0.016000059005485325 0.13076560299084508 
0.6260 3 0.039205481102294 0.22921505467522324 
0.0299 1 0.009380809081594029 0.06185690010199467 
0.3786 2 0.01865546115601219 0.13463635987295167 
0.3169 2 0.0103711358487737 0.04936075756571691 
0.3594 2 0.061859673083923344 0.254085805092931 
0.5817 3 0.03966958480907974 0.18036384224066063 
0.4473 3 0.01562488587920048 0.11806201715685868 
0.7308 3 0.2396724037480903 0.5115555706273065 
0.4914 3 0.02947325529738075 0.16501464966397777 
0.5467 3 0.01331658239239055 0.08743413446015211 
0.2702 2 0.010044790814135573 0.07868936835395628 
0.1568 1 0.07344101434116702 0.2025826210371827 
0.6426 3 0.027588020391284378 0.17454062772212872 
0.6885 3 0.011729566356112183 0.0955716503408384 
0.3795 2 0.03227735639033632 0.21249255545376539 
0.0843 1 0.005213040787865894 0.031781558543493224 
0.5575 3 0.03354151904038747 0.26820695069059564 
0.3297 2 0.06495809227018287 0.30823207581510326 
0.0412 1 0.017087254621135674 0.1688517313410373 
0.5757 3 0.033788316402200785 0.1290356418406366 
0.0075 1 0.007330736645267587 0.04442187685937329 
0.4621 3 0.02824662164230965 0.1192752908341381 
0.3262 2 0.02809348079403048 0.12039290293601171 
0.7208 3 0.012772474214579882 0.11664752931871672 
0.2104 2 0.013770574787748268 0.047180213245049396 
0.0176 1 0.022328480581611798 0.11814773541776243 
0.6246 3 0.025169013007495813 0.1671187769316472 
0.8617 3 0.04288615863160666 0.3424046985853503 
0.6702 3 0.017060557837756656 0.13740032171470234 
0.2918 2 0.007258245445407316 0.06836922835641739 
0.3897 2 0.038190422382326616 0.16716253178441934 
0.1136 1 0.01747840142863072 0.0897448979366883 
0.2375 2 0.008598728089153424 0.046938749874785524 
0.3621 2 0.024637043162328336 0.11347827448906786 
0.6367 3 0.045445322200978015 0.18644375182561124 
0.1878 1 0.04037032274196885 0.13128175897420344 
0.5465 3 0.019797907138595274 0.09652708755046868 
0.1375 1 0.019698047199392478 0.1256309554856915 
0.6659 3 0.030701602550599005 0.15511579752170457 
0.2504 2 0.020145785935100188 0.110136340235933 
0.3791 2 0.022425305043172552 0.1523420871696745 
0.6371 3 0.008167064855488713 0.06335651535444017 
0.6673 3 0.02855926267676167 0.17887522246992535 
0.5102 3 0.02680569263893778 0.17266939742897341 
0.0074 1 0.007989016401341274 0.05108978361598241 
0.3556 2 0.03262654988658556 0.1648169280368604 
0.5931 3 0.05147417230578383 0.19298300155353082 
0.5977 3 0.011565005319666293 0.07292684042559619 
0.2649 2 0.015991107954226917 0.08562085456446164 
0.5090 3 0.016025461983623302 0.10401385027736006 
0.5608 3 0.013834497746559864 0.11225580245721148 
0.0853 1 0.020543772994896934 0.14327285838434572 
0.2851 2 0.019348389217518334 0.09489463006004469 
0.5858 3 0.027551647635652973 0.12020641253106598 
0.5767 3 0.034590650774093235 0.21498581179193801 
0.7524 3 0.056726327026973715 0.24538869312307798 
0.8169 3 0.018428691028374956 0.1562971356964971 
0.8313 3 0.016611551466759755 0.153315423951552 
0.1498 1 0.024613305932184047 0.1040695434333658 
0.0138 1 0.014883226283547457 0.07860812533221981 
0.2878 2 0.020268484864588605 0.11919175839482307 
0.3538 2 0.011156947105587234 0.06081064987928554 
0.1885 1 0.015711388340330222 0.06560691444626415 
0.3791 2 0.017832150285164803 0.10664013486015562 
0.4648 3 0.010741803285385439 0.06756563443204637 
0.1684 1 0.019336539175184544 0.10489372475268573 
0.1707 1 0.036575045177486463 0.09166097833214454 
0.2113 2 0.02337308644637625 0.12114167155115693 
0.2910 2 0.05773369250827169 0.22122578063890427 
0.8829 3 0.020187689025324074 0.16757942623124017 
0.5891 3 0.016021011470661102 0.10273761783479288 
0.9583 3 0.016153285002902282 0.15996015866660218 
0.2559 2 0.01594712383713879 0.08116831775495612 
0.5477 3 0.016314323468558104 0.1292578809211273 
0.3743 2 0.011775635818198201 0.06737269365925172 
0.2939 2 0.01695472914589855 0.1029313473618447 
0.0161 1 0.01070800630371628 0.08786832982125584 
0.4115 3 0.020196409204501845 0.10054749913564553 
0.4836 3 0.020693338174908225 0.12604385683100214 
0.2377 2 0.010543270756959643 0.06247363249344161 
0.1061 1 0.010755116766751116 0.06364745445401128 
0.0185 1 0.0073577495842426155 0.042383714278482296 
0.0788 1 0.012122845025062138 0.05958629568524013 
0.2616 2 0.021059502976720584 0.11071496305058828 
0.3199 2 0.04108672738736295 0.1956398917212349 
0.1434 1 0.010552785445507386 0.0596626348595247 
0.4454 3 0.035976961281729274 0.25239712685033666 
0.4070 3 0.01507692169707832 0.08918936423751878 
0.2285 2 0.019944648721299873 0.1440402890526213 
0.2210 2 0.01470029029833299 0.11493808439824982 
0.2941 2 0.021849793251266448 0.08371989624617492 
0.3796 2 0.012348128218064911 0.06145189447835654 
0.1598 1 0.01480652654015532 0.07460799371212427 
