0.1850 1 0.012538504798146222 0.08122020945163648 0.024118220035074404 0.03481292274174544 0.04687935712489135 0.01784072087810997 1.0250645991948386 
0.6341 3 0.0625095587737768 0.2554901351718348 0.08506040552241428 0.11215518869304836 0.15899984697280578 0.06574072946120273 1.1761819883750826 
0.2116 2 0.07457260518923389 0.2544363732188152 0.05898347474648687 0.0735210186994941 0.16450448920402455 0.04670701203403902 1.0872785561683322 
0.0850 1 0.029835515072264684 0.12663944777678043 0.028393742449837594 0.037164722209487314 0.07823748142452255 0.024742857639164603 1.0353235803387355 
0.0133 1 0.03751892330374403 0.2958106581833093 0.12400545435330396 0.15911414237470126 0.16666479074352666 0.10910474699261696 1.5956695665366094 
0.0320 1 0.009203884059973183 0.06249448492842143 0.021979699216673098 0.03292034964269296 0.03584918449419731 0.01440566656901262 1.0191177809669356 
0.1696 1 0.030597005282087832 0.1295635820178465 0.035933128793002346 0.04193021646085636 0.08008029364996717 0.02833826960237905 1.0463319314403035 
0.5807 3 0.02561953170690578 0.21468124173362318 0.06765820783573256 0.10570604330793248 0.12015038672026448 0.07172288831465763 1.2238322213290733 
0.0557 1 0.02677010556881702 0.10041663143620169 0.024895777500073366 0.0316187088141558 0.06359336850250935 0.018723082409969928 1.0232167130358416 
0.1820 1 0.015600763539982642 0.09462411005916468 0.02389571415502917 0.03429103633440406 0.055112436799573665 0.020678095569877406 1.0284137744962027 
0.3402 2 0.015940927461934633 0.07532319587184486 0.023973928111524365 0.03093535541069095 0.045632061666889746 0.014938464254699352 1.0187061066793752 
0.9805 3 0.023029093035240075 0.1803464869197571 0.09545460230419586 0.12511310997548108 0.10168778997749858 0.05993156128645081 1.2470697158902537 
0.7749 3 0.10212678543241364 0.39123594001410505 0.21767714042369796 0.2524090439440422 0.24668136272325936 0.17423535930720585 2.5715645870866797 
0.1823 1 0.014279854322372566 0.09337443693317317 0.03506303342319484 0.04939336949871763 0.05382714562777287 0.022322842889474552 1.0417387552604596 
0.0844 1 0.027239084479147947 0.14708424765092082 0.03835968160078462 0.056438255755742295 0.08716166606503438 0.03309869278972873 1.0646264720065794 
0.6396 3 0.030176589171288997 0.1985741099123976 0.15918005518323258 0.17242423262608014 0.1143753495418433 0.09144012404773842 1.6323944518153612 
0.5871 3 0.018746236066192867 0.1745334673110029 0.04936781668489738 0.07832417206627858 0.09663985168859787 0.04903354237351317 1.1299736735666421 
0.0242 1 0.013924841338872522 0.061766751720819725 0.020624444910992842 0.029362062346483576 0.037845796529846126 0.01232857655862049 1.0144132440712423 
0.2510 2 0.013083439112183496 0.07507252370335324 0.01868873386767628 0.02644532072692669 0.04407798140776837 0.015377258482899694 1.0171946032744288 
0.0942 1 0.0369394998435297 0.16611512589923177 0.03320785447872743 0.04794940493153807 0.10152731287138074 0.0335022061373442 1.0550851110339985 
0.2036 2 0.010888138560377214 0.06967551919667817 0.02213338072286884 0.03151200722944488 0.04028182887852769 0.015413288023237081 1.020125225977613 
0.0097 1 0.011768563505385972 0.04856949467886086 0.017455170617414934 0.02245699872217499 0.030169029092123417 0.009432571940285446 1.0089633248334198 
0.3755 2 0.021424984440477687 0.12919191317822648 0.06281530998030468 0.08152343005135404 0.07530844880935209 0.03500936254550935 1.1006374959773582 
0.6068 3 0.03292299788506866 0.14795608948317077 0.042130148560449436 0.05051471301527386 0.09043954368411972 0.030505711749046538 1.0552803053187734 
0.1563 1 0.019694163806779078 0.08709931846092406 0.02294424961919138 0.036612747378857724 0.053396741133851566 0.0176927179010395 1.023825170059019 
0.7266 3 0.02994087525590544 0.21478822058687594 0.1006733127626064 0.11799287772814761 0.12236454792139069 0.07135349961217305 1.3141215513571252 
0.1752 1 0.03579179985516941 0.12843482143958526 0.040685403427613086 0.0564367399327057 0.08211331064737734 0.024448645170090412 1.0420618395157863 
0.7436 3 0.023196221410029045 0.18239510435578116 0.05946151047009549 0.10074760272100514 0.1027956628829051 0.05151866192751741 1.1536647738743804 
0.3565 2 0.009269599844424593 0.06066699388340572 0.019650299155110424 0.027343581113580546 0.03496829686391516 0.013466328006959648 1.0156862925304793 
0.0992 1 0.01663495670099074 0.0753208589550599 0.019441044667014882 0.025743339328534454 0.04597790782802532 0.014238477835477662 1.0151648211769961 
0.0047 1 0.006399232937040391 0.036904138000067324 0.011219956189424595 0.01795491574145645 0.02165168546855386 0.007298847422123651 1.005625848715564 
0.0604 1 0.012283924386260192 0.063654362709463 0.022037939585732007 0.028978727126522143 0.03796914354786159 0.012995850795171007 1.015586875830923 
0.4911 3 0.04785351937454994 0.2222567692949177 0.06448353084141256 0.08279486064177458 0.1350551443347338 0.05508915473518615 1.1479225276395164 
0.7926 3 0.034725479196630084 0.2218830265407082 0.0682708712868761 0.08931047121279513 0.12830425286866914 0.05925065463849336 1.1694350515042644 
0.4635 3 0.022660853522572896 0.12424928800827217 0.04130542316224986 0.05121925582240745 0.07345507076542254 0.032316353962642284 1.0659469309635166 
0.1342 1 0.008586021798987403 0.05753676532798271 0.020640118322630734 0.029182074784169863 0.03306139356348506 0.012644763315884086 1.0153896412062478 
0.4111 3 0.045065340451500964 0.18588948024407537 0.050254851249047425 0.06729243612924755 0.11547741034778816 0.03999939390036364 1.08204654325541 
0.5250 3 0.03700317720027864 0.1952277597052588 0.06994946143334939 0.09290673875260601 0.11611546845276871 0.05019558601861714 1.138733681593011 
0.3082 2 0.03261078495049901 0.16802723519195714 0.05767571839775122 0.07638175006805678 0.10031901007122808 0.039227790545364856 1.094709881684832 
0.1451 1 0.011185415726987953 0.07706442668671323 0.02148431990401216 0.030999035030320674 0.04412492120685059 0.01754486115754292 1.0226483416540169 
0.2164 2 0.034481619191050764 0.18766741449304686 0.05023323123316799 0.06403873391092968 0.1110745168420488 0.04745244790834137 1.1124969967779186 
0.4506 3 0.014734062805161477 0.11117349627568518 0.03754168857637687 0.05320389593303638 0.06295377954042333 0.02689752320132756 1.0544214752252032 
0.2596 2 0.014227612211767925 0.07013781195596237 0.01977579457061546 0.0267925637898999 0.04218271208386515 0.013684880555931912 1.015042810105803 
0.0450 1 0.015073664229465026 0.0743257121828452 0.0234795701014592 0.03177823369886613 0.044699688206155115 0.015155892441349607 1.0192398428447558 
0.0918 1 0.014518995007018901 0.06094588489623924 0.01828103168703684 0.023513651896156833 0.037732439951629074 0.011873887987205898 1.0116886865372947 
0.0225 1 0.005892446804103314 0.04097944053202475 0.012219051337729986 0.020515905222943293 0.023435943668064032 0.008386412557150353 1.0073964861142712 
0.0181 1 0.024239387563046434 0.13356132253174263 0.04495625179064917 0.05684972904483887 0.07890035504739454 0.033056092334457186 1.070767025156766 
0.5215 3 0.014497464578607504 0.08734503443575584 0.03371906357187082 0.045800177465291754 0.05092124950718167 0.02000421002581366 1.0352246538142835 
0.2714 2 0.03629235302324655 0.21161535663883768 0.0649573846293901 0.10638466599179376 0.12395385483104211 0.06629648586450969 1.17426274519308 
0.1345 1 0.008342779169448575 0.07179780351095938 0.022029034667242507 0.04307827826285487 0.04007029134020398 0.019307933961408383 1.0300525388845678 
0.5806 3 0.03393435842856294 0.16573403705252185 0.05807185804428361 0.0694031758795731 0.09983419774054239 0.04111110520248225 1.100315636644614 
0.2302 2 0.016121717356724203 0.12857777739318213 0.08155557236744522 0.10023461117756499 0.07234974737495317 0.04582230389403737 1.1759703705307618 
0.3848 2 0.027945658186163333 0.14673691658712268 0.0435148610100235 0.05856766602175406 0.08734128738664301 0.03271869051161923 1.0658638326969738 
0.0998 1 0.00848571826610695 0.04887439703735576 0.024958623093824024 0.034529311530660654 0.028680057651731355 0.010700604718675765 1.0148706528507359 
0.2814 2 0.02444673882595978 0.21548531879852958 0.0651335018758774 0.09484095855979956 0.11996602881224468 0.06659053057345495 1.2131782548812309 
0.0543 1 0.07409386941347913 0.3436943380020478 0.17455532025593212 0.22844439028658817 0.20889410370776346 0.1358445917460918 1.9442118278403597 
0.2040 2 0.01299104215842419 0.09104301441153018 0.02480136177905992 0.035832861223243015 0.05201702828497718 0.020827220076321325 1.030122293519882 
0.1966 1 0.025683944090600805 0.13970891020685022 0.03642191216608022 0.05501611268036807 0.08269642714872552 0.030760866619826587 1.0579236320780159 
0.0333 1 0.012964376358542721 0.060710899700009535 0.022665510005820663 0.029338192508823916 0.03683763802927613 0.011676110643402834 1.013767219815751 
0.1603 1 0.01475281205329326 0.0971334242319821 0.023311899005715345 0.03838440515718475 0.05594311814263768 0.021340893767278105 1.0311268928903574 
0.6521 3 0.027020221354830103 0.20718018769820615 0.08886504883781708 0.12003028891243088 0.11710020452651812 0.06803814770604168 1.273053100163253 
0.3217 2 0.016119514651049698 0.07442702348158559 0.023372993877487074 0.03332457650078595 0.045273269066317644 0.014131750717017983 1.0182138539156593 
0.0833 1 0.013172889335930369 0.07257528739623717 0.018788866073798705 0.02890172093347304 0.04287408836608377 0.014561477760179489 1.017092197187152 
0.3852 2 0.036383098696556475 0.23811798551087837 0.09451674434805131 0.13252202780369315 0.13725054210371743 0.06620511309767539 1.2123195859151565 
0.8930 3 0.029853141208756144 0.21261513506661434 0.07776758405824236 0.11103469157891134 0.12123413813768524 0.05948863282438784 1.1895443855093466 
0.4014 3 0.043177989198240715 0.22809340796355176 0.07059078808777067 0.1073809519407552 0.13563569858089625 0.06233079109210433 1.1627879135637988 
0.2332 2 0.01613159417224994 0.11499656665392777 0.04050897663071865 0.05724247534661797 0.06556408041308885 0.030009026368062918 1.0642376859863159 
0.7436 3 0.054299441181623255 0.3292344002826634 0.14771995486452852 0.1828147692643932 0.19176692073214333 0.11884831938998552 1.6588523476466535 
0.3911 2 0.07732701416289849 0.303030827097096 0.19728318523094554 0.26241432218662075 0.19017892062999725 0.13987978618521896 2.1744448478709835 
0.3358 2 0.02278813801263766 0.1192989682341894 0.03562732613108391 0.048749811271986854 0.07104355312341352 0.02723691184892307 1.048267853907168 
0.0540 1 0.013819754994587919 0.07662457679344727 0.022136809665086854 0.032635539180919416 0.04522216589401759 0.016293481368686694 1.0207731825903816 
0.3147 2 0.01923860872485792 0.10432450177879407 0.03349473148023216 0.04672938119575577 0.06178155525182599 0.022808854908005733 1.0389793691118159 
0.2080 2 0.04730536415656056 0.20338866893664354 0.048856744253325014 0.062312029594225424 0.12534701654660205 0.036306363716176876 1.0619365306394892 
0.3506 2 0.019436841376895258 0.08220470395479383 0.031361478256481334 0.04037494862902705 0.050820772665844546 0.016809657515034288 1.0256974388156466 
0.3772 2 0.02663287489443781 0.12901242964725354 0.047885096771943685 0.062478476838475495 0.07782265227084567 0.03042533154505966 1.0665275316164433 
0.0325 1 0.009195557038587068 0.06935784501162032 0.024959041130000234 0.03744876835066688 0.039276701025103694 0.01640615986560714 1.0247705690270632 
0.3927 2 0.04409752226752026 0.15471664403734559 0.05646996616022313 0.07296836372237059 0.09940708315243292 0.0337160111554454 1.0719323698308143 
0.0097 1 0.02116460947986903 0.07874195517226312 0.020573965295933472 0.027152210730617687 0.04995328232606608 0.013255476106773299 1.0140456453465485 
0.0838 1 0.013488538139608989 0.10088365651224063 0.030304775174588506 0.04820203850794297 0.057186097325924806 0.024549342886202426 1.043487388976238 
0.2667 2 0.023211873365870387 0.10572609386067389 0.03416234312577994 0.04685645881599341 0.06446898361327214 0.019753985547203177 1.0314964244470193 
0.0490 1 0.015976641991007616 0.09231732063646292 0.026804115239556132 0.03961705627453779 0.05414698131373527 0.020089518521985903 1.0303844147170282 
0.5989 3 0.0370231232574831 0.20390487277476801 0.05348767573232832 0.07078942620935605 0.12046399801612556 0.050583180253422684 1.1239915662263293 
0.0144 1 0.01573865899012618 0.09436610200526194 0.0340944529836732 0.046619533323551246 0.05505238049769406 0.022445633620241046 1.0392816358015595 
0.2417 2 0.019921768998592083 0.1078760780052955 0.03755001700769467 0.048373046023925274 0.06389892350194379 0.02434646336441778 1.0445578364141046 
0.2977 2 0.023758924730091925 0.13421915719320743 0.041243497335434386 0.05550613463207039 0.07898904096164967 0.03162267451231487 1.0627006779567163 
0.0273 1 0.012110011506721226 0.06599560775142353 0.022378819299613613 0.0310635026164796 0.03905280962907238 0.013818562586361388 1.0174467561597151 
0.3096 2 0.01851584162982284 0.11907929532970049 0.04418388006074973 0.059391314207620935 0.06879756847976166 0.029313284903304954 1.0644100463118524 
0.1979 1 0.017430894023113503 0.09398933780002174 0.031669782994126046 0.04355862189845522 0.05571011591156762 0.020437043474010316 1.0334899633633332 
0.0014 1 0.007141362178130634 0.046217153888803764 0.014491516936344772 0.0215794820422337 0.0266792580334672 0.009483522477247572 1.0088430797153063 
0.1727 1 0.01739641112296036 0.11895546079462786 0.04691494655928368 0.062329645584169896 0.0681759359587941 0.03259399407571149 1.07797314482709 
0.3477 2 0.011192969455542056 0.05509672740529178 0.017102879837042263 0.023312551685118945 0.033144848430416915 0.010879175311985888 1.0107747746874858 
0.4035 3 0.028613594160803654 0.09094662662136554 0.027057501092476215 0.03496842304330288 0.0597801103910846 0.016354656906107275 1.0213762831075643 
0.0774 1 0.010188836179570702 0.06547908711076095 0.02100024577797527 0.032018153702493356 0.03783396164516582 0.013829820439636806 1.0177316176777333 
0.0140 1 0.015052236488525479 0.06998257460583544 0.019612658057216223 0.025583799177235845 0.04251740554718046 0.014007210027810909 1.0150624526995404 
0.2435 2 0.01025855473542696 0.04332999311403146 0.014535540882872549 0.0182306618837177 0.02679427392472921 0.00827148930690734 1.0066191556917756 
0.3572 2 0.023321731402683926 0.1745137551141603 0.06691843901024751 0.08887416469684892 0.09891774325842212 0.05099315424736676 1.163406737779132 
0.0634 1 0.007124757844484861 0.04376223109985006 0.018467244119584905 0.02707554207006137 0.02544349447216746 0.009353252790000809 1.0106435318098665 
0.4110 3 0.030969818836498925 0.18773813122974453 0.05140505713256579 0.06661071545258143 0.10935397503312173 0.04614253036791303 1.111455769829961 
0.2663 2 0.036583495454413015 0.18479140877662462 0.0592826142430619 0.07363192947439451 0.11068745211551881 0.04528557145480233 1.1133227998579567 
0.4986 3 0.03453820189296635 0.19087129977716408 0.06301312304661216 0.07939265109390538 0.11270475083506522 0.04778474702211604 1.1278806982335163 
0.2683 2 0.010241919601436543 0.05719864728897556 0.021212138757551336 0.02789827800459506 0.03372028344520605 0.012007100124885987 1.014081304703505 
0.3996 2 0.027580191916544164 0.12526470451715435 0.03674122898295584 0.04521321217543178 0.07642244821684926 0.026813194117336923 1.0460372625180088 
0.8147 3 0.05302943652991889 0.3096031293741956 0.12084665060174733 0.1517014614895509 0.18131628295205723 0.10310563881852404 1.4766936682583072 
0.2381 2 0.027576045589906045 0.07210536943367701 0.011497262770541224 0.01640262711391482 0.04984070751179153 0.00885048513220744 1.0057733382692269 
0.1755 1 0.026221828145016737 0.1692163825094471 0.08469254617550272 0.11249852302999386 0.09771910532723191 0.0485130256103173 1.1680719052841169 
0.3216 2 0.021948573459879897 0.1582712445437596 0.05580928830599108 0.08312302168792673 0.09010990900181975 0.042489910459849484 1.113099841793399 
0.4365 3 0.019502764093798093 0.12916223070246224 0.07291684850006998 0.08850885015889823 0.07433249739813017 0.03910769178498598 1.1268146895502233 
0.2339 2 0.023716538265862907 0.14128127879660038 0.0665060925032148 0.08274695065445446 0.08249890853123164 0.03913121815048789 1.1129594352225867 
0.1608 1 0.02535757530022808 0.11114074217510472 0.032272526571211026 0.043558326824816924 0.0682491587376664 0.020594376627485866 1.0313896807746685 
0.8986 3 0.03583186770665468 0.18613589501547914 0.0663260872108867 0.08213230236065454 0.1109838813610669 0.0490601073730822 1.1426836917819483 
0.3726 2 0.014678824615751197 0.12289114648588732 0.05098325873550038 0.07399746551030235 0.06878498555081926 0.036311316126926035 1.0934256687859554 
0.2540 2 0.005715375964577818 0.040458841477374684 0.015406082445067857 0.02313118197497555 0.02308710872097625 0.008725365776162185 1.0087728192000451 
0.3560 2 0.019398002468530455 0.1011358151519793 0.03155233504705906 0.04302412474373547 0.06026690881025487 0.02063560325564678 1.0330335062446834 
0.3132 2 0.021334724966739837 0.10043734772899866 0.025588940459332108 0.035302457781039 0.06088603634786925 0.018539658442942312 1.0249485447137696 
0.3928 2 0.03360342054218406 0.19318859388272458 0.058874752784985954 0.07431907815548516 0.11339600721245433 0.04823562609266469 1.1245224370912617 
0.3335 2 0.02131718373092999 0.09012592418296815 0.032255631056541445 0.039963954498780666 0.05572155395694907 0.01746377857170857 1.0258325140476756 
0.3995 2 0.008323559574501193 0.062404363366504526 0.024536769239410377 0.038050222240789265 0.03536396147050286 0.015060092410723893 1.0224694572165844 
0.5379 3 0.07568013760244299 0.26742085042951064 0.055277715019154315 0.08304961528637284 0.17155049401597683 0.053777359973565926 1.102417116949039 
0.2057 2 0.016546341409120015 0.12840010684989062 0.039608026022873596 0.058584764673072 0.07247322412950531 0.0318356693436362 1.0686998153829659 
0.3275 2 0.04108146214248236 0.14692385074816974 0.03395358360780382 0.046014965389128915 0.09400265644532604 0.028193911799658522 1.0452124818002022 
0.0122 1 0.01879337349276064 0.0925821213036545 0.024718384077166877 0.03408634754197859 0.05568774739820757 0.018599681152033427 1.0249345968625143 
0.3889 2 0.010914411092948044 0.06556136798594658 0.020175677305737844 0.03125261991302062 0.03823788953944732 0.013956606976379465 1.0171547882458376 
0.6224 3 0.030324884374220824 0.21484759479243537 0.09973119367028421 0.12553936381656025 0.1225862395833281 0.07221692695193961 1.3147785480773024 
0.2805 2 0.012380614475736598 0.05875266799710595 0.019453340847062572 0.02804579908594362 0.035566641236421274 0.010826009299719195 1.012092261265044 
0.4955 3 0.03632126561065082 0.10192509379536947 0.0269240530129302 0.04020132919652652 0.06912317970301014 0.016495373763708028 1.021203283910548 
0.2379 2 0.014747931321895938 0.1036517202527929 0.049585744372423766 0.06464373573658982 0.059199825787344416 0.028204267193100156 1.0687140707797924 
0.2463 2 0.03745921583803949 0.22127076483712926 0.09423390691261936 0.11623414205081159 0.12936499033758436 0.06443044534583646 1.2378105128111379 
0.1917 1 0.014370617023602497 0.07887894009779087 0.024985359639868584 0.034905627959538346 0.04662477856069668 0.016829808752237514 1.0235423718124848 
0.2751 2 0.03335019952863562 0.2124938712212064 0.12591365608538044 0.14815389771026954 0.122922035374921 0.07413225111011999 1.3650138050529048 
0.6110 3 0.02458691448480793 0.1896917410205497 0.08529958909444901 0.11569478349187419 0.10713932775267881 0.06235588170010946 1.2434546638402697 
0.4919 3 0.032294753815098255 0.1056054441780411 0.02996322509995008 0.03936683823561032 0.06895009899656968 0.01928502244793202 1.027389692465251 
0.0070 1 0.010272289903809108 0.043885862487967234 0.013926442876871219 0.019595443731865232 0.02707907619588817 0.007448369636214031 1.0061249621550492 
0.1637 1 0.01351762373674118 0.08167499162865105 0.03543344534123265 0.04831876832714259 0.04759630768269611 0.018896226992598037 1.0345641786936766 
0.2762 2 0.008113599792187018 0.04047667574970437 0.014675348659197803 0.019730254953033478 0.024295137770945694 0.007865845419555225 1.0067618006244603 
0.0607 1 0.008201781334674621 0.05352252702839426 0.018894561662588568 0.026745912834458582 0.03086215418153444 0.012012989784198312 1.0135612787425656 
0.1172 1 0.0223982785749931 0.12324650082528651 0.037670194791538755 0.04973889840412494 0.07282238970013981 0.02707614537823638 1.0495422909465086 
0.0383 1 0.013061999841102869 0.09217124439234324 0.025265367247789498 0.03917098523981869 0.05261662211672306 0.020483733488414323 1.0315221316659855 
0.2323 2 0.013493045700538716 0.05516848141909029 0.014306807946812166 0.02007034733795008 0.0343307635598145 0.00933619677404089 1.007838581458928 
0.0203 1 0.013400240446011081 0.07591244846232857 0.030502531784031374 0.040679128288731506 0.04465634445416983 0.017023786879601526 1.027205726658815 
0.1003 1 0.007182141536269107 0.042202087060200476 0.019686655434337057 0.0253183912797853 0.024692114298234792 0.0092437459929869 1.0101529495646542 
0.5808 3 0.027583916087536797 0.21787353038377658 0.092876177181706 0.12658872269560845 0.12272872323565669 0.0690804918315586 1.267368996848896 
0.0088 1 0.011122926210590921 0.08677334626677297 0.030748538507181532 0.06056970106867788 0.048948136238681945 0.025438138836919515 1.0486164652851082 
0.0840 1 0.024638441522553886 0.09861529645724978 0.026250798292124924 0.035190998687752606 0.061626868989901835 0.018445359944712858 1.0244848966044522 
0.9077 3 0.023675995052648564 0.20979922496777723 0.1322024458189838 0.16614931600254113 0.11673761001021289 0.07975348622500429 1.4356073886334644 
0.0568 1 0.03669713505959065 0.14088188130144902 0.03827043070223901 0.0526093412486295 0.08878950818051984 0.026481657405349822 1.0433315061670148 
0.3414 2 0.014509255299958362 0.08471314834245958 0.029173001240736136 0.04182711326867201 0.04961120182120897 0.018884370230506004 1.0301420093760292 
0.0836 1 0.03539850229492591 0.12487950342046791 0.026424809459257934 0.04518758698222396 0.08013900285769691 0.021001012769946453 1.028175257717419 
0.0334 1 0.007232590904932334 0.04552254101222221 0.01680982833154588 0.025225373870261806 0.026377565958577272 0.009543796531848435 1.010067311208972 
0.1511 1 0.033089729610342136 0.1123606913588016 0.030596136150737786 0.04134460612671234 0.07272521048457187 0.020612843018646666 1.029567729499285 
0.5557 3 0.02949087627254791 0.12418512891394347 0.03232984384886192 0.03972364796008863 0.07683800259324569 0.02536979297336137 1.0388784099130999 
0.4205 3 0.022566868569827283 0.11932825919808657 0.03820176760206236 0.04934646607280448 0.07094756388395693 0.027644368482389294 1.0517413671116231 
0.2615 2 0.021929734462634902 0.10620235997933909 0.030189596762430177 0.04012508751252983 0.064066047220987 0.02127680764415372 1.0323991127220107 
0.3406 2 0.0227820447667131 0.13731407540547905 0.04921196358173697 0.06313436018128965 0.08004806008609608 0.034089313749261344 1.0795416081612668 
0.8483 3 0.05632456435832835 0.35786426302960406 0.11804855566074399 0.17434682292116938 0.2070944136939662 0.12556132622179875 1.5750378329720596 
0.0229 1 0.007112172390414257 0.04338994168950663 0.015067894280462332 0.0223658172501117 0.02525105703996044 0.008964300803702533 1.0085655992555682 
0.6142 3 0.016000059005485325 0.13076560299084508 0.043761681566537786 0.0682545936791916 0.0733828309981652 0.035711720512018784 1.0825288122782784 
0.6260 3 0.039205481102294 0.22921505467522324 0.06934740474921074 0.0910340955241282 0.13421026788875862 0.060951169014724284 1.1812335401785483 
0.0299 1 0.009380809081594029 0.06185690010199467 0.02347493274385901 0.03228262153456424 0.03561885459179435 0.014359551383664407 1.0193026360191615 
0.3786 2 0.01865546115601219 0.13463635987295167 0.03582535180806326 0.054857661596632815 0.07664591051448193 0.03227410054681263 1.0647397097299027 
0.3169 2 0.0103711358487737 0.04936075756571691 0.01888884084973851 0.02425058899738499 0.029865946707245305 0.01017490479056998 1.0105261577851792 
0.3594 2 0.061859673083923344 0.254085805092931 0.03737682945939739 0.052167171409203544 0.15797273908842718 0.047344362765279424 1.0797283531261597 
0.5817 3 0.03966958480907974 0.18036384224066063 0.05650260455822224 0.07120210186328003 0.11001671352487019 0.044139863183420606 1.1068397536895893 
0.4473 3 0.01562488587920048 0.11806201715685868 0.04538675119655411 0.06459428146681387 0.06684345151802958 0.030597950176645582 1.0712819587377944 
0.7308 3 0.2396724037480903 0.5115555706273065 0.18436781561888982 0.31818667229324155 0.3756139871876984 0.2892747136955056 3.312471694460274 
0.4914 3 0.02947325529738075 0.16501464966397777 0.051504940395202516 0.06720868130424357 0.09724395248067927 0.040277323737801365 1.0949542553028573 
0.5467 3 0.01331658239239055 0.08743413446015211 0.028115222053634942 0.04329751821144187 0.050375358426271326 0.019893550972803993 1.0327380308632808 
0.2702 2 0.010044790814135573 0.07868936835395628 0.021355060380764727 0.03576075629182853 0.044367079584045926 0.019435413678435202 1.0275054087883164 
0.1568 1 0.07344101434116702 0.2025826210371827 0.04313243661978951 0.052328003536945784 0.13801181768917486 0.030413389952115902 1.0425969985387162 
0.6426 3 0.027588020391284378 0.17454062772212872 0.06475705173836659 0.08560475142384412 0.10106432405670655 0.04727549628003194 1.1391487867026273 
0.6885 3 0.011729566356112183 0.0955716503408384 0.03652214092036963 0.05645610867442681 0.053650608348475286 0.02469958529423903 1.0506224510296072 
0.3795 2 0.03227735639033632 0.21249255545376539 0.07566096157746657 0.10521522848799345 0.12238495592205086 0.05892396277913428 1.1807918439408274 
0.0843 1 0.005213040787865894 0.031781558543493224 0.010369680079769555 0.017738380420590467 0.01849729966567956 0.0064729112712400725 1.00493591788503 
0.5575 3 0.03354151904038747 0.26820695069059564 0.10345037712462647 0.1410663293400013 0.15087423486549156 0.08987370140078721 1.387543479454 
0.3297 2 0.06495809227018287 0.30823207581510326 0.08166122532591856 0.10088469401939967 0.18659508404264308 0.07351562747327343 1.2080735749328355 
0.0412 1 0.017087254621135674 0.1688517313410373 0.06914776222360844 0.10226409504158612 0.09296949298108648 0.054330135190601266 1.1832056262381776 
0.5757 3 0.033788316402200785 0.1290356418406366 0.038405108432941544 0.05920318334532157 0.08141197912141869 0.02614138924547124 1.0458237525461036 
0.0075 1 0.007330736645267587 0.04442187685937329 0.014430532568427872 0.02047709963345512 0.025876306752320437 0.009259285110641627 1.0082784644586158 
0.4621 3 0.02824662164230965 0.1192752908341381 0.033180575449102294 0.04344215512990379 0.07376095623822387 0.022786649127726252 1.035279976133379 
0.3262 2 0.02809348079403048 0.12039290293601171 0.03684246470561099 0.04585018424565498 0.0742431918650211 0.024312064006878586 1.0404041546702651 
0.7208 3 0.012772474214579882 0.11664752931871672 0.034461284809308955 0.05906814186276497 0.0647100017666483 0.03236843011184216 1.0671183334049856 
0.2104 2 0.013770574787748268 0.047180213245049396 0.012168569197905783 0.015577610786901286 0.030475394016398833 0.007851829443017684 1.0053223636833382 
0.0176 1 0.022328480581611798 0.11814773541776243 0.039817547735390806 0.05027125395013972 0.0702381079996871 0.028524202476943938 1.0552491448954273 
0.6246 3 0.025169013007495813 0.1671187769316472 0.06212740741221337 0.08506879765580927 0.09614389496957151 0.04474427130476459 1.1272131385653683 
0.8617 3 0.04288615863160666 0.3424046985853503 0.2132903788093554 0.24965879158528045 0.19264542860847847 0.16316245742003657 2.6415253211448624 
0.6702 3 0.017060557837756656 0.13740032171470234 0.059995858318316275 0.08190139426859824 0.0772304397762295 0.03967946858006022 1.1162112886521098 
0.2918 2 0.007258245445407316 0.06836922835641739 0.02861648548073688 0.050312129028825016 0.03781373690091235 0.019498560920645003 1.0355436178572064 
0.3897 2 0.038190422382326616 0.16716253178441934 0.04367715374877289 0.06801454667113016 0.10267647708337298 0.03683724443630705 1.0765209093911021 
0.1136 1 0.01747840142863072 0.0897448979366883 0.025771961861371036 0.035676329937764255 0.05361164968265951 0.017748083480451222 1.0243936137598175 
0.2375 2 0.008598728089153424 0.046938749874785524 0.0176319093057046 0.024191771753459254 0.027768738981969472 0.009764924726491668 1.0101102103626352 
0.3621 2 0.024637043162328336 0.11347827448906786 0.031836134560026735 0.043138568258294166 0.0690576588256981 0.02331472373263398 1.0376713431143076 
0.6367 3 0.045445322200978015 0.18644375182561124 0.04950043585194905 0.06672319648476331 0.11594453701329463 0.039676444348812304 1.082745545946347 
0.1878 1 0.04037032274196885 0.13128175897420344 0.03108648801259363 0.04025328560077675 0.08582604085808615 0.02275712352075675 1.0318968001180555 
0.5465 3 0.019797907138595274 0.09652708755046868 0.03441181546896479 0.044959984395664114 0.05816249734453198 0.02045701125823173 1.0341761110855106 
0.1375 1 0.019698047199392478 0.1256309554856915 0.04675860699900269 0.06428821552330441 0.07266450134254199 0.03243036033569516 1.0751145309594907 
0.6659 3 0.030701602550599005 0.15511579752170457 0.07097864580124957 0.08303468347834335 0.09290870003615179 0.04283850773303364 1.12698971683692 
0.2504 2 0.020145785935100188 0.110136340235933 0.04393219861330797 0.05368172922464589 0.06514106308551659 0.027524617331662414 1.0580665349980387 
0.3791 2 0.022425305043172552 0.1523420871696745 0.05446943382972637 0.0772561798532107 0.08738369610642353 0.040104089834307924 1.105364998023945 
0.6371 3 0.008167064855488713 0.06335651535444017 0.030813310490236216 0.04213373022335738 0.03576179010496444 0.01621256958485546 1.0280075637609023 
0.6673 3 0.02855926267676167 0.17887522246992535 0.08322895529341268 0.10174253222606944 0.10371724257334351 0.05497060259501981 1.1895629728892456 
0.5102 3 0.02680569263893778 0.17266939742897341 0.07281035319601335 0.09110904360609019 0.0997375450339556 0.05124188426678303 1.167330482010964 
0.0074 1 0.007989016401341274 0.05108978361598241 0.018432871437426963 0.028708397589431035 0.029539400008661842 0.01098404128635488 1.0129533097211652 
0.3556 2 0.03262654988658556 0.1648169280368604 0.08161417089216155 0.10661084933189927 0.09872173896172298 0.05056725824979988 1.2113510964382959 
0.5931 3 0.05147417230578383 0.19298300155353082 0.04054608129300814 0.054744719933687715 0.12222858692965732 0.030982612141105363 1.0455409084676757 
0.5977 3 0.011565005319666293 0.07292684042559619 0.03873932457931678 0.05012099207637737 0.04224592287263124 0.018435092966481423 1.0362374025890155 
0.2649 2 0.015991107954226917 0.08562085456446164 0.030445749945612097 0.04218216784547712 0.05080598125934428 0.018300005550656133 1.0290506471283558 
0.5090 3 0.016025461983623302 0.10401385027736006 0.04853697631199617 0.06052214314342809 0.06001965613049168 0.02889641042653575 1.0685378335636375 
0.5608 3 0.013834497746559864 0.11225580245721148 0.030229397662720158 0.0483924071435734 0.06304515010188567 0.02734330666844125 1.0499198018733478 
0.0853 1 0.020543772994896934 0.14327285838434572 0.049850405649173146 0.06762925146567496 0.08190831568962133 0.03776501481995928 1.0934688897455707 
0.2851 2 0.019348389217518334 0.09489463006004469 0.029290432314140538 0.038262340359682435 0.05712150963878151 0.018904417804728412 1.0277501713914863 
0.5858 3 0.027551647635652973 0.12020641253106598 0.05094048446271084 0.0656511789004834 0.07387903008335947 0.029375186935240348 1.0666136632014769 
0.5767 3 0.034590650774093235 0.21498581179193801 0.10034074935546027 0.12117855388708336 0.12478823128301562 0.06945039580036833 1.2852929269303113 
0.7524 3 0.056726327026973715 0.24538869312307798 0.06999117302412626 0.08502361795974601 0.15105751007502585 0.05010560017900686 1.10370940304082 
0.8169 3 0.018428691028374956 0.1562971356964971 0.07453424137716741 0.09848417023844543 0.08736291336243604 0.04900483937727529 1.1721113347780705 
0.8313 3 0.016611551466759755 0.153315423951552 0.04879852302120893 0.08284611314197492 0.08496348770915588 0.04367661700050999 1.120413991545824 
0.1498 1 0.024613305932184047 0.1040695434333658 0.03001857904790187 0.03979791625746489 0.06434142468277493 0.020507860913865177 1.0300645763733864 
0.0138 1 0.014883226283547457 0.07860812533221981 0.03226206613151208 0.03971246987630877 0.046745675807883635 0.019311127460006447 1.0314495245159965 
0.2878 2 0.020268484864588605 0.11919175839482307 0.03788809257280551 0.055477565904341934 0.06973012162970584 0.027199639574717844 1.0524364924721752 
0.3538 2 0.011156947105587234 0.06081064987928554 0.023045815919942578 0.03036166458039058 0.03598379849243639 0.013172012999516263 1.0165630374903116 
0.1885 1 0.015711388340330222 0.06560691444626415 0.019377865895418032 0.025450276351005455 0.04065915139329719 0.010937443661116758 1.0111369660705087 
0.3791 2 0.017832150285164803 0.10664013486015562 0.04449902425981988 0.05911008014746226 0.06223614257266021 0.02545211441487632 1.0545462402511416 
0.4648 3 0.010741803285385439 0.06756563443204637 0.030359980474918523 0.04223955408512681 0.03915371885871591 0.015034230208428936 1.0246941244431986 
0.1684 1 0.019336539175184544 0.10489372475268573 0.042673133474806495 0.05511291093196032 0.06211513196393514 0.024902880165695817 1.0505715399766036 
0.1707 1 0.036575045177486463 0.09166097833214454 0.021549983468244657 0.030028151595723692 0.0641180117548155 0.013572470895822104 1.0145419474593573 
0.2113 2 0.02337308644637625 0.12114167155115693 0.05208703342344859 0.0637349062510621 0.0722573789987666 0.03030069813785055 1.0704053569926764 
0.2910 2 0.05773369250827169 0.22122578063890427 0.05561873585200633 0.0712737459117572 0.13947973657358798 0.04684259060886979 1.1009354271017575 
0.8829 3 0.020187689025324074 0.16757942623124017 0.0871820186089215 0.11609586447592447 0.09388355762828213 0.053253791612349104 1.204929686075873 
0.5891 3 0.016021011470661102 0.10273761783479288 0.034412331977658216 0.051442772344279915 0.059379314652726986 0.02381066530415572 1.0446736733489652 
0.9583 3 0.016153285002902282 0.15996015866660218 0.08082325553958404 0.11679820352148466 0.08805672183475223 0.056113692905805757 1.2290185253631172 
0.2559 2 0.01594712383713879 0.08116831775495612 0.026803770706632212 0.035810245238390576 0.04855772079604745 0.016735051699609815 1.0237156238595853 
0.5477 3 0.016314323468558104 0.1292578809211273 0.03643374903843483 0.05585315114330039 0.0727861021948427 0.03180860907162608 1.0653765872362184 
0.3743 2 0.011775635818198201 0.06737269365925172 0.0221246882168599 0.030810735201999798 0.03957416473872496 0.014246714113420109 1.017995430524473 
0.2939 2 0.01695472914589855 0.1029313473618447 0.030872895563888992 0.045067572526291136 0.05994303825387162 0.022400062454453393 1.0377859475105355 
0.0161 1 0.01070800630371628 0.08786832982125584 0.030342299220143594 0.04507622632022103 0.04928816806248606 0.02125462109922387 1.0375202312392187 
0.4115 3 0.020196409204501845 0.10054749913564553 0.04224653241133528 0.052353590568346334 0.06037195417007369 0.024658857738828716 1.0491610334156565 
0.4836 3 0.020693338174908225 0.12604385683100214 0.05420649085469851 0.06630655704211229 0.07336859750295519 0.03439693579008965 1.0875638573027357 
0.2377 2 0.010543270756959643 0.06247363249344161 0.022773946364487915 0.028997952962094113 0.036508451625200625 0.014282217406908111 1.0177831256784575 
0.1061 1 0.010755116766751116 0.06364745445401128 0.029327863467150918 0.038443030653506634 0.0372012856103812 0.014310380350846192 1.0222299690721077 
0.0185 1 0.0073577495842426155 0.042383714278482296 0.013502086917088112 0.01935524572799338 0.024870731931362456 0.008581337849287217 1.007280206044694 
0.0788 1 0.012122845025062138 0.05958629568524013 0.019049045475361782 0.02618633104050813 0.03585457035515113 0.011865638580174961 1.0129943039314209 
0.2616 2 0.021059502976720584 0.11071496305058828 0.039690517295788236 0.052979647988889086 0.06588723301365443 0.025025219384099316 1.0475282265611199 
0.3199 2 0.04108672738736295 0.1956398917212349 0.054071737413511775 0.07535125545758398 0.11836330955429891 0.04210156007454065 1.090092177059286 
0.1434 1 0.010552785445507386 0.0596626348595247 0.024136130971539816 0.032350740439406785 0.03510771015251604 0.0130162220710474 1.0171927579739966 
0.4454 3 0.035976961281729274 0.25239712685033666 0.09268037473598928 0.15470262060770784 0.14418704406603297 0.08377085307870524 1.307443229144617 
0.4070 3 0.01507692169707832 0.08918936423751878 0.03797417981184273 0.047331799292760934 0.05213314296729855 0.02178887776469605 1.0408500058892176 
0.2285 2 0.019944648721299873 0.1440402890526213 0.057754843482759825 0.07629850711950467 0.08199246888696059 0.03984123939081957 1.109511048618736 
0.2210 2 0.01470029029833299 0.11493808439824982 0.04562927679493947 0.06390814486239108 0.06481918734829141 0.030219913812955048 1.0719920826865859 
0.2941 2 0.021849793251266448 0.08371989624617492 0.02590210426681173 0.0351023601307489 0.05278484474872068 0.016279502716582652 1.0215606329674811 
0.3796 2 0.012348128218064911 0.06145189447835654 0.02188354277951719 0.02906433693563587 0.03690001134821073 0.012721680913503125 1.015093479738026 
0.1598 1 0.01480652654015532 0.07460799371212427 0.025721520573243638 0.03411110002515877 0.0447072601261398 0.015534085682005499 1.02103436248457 
