0.3230 2 0.01706253055055987 0.0736946000000001 
0.4241 3 0.03555802378585677 0.16540490000000002 
0.1455 1 0.026740207775266197 0.17974639999999997 
0.0549 1 0.02401167489136636 0.09818130000000003 
0.0321 1 0.019587853878344726 0.09573410000000002 
0.1544 1 0.01898108335920478 0.09359800000000013 
0.0348 1 0.018885361811287978 0.09115080000000009 
0.3762 2 0.026950231909948386 0.10485029999999998 
0.0157 1 0.01938747686136927 0.09103029999999991 
0.2052 2 0.016804443948932022 0.09309889999999996 
0.1316 1 0.012445683449798807 0.08330890000000013 
0.1590 1 0.017177576229033407 0.0844146 
0.4665 3 0.029515956694722654 0.1405015 
0.0854 1 0.01150279611078734 0.05776179999999977 
0.0821 1 0.022219765324420482 0.10710260000000009 
0.1034 1 0.009544207276921145 0.04633159999999996 
0.3908 2 0.06588090517491899 0.16589879999999976 
0.0138 1 0.01779922413660334 0.09089549999999993 
0.1118 1 0.02357764407120828 0.1020455000000001 
0.1023 1 0.03450860595735295 0.1831122999999999 
0.1360 1 0.017321915178181855 0.09438720000000009 
0.0480 1 0.01262854528062567 0.06562009999999996 
0.1312 1 0.020339830536179177 0.09185879999999995 
0.6522 3 0.036953208742457486 0.20855739999999998 
0.0464 1 0.02185700171657726 0.09464400000000009 
0.2755 2 0.023805446980890904 0.1350337 
0.0986 1 0.02696610578530927 0.1162234999999999 
0.3083 2 0.017208817751884264 0.10221959999999994 
0.4163 3 0.02514946866601555 0.13298149999999992 
0.2387 2 0.01960434050665178 0.10683909999999992 
0.1785 1 0.01061415765158275 0.04803129999999996 
0.1302 1 0.020403243961994662 0.10649059999999984 
0.4027 3 0.028037768162898477 0.14142819999999975 
0.8351 3 0.02642332368721889 0.11731089999999995 
0.3138 2 0.025959864812716667 0.15513070000000023 
0.1016 1 0.02180608918223827 0.09919399999999998 
0.2670 2 0.03208665872218028 0.15322559999999988 
0.2672 2 0.03785086989288822 0.15853209999999987 
0.1923 1 0.04022908067228966 0.18252409999999983 
0.0756 1 0.018104175122406023 0.09193039999999988 
0.3178 2 0.032454111885328374 0.15495229999999993 
0.1233 1 0.011867448738986536 0.07460559999999986 
0.2444 2 0.01998079723506807 0.09728520000000011 
0.0876 1 0.014317343324788982 0.06133619999999986 
0.0388 1 0.01996855276452362 0.09619030000000016 
0.0642 1 0.01757586603917507 0.0895998000000002 
0.0775 1 0.029281267183748894 0.13598819999999998 
0.0062 1 0.014092556955195571 0.07262289999999996 
0.2238 2 0.01841377906957884 0.08425560000000003 
0.1136 1 0.020729995761034105 0.08604749999999997 
0.3494 2 0.03534464902604467 0.16432679999999988 
0.0183 1 0.008131644426626205 0.04682159999999994 
0.2407 2 0.029235331848111012 0.12484510000000011 
0.0941 1 0.015186001616955307 0.0738944999999999 
0.1968 1 0.028994755143401815 0.12087000000000003 
0.0420 1 0.039437916249406964 0.18179300000000012 
0.2797 2 0.02938745714352702 0.14314489999999996 
0.2854 2 0.03118005696367575 0.16516150000000002 
0.0679 1 0.019844111395392935 0.10078460000000011 
0.1384 1 0.021018460970628143 0.09811800000000008 
0.2155 2 0.022136181874519892 0.10657620000000004 
0.0501 1 0.025024100956717373 0.11209759999999994 
0.2786 2 0.022338727002015557 0.10019420000000005 
0.4785 3 0.036695392399616375 0.17817120000000022 
0.4886 3 0.05943935284528817 0.21940089999999982 
0.2549 2 0.03606195610377095 0.14439259999999995 
0.1009 1 0.021937306843465527 0.1141233999999999 
0.3434 2 0.03120863440178839 0.14237900000000003 
0.5056 3 0.036211094064296546 0.12806299999999987 
0.3470 2 0.024924294894465463 0.11247630000000013 
0.0223 1 0.01915929193862907 0.08250919999999988 
0.1187 1 0.021925480342324073 0.11224629999999994 
0.3250 2 0.0183367105451826 0.0882279999999998 
0.1515 1 0.045047225136433125 0.21682710000000008 
0.3409 2 0.033615748800293395 0.16239819999999988 
0.0080 1 0.020449930093543834 0.10194090000000007 
0.1905 1 0.03726894445485706 0.16319379999999997 
0.0070 1 0.019157303304125562 0.0740059999999999 
0.1105 1 0.01760285383898975 0.08130489999999992 
0.0304 1 0.012171862560784811 0.0630211 
0.0519 1 0.02059545738234684 0.11023550000000024 
0.3245 2 0.04007662665546631 0.16863050000000016 
0.0302 1 0.02017091951753875 0.10231059999999995 
0.1745 1 0.01905908620940742 0.09509119999999989 
0.1400 1 0.024865008097517943 0.12344330000000008 
0.0216 1 0.022427541189123604 0.11876630000000002 
0.1423 1 0.02253439528182378 0.10501589999999986 
0.1103 1 0.017150496436277324 0.08018120000000008 
0.0010 1 0.01249944779561061 0.05558099999999988 
0.1123 1 0.025708956742546432 0.11391679999999975 
0.1001 1 0.0162226597634235 0.06663829999999989 
0.2934 2 0.03296634097360834 0.1451105999999999 
0.0434 1 0.013100837902114122 0.06793070000000012 
0.0358 1 0.019496338142865603 0.09935370000000007 
0.0937 1 0.013071053804401454 0.0684417000000002 
0.4196 3 0.036968675929765195 0.15150530000000004 
0.4065 3 0.023266500065340708 0.13272199999999998 
0.4631 3 0.03590372920541495 0.17086850000000006 
0.1686 1 0.01995518295620569 0.10796070000000013 
0.3038 2 0.042713937237667934 0.19481400000000004 
0.0910 1 0.012134544122919103 0.06264529999999995 
0.3351 2 0.021944945484866623 0.12206429999999976 
0.7728 3 0.039316998179045305 0.17729559999999994 
0.1366 1 0.020367839992859 0.08070950000000014 
0.1196 1 0.019224790197542724 0.09188120000000007 
0.0874 1 0.038032109872861125 0.16174339999999998 
0.1194 1 0.01872800335382988 0.09996359999999993 
0.2344 2 0.04603811348098984 0.20391700000000013 
0.2421 2 0.028066838896365482 0.12964569999999997 
0.6208 3 0.03698985648469889 0.16930099999999995 
0.3272 2 0.013944411596629762 0.07758250000000008 
0.1929 1 0.015460399870274366 0.08103710000000017 
0.2214 2 0.02142891526933556 0.11353140000000009 
0.1447 1 0.03174591532984916 0.17094619999999994 
0.2765 2 0.035134451917433716 0.17356219999999994 
0.2278 2 0.026574879627035256 0.11536199999999992 
0.0604 1 0.016930470669714398 0.08512950000000012 
0.1378 1 0.033862438294853005 0.1739475 
0.1240 1 0.02003302693855641 0.10064439999999997 
0.2072 2 0.039036624011105234 0.18779050000000014 
0.0070 1 0.029765482718310234 0.11625240000000021 
0.2427 2 0.01701415773888651 0.08486080000000001 
0.4847 3 0.022265055393991606 0.11031139999999999 
0.1176 1 0.022178159161698987 0.10677250000000002 
0.0707 1 0.026639114725030437 0.11427850000000013 
0.0299 1 0.021888135644210455 0.1131781000000002 
0.1354 1 0.024725591053424315 0.11169119999999992 
0.0551 1 0.02640314636238056 0.13341260000000005 
0.2311 2 0.018792268239857024 0.09781539999999994 
0.5704 3 0.04374116630394792 0.15831030000000018 
0.4316 3 0.03232235899635281 0.14756229999999998 
0.0000 1 0.00909206052358678 0.04561899999999995 
0.0186 1 0.010782066917201315 0.045861399999999976 
0.2012 2 0.021824654557324536 0.07815300000000014 
0.0705 1 0.014924412563040843 0.07186080000000013 
0.1078 1 0.0178362433608894 0.09273749999999978 
0.0192 1 0.02171314349864222 0.10131879999999993 
0.0497 1 0.01938938202357274 0.0898045000000001 
0.0288 1 0.01917984888077234 0.0980799000000001 
0.0872 1 0.016554426772188602 0.08633269999999979 
0.3930 2 0.05860096338022873 0.2161236999999999 
0.0007 1 0.010698943178423504 0.060408499999999934 
0.0753 1 0.019822208259666622 0.10383370000000007 
0.3910 2 0.02539109979339116 0.11109509999999997 
0.1535 1 0.029301104203011446 0.15218210000000004 
0.1524 1 0.015674751238194964 0.08163759999999991 
0.1801 1 0.021832969448454018 0.10865330000000002 
0.0325 1 0.016079712908109008 0.07178860000000001 
0.1004 1 0.029296314095937782 0.12481250000000003 
0.5503 3 0.03612554277542566 0.1493676999999999 
0.1338 1 0.03198259266007087 0.1382981000000001 
0.3929 2 0.02881325827896649 0.15599869999999988 
0.2168 2 0.029327351878057697 0.14040089999999986 
0.5309 3 0.06491123776264622 0.24762699999999996 
0.0272 1 0.019065932498599784 0.1054903999999998 
0.3142 2 0.07377515390247134 0.16406420000000002 
0.2601 2 0.030704889138683543 0.16752499999999998 
0.0899 1 0.020854735805154172 0.10836290000000023 
0.1180 1 0.02490957616811592 0.12408870000000005 
0.0604 1 0.029635179658920253 0.13796209999999975 
0.2240 2 0.03194343665484088 0.1693721999999998 
0.3084 2 0.03615048627817202 0.17492790000000008 
0.3781 2 0.03988722441142473 0.18354819999999994 
0.5828 3 0.04958917892712751 0.15323670000000011 
0.1085 1 0.02623520992250195 0.12622000000000005 
0.2377 2 0.017797427407078955 0.11026530000000023 
0.0572 1 0.0193495653478426 0.09613959999999973 
0.1043 1 0.034514426298442556 0.20307210000000014 
0.5135 3 0.04092890721915069 0.1885991999999997 
0.2217 2 0.03521525121869179 0.1753906 
0.4822 3 0.05538092867137749 0.2472465000000001 
0.0778 1 0.014560717966422453 0.07582409999999995 
0.1241 1 0.016601577753284535 0.08509149999999992 
0.2867 2 0.03500265314619347 0.15630640000000004 
0.0776 1 0.018595347822810124 0.09057500000000004 
0.5236 3 0.035720143862199544 0.12336599999999998 
0.0049 1 0.011869236813398434 0.0652825 
0.1168 1 0.030792135974227322 0.13836490000000007 
0.4455 3 0.0349015112993476 0.16669089999999995 
0.7577 3 0.0440100440423341 0.14261649999999987 
0.2145 2 0.04528198399707189 0.15562180000000003 
0.2693 2 0.02416573850739874 0.12846250000000015 
0.1348 1 0.02185063389562108 0.12769370000000008 
0.5836 3 0.035861932243125526 0.1459215999999999 
0.4885 3 0.029816620730640685 0.13883320000000007 
0.2636 2 0.031237030642065414 0.13006310000000004 
0.2577 2 0.02985958421061434 0.13574050000000004 
0.0852 1 0.02124031863306061 0.10264989999999999 
0.0359 1 0.012266656769809281 0.05007159999999998 
0.2484 2 0.03210106640572598 0.14232200000000023 
0.3793 2 0.03555731488736672 0.2073009999999999 
0.0665 1 0.03227749423173647 0.14379699999999992 
0.2031 2 0.02535574191961187 0.15118300000000015 
0.3359 2 0.02154596658269034 0.1050829999999999 
0.5702 3 0.03646164891403095 0.16227689999999997 
0.4538 3 0.0382062282489267 0.1866748999999999 
0.2254 2 0.021268163300469517 0.10023910000000016 
0.2407 2 0.013397984279826962 0.07091580000000003 
0.3239 2 0.046274351111347374 0.20480249999999994 
0.1263 1 0.02131422961448178 0.09865519999999987 
0.0400 1 0.023975105406745467 0.1253168999999999 
0.1648 1 0.021115165277518468 0.09617250000000008 
0.6875 3 0.0397845795524777 0.23750779999999994 
0.0932 1 0.023018462394625388 0.11980459999999996 
0.3951 2 0.016122495085383336 0.08320680000000001 
0.2756 2 0.027564191270142206 0.13764739999999998 
0.3341 2 0.04382878158514214 0.14166029999999988 
0.1570 1 0.0319973646829894 0.17637040000000012 
0.1052 1 0.023467231201517717 0.11509710000000004 
0.1413 1 0.028358655653300768 0.1559900000000001 
0.4980 3 0.03742633900676468 0.14326590000000006 
0.5529 3 0.02455522518903225 0.11216669999999995 
0.4697 3 0.037035136337394685 0.11469219999999991 
0.7714 3 0.054395516490660455 0.2169444000000001 
0.0933 1 0.023385533999286005 0.10568800000000014 
0.0141 1 0.01873363421908262 0.09449409999999991 
0.0864 1 0.020830798796697983 0.11156499999999987 
0.1632 1 0.016644498387366233 0.0868063999999999 
0.0655 1 0.02650108899211664 0.11065710000000009 
0.1474 1 0.023378479671911753 0.11518710000000021 
0.2634 2 0.03424023923972023 0.16153459999999983 
0.0765 1 0.025916997635326868 0.1259042000000003 
0.3018 2 0.028434100478734157 0.1466051000000001 
0.1447 1 0.02386189450059465 0.11407060000000017 
0.1480 1 0.031396858210450324 0.12436760000000016 
0.7815 3 0.06342861379234964 0.24290740000000008 
0.2248 2 0.02867742579102943 0.14951280000000006 
0.7329 3 0.03860639016825274 0.1476974000000001 
0.0256 1 0.019455982261977787 0.10212129999999983 
0.5314 3 0.0319220757599698 0.1557331000000001 
0.1433 1 0.01877155960455679 0.0833910999999998 
0.3286 2 0.02070767096981373 0.0917961 
0.0223 1 0.02042732145563516 0.08649810000000016 
0.0962 1 0.026525353853602468 0.13774230000000023 
0.3849 2 0.025497413030507655 0.12650549999999988 
0.0955 1 0.028089391829339092 0.11583539999999988 
0.1266 1 0.018558949598005577 0.09778020000000016 
0.1146 1 0.01685194231231326 0.09111750000000021 
0.0678 1 0.019768284558856045 0.08074490000000023 
0.1549 1 0.025954954432237994 0.11792900000000002 
0.2377 2 0.030146399493226058 0.15428639999999988 
0.1711 1 0.017594751959318485 0.08667229999999995 
0.2721 2 0.026483094893992674 0.11275340000000007 
0.1329 1 0.034174004370466214 0.13991780000000006 
0.1817 1 0.03018258368681571 0.13195830000000003 
0.0479 1 0.03670361259679594 0.17925130000000022 
0.0658 1 0.017489605600277493 0.0958805000000004 
0.2303 2 0.022887156260327553 0.11325519999999986 
0.1374 1 0.026262482140124856 0.13905380000000006 
