0.4088 3 0.11272120391190663 0.1049531819142876 
0.5884 3 0.3517640059331451 0.48163871360421784 
0.3255 2 0.3789882080849656 0.35970888079284596 
0.0737 1 0.17820067847067672 0.07880380969208216 
0.0562 1 0.21775618028194713 0.17765214269811594 
0.1291 1 0.11989549710769354 0.13310166178420008 
0.0458 1 0.2895885070791773 0.15528991511316595 
0.6208 3 0.2827618631708095 0.3530732518238128 
0.0449 1 0.24935431470840114 0.1564348808455823 
0.2032 2 0.2340437184240424 0.1897045079638948 
0.2164 2 0.19202862881830227 0.1429727139100262 
0.2290 2 0.20105162785820804 0.2377951234508488 
0.5663 3 0.45826861008035946 0.8298204433968814 
0.0973 1 0.12775315706815374 0.14504988198051857 
0.0449 1 0.1277400623480988 0.11427862731575068 
0.2043 2 0.19860755060844903 0.1899880373600146 
0.6348 3 0.2777322850345552 0.3210719514817075 
0.0385 1 0.1308305400521286 0.19602613654811946 
0.1921 1 0.1243289589461964 0.0766567708226409 
0.1866 1 0.36627459401286794 0.2466902681992673 
0.1294 1 0.13891255854011408 0.14453652527254698 
0.0296 1 0.09719946374990443 0.096201087748258 
0.2674 2 0.16832650167283583 0.3223111891203478 
0.6460 3 0.2940553031875587 0.22120127094009878 
0.1418 1 0.16230833039498765 0.19116410962440508 
0.5664 3 0.23378212772326368 0.36307617460936475 
0.2722 2 0.1687919029356896 0.2534832999705319 
0.5754 3 0.17194582026325742 0.2468225233597985 
0.3426 2 0.17337568107875942 0.1305699971738842 
0.1177 1 0.14081377108379414 0.08281967302585641 
0.1025 1 0.06405950713740623 0.06709132733046183 
0.1347 1 0.13988025035569795 0.13873775098947716 
0.4127 3 0.36499647110970634 0.3099463167609755 
0.8959 3 0.3481454701528096 0.30074785624035144 
0.4492 3 0.43642744058605876 0.31667222214685514 
0.1738 1 0.17157678519221323 0.19846697890876305 
0.3869 2 0.2660117362514021 0.22575129803719038 
0.4230 3 0.25581442199177196 0.4121375345800727 
0.3863 2 0.21857534167551013 0.22386219748611325 
0.1439 1 0.207471583629312 0.14920663238683904 
0.3279 2 0.4966888650204866 0.2955753684381344 
0.0898 1 0.1159237321863004 0.11101423029462854 
0.1924 1 0.15028982834405277 0.11262809182817257 
0.0720 1 0.13950309329361668 0.12158823272566982 
0.0863 1 0.15575186333722535 0.12368207930732296 
0.0534 1 0.11576113847401619 0.1072404206188497 
0.0673 1 0.18663588585859336 0.14783663416251328 
0.0078 1 0.09960454316218434 0.13876828362327803 
0.2571 2 0.24713613002527746 0.3793234921015504 
0.1637 1 0.15533664198808766 0.20268742026901204 
0.4720 3 0.26651453959959703 0.24553571983188166 
0.0181 1 0.07767335263565647 0.07250180241218841 
0.1536 1 0.22100621655818958 0.26141143440028763 
0.1443 1 0.09877839233699469 0.12744204331086798 
0.1814 1 0.5778734257183255 0.4982386435321191 
0.0326 1 0.34863082103156506 0.6965646498114809 
0.2723 2 0.28920926275738296 0.21860759193380386 
0.3431 2 0.3241339218006698 0.2953003406307499 
0.0998 1 0.12256868668570879 0.14694244445518306 
0.4474 3 0.21926801621610434 0.2099370692279282 
0.2589 2 0.1533313473185604 0.233836262234988 
0.0507 1 0.12464615526977 0.16726964958419482 
0.1206 1 0.16052890935036018 0.12457269322901411 
0.5710 3 0.1722846591592144 0.6015017071256037 
0.6227 3 0.23229730899573647 0.5826839283100097 
0.4191 3 0.18578355903767102 0.3306080653617255 
0.1347 1 0.18202840170148077 0.18557797095406642 
0.6012 3 0.46491305892626916 0.8027980376558402 
0.4612 3 0.33727305604050073 0.6697905328686823 
0.2249 2 0.23265471990169345 0.20283465421118244 
0.0420 1 0.1181780018773132 0.09587870886835037 
0.2430 2 0.1675585036681703 0.15226729406289735 
0.3324 2 0.22120741634638685 0.32162790235613375 
0.2330 2 0.17889648597672653 0.17553615445893703 
0.3279 2 0.20543407658812124 0.23536012202425594 
0.0127 1 0.0760717596920015 0.08748585822180055 
0.3763 2 0.24216885370880864 0.3652481336730102 
0.0210 1 0.08515981278480247 0.1010454348147566 
0.1551 1 0.17925195767213148 0.21161453795077612 
0.1129 1 0.1015938023122421 0.1302933316170647 
0.0108 1 0.12070010066721922 0.10561846659924765 
0.4904 3 0.3770217981085337 0.29815703956896583 
0.0494 1 0.12086889413509701 0.18377746470802198 
0.2038 2 0.17442010594790386 0.1938930972677539 
0.1350 1 0.2791148295197168 0.2026423200116452 
0.0063 1 0.11150048138116479 0.14827367049970122 
0.2640 2 0.16833632694802855 0.1850786176172602 
0.1766 1 0.18926459237366605 0.17828565797926627 
0.0003 1 0.08902630189444845 0.0690785522236435 
0.1862 1 0.2108032887707237 0.28096685008578576 
0.3266 2 0.08152827680908033 0.09267014943858105 
0.1681 1 0.14775080522217326 0.21263403330497876 
0.0700 1 0.14320751889857947 0.171535834005325 
0.0899 1 0.1566898233665281 0.13366340761197187 
0.1760 1 0.10438786260471963 0.10355636403897614 
0.4128 3 0.3492687078827421 0.44211734280899717 
0.3275 2 0.09094411060768633 0.13127211975340147 
0.4404 3 0.3707870732875093 0.25937304802491856 
0.1460 1 0.26672053756992103 0.18504893255195817 
0.3757 2 0.2970209118721983 0.29941829138114706 
0.0510 1 0.07977149549791065 0.10170506971121576 
0.4246 3 0.2965528122802533 0.23164522374901297 
0.8949 3 0.47004467686208995 0.6553231313995462 
0.2013 2 0.09036014018356821 0.0734035726064341 
0.1814 1 0.18839851760155946 0.5170861322542359 
0.1857 1 0.1816386397248091 0.17780215092769686 
0.2179 2 0.16856044918113353 0.234879848853589 
0.2973 2 0.20277693794058166 0.22567179902833476 
0.2439 2 0.15951776010876598 0.22675791216767452 
0.7117 3 0.39044532383911096 0.3993936338589382 
0.2539 2 0.16181208593632235 0.24747056507080645 
0.1199 1 0.08415447833417866 0.082376212962312 
0.2305 2 0.1340441532444186 0.13092407638871467 
0.2313 2 0.17512465479490955 0.15495447970659101 
0.3295 2 0.2972049313677186 0.26309452635847347 
0.2832 2 0.12416492067064037 0.1598757454229243 
0.3317 2 0.1281379859013911 0.2185562556495048 
0.1669 1 0.38470731277637815 0.7009194211512938 
0.1401 1 0.2110865278287629 0.26450951771425774 
0.2307 2 0.28275173850807944 0.18093265366887715 
0.0137 1 0.15145793457308146 0.0769161410585336 
0.3108 2 0.11798595195973167 0.11749981747836506 
0.7002 3 0.2666066361952749 0.4580420729905272 
0.2127 2 0.13684757350322307 0.14365046162398018 
0.1321 1 0.16216661453568132 0.34098689216122174 
0.1002 1 0.12956561976906328 0.19315861875995338 
0.2076 2 0.39408646720830676 0.4786942763348634 
0.1453 1 0.12564325367641332 0.17117935456280564 
0.4487 3 0.26090476329690027 0.35617937800051225 
0.6706 3 0.3325354759108901 0.5152994295755037 
0.3086 2 0.21357078576819416 0.2783210567514387 
0.0013 1 0.07621123875883558 0.08066959768809097 
0.0338 1 0.11108803980943364 0.1898671916355759 
0.2804 2 0.08641093958521187 0.11578863798928404 
0.0602 1 0.09590547105308825 0.11452022644204843 
0.1129 1 0.1687180569845396 0.16382729934213083 
0.0138 1 0.13370236615406378 0.1264035117569499 
0.1807 1 0.09306103298798227 0.08372932619387828 
0.0237 1 0.14751321367806797 0.1835087695104923 
0.0465 1 0.08628198193400008 0.1111256821058079 
0.4698 3 0.2081561159145462 0.2675951192109512 
0.0138 1 0.06017951599712442 0.10567103457175385 
0.1165 1 0.1843391785936252 0.16890032388763182 
0.4891 3 0.24702436616862386 0.37319053083891773 
0.0705 1 0.19798751453220462 0.1973209161149767 
0.1381 1 0.0956800147099199 0.14088736032178453 
0.6658 3 0.13474651048540093 0.19075116559176958 
0.0551 1 0.07217183729101553 0.08959342531395105 
0.1366 1 0.20288626686983288 0.202686812283725 
0.5991 3 0.2391887620370159 0.1203082406421396 
0.4249 3 0.22126638366156448 0.1854619002041164 
0.4158 3 0.14354452679454657 0.11916423640524873 
0.3853 2 0.23545780782330983 0.27464356636865744 
0.7290 3 0.44038948744225576 0.5987765666601887 
0.0378 1 0.09465602926214142 0.09202877742405366 
0.7144 3 0.32240742014853535 0.45437510164294487 
0.3463 2 0.35860518123532487 0.2961757814123894 
0.0733 1 0.10693455128734972 0.10503603045115448 
0.3112 2 0.26956060934058523 0.2556341463163963 
0.0522 1 0.10731132216572895 0.12505014253021426 
0.3533 2 0.4533005071014431 0.19872724867707917 
0.4587 3 0.35183037490135094 0.4121728155208278 
0.4961 3 0.20433327502836174 0.2591261071086544 
0.6582 3 0.620293920943634 0.963785397271294 
0.3969 2 0.18101920386123438 0.15583991923899035 
0.6633 3 0.1134544555040389 0.19708873565236867 
0.2653 2 0.128650873222661 0.11034167387860222 
0.1723 1 0.2905304105318266 0.20940413399399962 
0.7534 3 0.24369300898241972 0.3133579027803809 
0.3547 2 0.12168593350217738 0.16498835963498457 
0.5209 3 0.24572467790911806 0.3282429871744231 
0.4594 3 0.11861905554525543 0.15662536995160167 
0.4590 3 0.20255119844893538 0.2187248663781611 
0.3094 2 0.47557424051314856 0.47848324038565665 
0.1402 1 0.23772056452768098 0.34640535411880996 
0.6851 3 0.1549539006560799 0.28068659914167376 
0.0441 1 0.09193433361264418 0.08320550011316613 
0.3058 2 0.18550736789257513 0.1495545560902393 
0.4293 3 0.30521053093364336 0.2136714679655725 
0.8875 3 0.23580048819995963 0.2600162443744097 
0.3128 2 0.07318555413266964 0.03592229522123203 
0.1086 1 0.18103485778580147 0.12626645284063515 
0.4178 3 0.14999818389348182 0.2950643271365541 
0.8272 3 0.2844922976080959 0.4786605462859425 
0.6143 3 0.22499869489482965 0.33429287713045797 
0.2673 2 0.11495679940875084 0.16327862911884639 
0.3869 2 0.32596233654860224 0.4007482947689433 
0.1500 1 0.22070908055674274 0.16973661131277867 
0.2421 2 0.21693854120822992 0.2591669578370939 
0.2033 2 0.20656129668294093 0.20626587026460866 
0.5704 3 0.2562632807705716 0.23710055558306906 
0.1181 1 0.22490180304971594 0.195587560414708 
0.3325 2 0.19615911286062584 0.20508705192111046 
0.3104 2 0.20863458979301255 0.24913796791167495 
0.5037 3 0.2231037027735911 0.3045108623590171 
0.5757 3 0.24383165350879218 0.28354103347097104 
0.3138 2 0.18236395854775286 0.23799826980836994 
0.1466 1 0.057191009651694345 0.08637906429912849 
0.6291 3 0.17279951444291264 0.2896766780765259 
0.1950 1 0.17463501142202748 0.1603882652086894 
0.0515 1 0.08987542949409114 0.12250695121992083 
0.2433 2 0.20231731958861773 0.2943994080348538 
0.6106 3 0.2923278220280019 0.28941708728641313 
0.0708 1 0.17845188593735023 0.3321640103740326 
0.2389 2 0.13818824022496293 0.17149402294830332 
0.6421 3 0.27311343409915245 0.3270078704441169 
0.5564 3 0.20576186678204497 0.24425328379625957 
0.1225 1 0.2491433134515643 0.24481653132580256 
0.3956 2 0.16351481163835016 0.1370138165931111 
0.4580 3 0.19289871217700738 0.3057834164722295 
0.5491 3 0.2407324824794405 0.33646581009287374 
0.6737 3 0.3024742520219498 0.5074334701696628 
0.7775 3 0.2239625576850332 0.43227522398081064 
0.7711 3 0.12588593728132413 0.16676473149671056 
0.1824 1 0.2611235856966405 0.22110062161329164 
0.0323 1 0.1278644045066058 0.15663572864615183 
0.1904 1 0.1418719275155538 0.2441664015454249 
0.3649 2 0.1446232342624564 0.15928668895885703 
0.2937 2 0.08934499551223482 0.09491717713739446 
0.2041 2 0.1120801245098854 0.2186060319969746 
0.4721 3 0.132678249068695 0.20367026593525567 
0.1788 1 0.14615325613791916 0.2126744075308072 
0.3591 2 0.13781223853978103 0.15009302190999954 
0.1622 1 0.1614983241163827 0.24832560288191197 
0.2188 2 0.3111582661408693 0.3422559631918398 
0.8197 3 0.24389734174757352 0.4252320383652848 
0.3966 2 0.17249222427931046 0.25516022601691424 
0.8972 3 0.19293381045500319 0.4205838466968963 
0.1188 1 0.12212179155655582 0.1308949091647976 
0.4853 3 0.1805550735233207 0.20985245328488542 
0.3252 2 0.12727954536199054 0.15309678992563733 
0.2276 2 0.14810859105259794 0.16681681290988248 
0.1372 1 0.15624574233302185 0.13714356064125777 
0.2160 2 0.13359845276722832 0.18275993523142586 
0.4292 3 0.15833332411356507 0.18366125958324575 
0.2659 2 0.09857320702120376 0.10922953657589766 
0.1693 1 0.12158187756353858 0.13307616189432706 
0.2800 2 0.15007398558176194 0.12485270824366722 
0.1407 1 0.1165269663330594 0.11159280973408582 
0.3183 2 0.3907537215364904 0.7272497863971881 
0.3142 2 0.2679047580410573 0.2575273086719481 
0.2382 2 0.10390217770966612 0.1259067711069339 
0.3552 2 0.2061484175766569 0.47930230751357317 
0.2549 2 0.17445270882755182 0.21690124389423318 
0.2388 2 0.19954363889060245 0.33156218126268416 
0.2455 2 0.20278915055307073 0.23603604622146432 
0.0883 1 0.14456614506584384 0.19435278402387815 
0.2192 2 0.08432261826040635 0.12505476876187668 
0.1688 1 0.10068368081566817 0.10173021335173935 
