0.0000 1 0.10954513391124568 0.6687148157 
0.0000 1 0.14751133048692472 0.6822701082200002 
0.0000 1 0.10319367889699657 0.72436228309 
0.0000 1 0.08678258106768023 0.5854321372600001 
0.0000 1 0.13683827316448455 0.72266245247 
0.0000 1 0.10713770539225582 0.65773617546 
0.0000 1 0.11491040194514247 0.7143552709199998 
0.0000 1 0.14715125039971627 0.7536154876900001 
0.0000 1 0.11473927945074583 0.6910648094300006 
0.0000 1 0.13025927119674444 0.75659368188 
0.1769 1 0.15804898208082743 0.6045840962900002 
0.1218 1 0.13081866127677372 0.6764356490299999 
0.5184 3 0.11949132913435952 0.7218614825200003 
0.0656 1 0.1300028521736369 0.72996972029 
0.0182 1 0.11108395650579404 0.6581927679199997 
0.3582 2 0.1788145225849959 0.5711043277200001 
0.6488 3 0.18046966542884707 0.6891068655999999 
0.0273 1 0.11938989145647258 0.6612488806999998 
0.1342 1 0.12847185858834165 0.7400805329799998 
0.0848 1 0.11384392211261588 0.7374953529699997 
0.1374 1 0.13675645974589662 0.75102853985 
0.0262 1 0.1272493316980143 0.6818945295499999 
0.1730 1 0.18975784211272473 0.6264424551099999 
0.5807 3 0.13253724185885216 0.80678347577 
0.2988 2 0.12243714633071799 0.7228110476599998 
0.5976 3 0.12138111834629157 0.7956511907099999 
0.1017 1 0.116074071256189 0.6450507415899999 
0.3323 2 0.13909435198823777 0.59705248846 
0.2747 2 0.15114550740331212 0.7670636961400001 
0.0833 1 0.12775898164265687 0.7437115156900002 
0.0430 1 0.13693672495517775 0.6706102114999998 
0.1507 1 0.12367991099093302 0.7328924479000002 
0.4231 3 0.10628420665847606 0.6070876536399998 
0.7780 3 0.18528943546057883 0.5832653940000001 
0.3726 2 0.13489459028045822 0.76704998614 
0.2059 2 0.11056056794759486 0.6352951536000001 
0.4141 3 0.10033751045672502 0.6410224862599999 
0.6750 3 0.16919543811268334 0.6780926740600001 
0.6539 3 0.15125917706378764 0.7767010861199999 
0.1012 1 0.18485304544060577 0.5905720544899997 
0.3468 2 0.15185080663569675 0.79302456112 
0.1738 1 0.12303500752739711 0.5952389386699999 
0.0815 1 0.1187935131248271 0.6595973076500001 
0.1491 1 0.12406068656374052 0.6727680584899999 
0.0667 1 0.12523936578574013 0.72621209376 
0.0233 1 0.14433913655328798 0.7202913157699996 
0.0273 1 0.10264671972055413 0.5854918362199999 
0.0136 1 0.12084430458709874 0.7691494532500001 
0.1867 1 0.13382704371300258 0.7267087945899997 
0.1168 1 0.31139285587180704 0.46446853864 
0.4360 3 0.16473667542654166 0.7255626660299999 
0.0145 1 0.31361812091220115 0.5000907442699998 
0.1048 1 0.12748657584401965 0.7483448283800002 
0.1163 1 0.13942778645614584 0.6459457504099999 
0.2078 2 0.16414727257346584 0.7463407936700002 
0.0296 1 0.15893811018763931 0.7662674685299998 
0.2097 2 0.1388105518459979 0.7289386743 
0.2431 2 0.11440737410223337 0.6382744264900003 
0.1081 1 0.11177809635146725 0.609573193 
0.2570 2 0.12540857684123513 0.6997503021399999 
0.1946 1 0.16910589452943384 0.76438090642 
0.0783 1 0.09563969773178937 0.63130446662 
0.0409 1 0.09820855273178761 0.61427945343 
0.5366 3 0.10911964642541079 0.7191666646299997 
0.6623 3 0.1616993177420672 0.7058851162500002 
0.3347 2 0.13090576359744122 0.7238701069400001 
0.1353 1 0.15111052387470675 0.7619289584100002 
0.5010 3 0.13132733943949806 0.7417273443899999 
0.3787 2 0.22669860769576863 0.67936854679 
0.3288 2 0.12134453355175108 0.7125791903300003 
0.0819 1 0.09795859847270603 0.5962742501700002 
0.0430 1 0.10810878623048144 0.70199060549 
0.1841 1 0.12432163865537899 0.7544935490499999 
0.2609 2 0.11848544015395605 0.7591673477999998 
0.3574 2 0.12124390118157417 0.7070335644400002 
0.0118 1 0.20852532443686547 0.5132433441099999 
0.3301 2 0.13358624024046337 0.7696462813699997 
0.0004 1 0.10739377084384427 0.69417378122 
0.0631 1 0.11333162055779564 0.6861229972099998 
0.1501 1 0.13201197492504188 0.6244966745099998 
0.0447 1 0.13337705595641255 0.5139898134800001 
0.4453 3 0.14453636071210743 0.78339588846 
0.0245 1 0.13096307124221385 0.7376721937400001 
0.2687 2 0.14444980146670244 0.7896096009800002 
0.2376 2 0.13491685525725342 0.75913207106 
0.0183 1 0.10514138718963914 0.6850696911299996 
0.2430 2 0.11835146934886528 0.71347128163 
0.1434 1 0.10677422851069464 0.6960828777099998 
0.0027 1 0.12052018499428126 0.7306302618299998 
0.1754 1 0.1456162996058628 0.7595047174299999 
0.1244 1 0.09833538536135426 0.6473031951999999 
0.2959 2 0.12334221661006095 0.7487514074200002 
0.0195 1 0.17560118722688325 0.6786090953700001 
0.0791 1 0.10100668024392322 0.5856457150499996 
0.1365 1 0.1072813514555344 0.69505353712 
0.3831 2 0.13746427237004266 0.7447794556899999 
0.0176 1 0.12101306892904172 0.71220719777 
0.4474 3 0.11829485319450282 0.72496874284 
0.1241 1 0.146471982523204 0.61461999771 
0.3199 2 0.11328168393090672 0.7097361442200001 
0.0596 1 0.1337705463497103 0.7574628914900001 
0.3346 2 0.10116188864878736 0.6161424921999997 
0.8679 3 0.13422706677889967 0.75795874943 
0.2142 2 0.10879783434622875 0.7004342602300001 
0.0917 1 0.13432371058687329 0.75517541901 
0.1529 1 0.1400719270168255 0.7370341701900002 
0.1318 1 0.16623855427839665 0.5322846427500002 
0.2695 2 0.10093602555367899 0.6860128640700003 
0.2561 2 0.12694160073934058 0.75188898949 
0.6573 3 0.12097185060742278 0.7489441208999998 
0.1530 1 0.12345295717693752 0.64036784849 
0.1416 1 0.13169505503654938 0.7084981654899998 
0.1664 1 0.11683533020999161 0.6772118791099999 
0.2542 2 0.13807805784104354 0.7394382950299998 
0.2724 2 0.1340251102029558 0.84511235 
0.0745 1 0.1254101169216257 0.6899575844899998 
0.2782 2 0.10770110579953657 0.6935941854499998 
0.4671 3 0.14372325260143945 0.8244481338499998 
0.2218 2 0.12011033021995007 0.6060999713300002 
0.2433 2 0.0876735382213872 0.60402708563 
0.0113 1 0.1177083807100767 0.7372742571299999 
0.1620 1 0.12015742071057625 0.6181592386900001 
0.7359 3 0.11851368625048238 0.7406782712500001 
0.2393 2 0.12930144330416904 0.7430443518400001 
0.3754 2 0.11773380218800937 0.7348773373100002 
0.0563 1 0.1461667950230955 0.74341563069 
0.1168 1 0.15975370609083922 0.70977613711 
0.1539 1 0.11391646450836751 0.6782302987300002 
0.3306 2 0.18151467937127605 0.8270988129599998 
0.6085 3 0.14995837389542843 0.6753387385199999 
0.5058 3 0.11769590118178493 0.7457363187300003 
0.0028 1 0.10093354006960849 0.6704449484399999 
0.0354 1 0.1423173553730503 0.7039723450299998 
0.1304 1 0.13462563930003105 0.75043735917 
0.0291 1 0.1121240288613938 0.6101631879600002 
0.0519 1 0.12998602665011377 0.7464079416599999 
0.0163 1 0.12817592080716528 0.6270460112699999 
0.2069 2 0.0955668062640323 0.5910333164500001 
0.0123 1 0.13482950655558798 0.7057962770899998 
0.0502 1 0.11263707358037642 0.64099417087 
0.5074 3 0.15133903696995177 0.7255879760299999 
0.0078 1 0.13707747747627713 0.73029491836 
0.1051 1 0.11342252774962779 0.6801633559500002 
0.6066 3 0.12680303521235864 0.69300177662 
0.0770 1 0.11477127803217421 0.7385423425300001 
0.1233 1 0.1282302504911398 0.74740275683 
0.6407 3 0.13017141292740309 0.6055504125300002 
0.0296 1 0.10790297693261222 0.7092704372500002 
0.1652 1 0.11075818391682599 0.6957058909500001 
0.5640 3 0.11012878995726232 0.7007793421100001 
0.0322 1 0.1316849384712037 0.74801659928 
0.2685 2 0.10708770261679797 0.66245633496 
0.2921 2 0.14443113736537205 0.7799362599000003 
0.7402 3 0.17926788530677668 0.8086172595500003 
0.0257 1 0.1352028292305587 0.7018806866300001 
0.5801 3 0.2977301386457206 0.52097371266 
0.4398 3 0.12320059444799768 0.6748132673 
0.0804 1 0.10504696900944431 0.6468806980099997 
0.2403 2 0.16963502922024962 0.7057692687500001 
0.1834 1 0.14643466260136678 0.7953851082900001 
0.3487 2 0.12219011860012086 0.7140217775100001 
0.5016 3 0.13373794505701336 0.6506688475300001 
0.4045 3 0.1489934958405942 0.7388330795000002 
0.6969 3 0.24703173745155366 0.6217201629500002 
0.2465 2 0.1241829446826105 0.7460859442000001 
0.4308 3 0.13865047894339214 0.7363131238699999 
0.1470 1 0.11698666719819471 0.7164212801699998 
0.1450 1 0.12268832803920718 0.77590728603 
0.5711 3 0.1403642878580891 0.7567900589100001 
0.2590 2 0.12062683135671726 0.6636749490000001 
0.5662 3 0.14100533966657855 0.7560552424 
0.0668 1 0.11565547110183143 0.6690505827900002 
0.3036 2 0.1116270681995571 0.6067803035800001 
0.2312 2 0.12572509295931755 0.7927760475300001 
0.0314 1 0.17869264628017326 0.6384622859999998 
0.5265 3 0.18272954097098446 0.5665310087499998 
0.0507 1 0.1299491572438273 0.6510962581799998 
0.2189 2 0.11923140389363335 0.74398691397 
0.3792 2 0.1774743248401488 0.6251243968899999 
0.8875 3 0.023747474139368976 0.5798364797900001 
0.2318 2 0.10828114924536862 0.6235603673999994 
0.0455 1 0.11070574147806146 0.7115679210400001 
0.3944 2 0.13250644900676478 0.7311752302100001 
0.6433 3 0.1752190753353102 0.8386182326399998 
0.2629 2 0.12041149473703228 0.70611646994 
0.2280 2 0.22375942299171075 0.5862147776100002 
0.3840 2 0.1326333775055772 0.7704993819699996 
0.0658 1 0.13234471764059466 0.7311464899900002 
0.2127 2 0.1448332921883304 0.74918857329 
0.1660 1 0.1522808868733817 0.8103356721600002 
0.4400 3 0.11749317082686792 0.6814466099499995 
0.1486 1 0.12140937626360582 0.72632607386 
0.2824 2 0.1392676809570374 0.7716146340200003 
0.3334 2 0.14081051862634603 0.7780034505000001 
0.3848 2 0.11968127252219088 0.81178613703 
0.4821 3 0.09516061288362031 0.6448379452899998 
0.2875 2 0.1456869952070087 0.7028385312700001 
0.0135 1 0.11949722326899812 0.70398626713 
0.6821 3 0.14648692275271977 0.8288191191800001 
0.1754 1 0.11020157809946579 0.71792807679 
0.0503 1 0.13634957864314032 0.6879715998600001 
0.2327 2 0.1234891103672323 0.6639284571799999 
0.4882 3 0.13769519798432098 0.8324731993400002 
0.0279 1 0.15210447311628328 0.5945141117299999 
0.1860 1 0.2474761019458916 0.5219415167400001 
0.3086 2 0.12561259720219708 0.71613346813 
0.5185 3 0.1709410351670486 0.7547878315899997 
0.1070 1 0.12312777850996379 0.6771669445899999 
0.3044 2 0.1259749319352368 0.75467851996 
0.5786 3 0.13086338576984075 0.7121862447999998 
0.4247 3 0.15840376320312685 0.7765916718399999 
0.5526 3 0.1284987381966421 0.75506243015 
0.5795 3 0.1386043429799085 0.81305985582 
0.6580 3 0.14749553530861334 0.8002087577100003 
0.2180 2 0.12716360498160678 0.7081179906000001 
0.1088 1 0.12466957722122037 0.7580425288199996 
0.0015 1 0.11897287518323274 0.6837554119800002 
0.4057 3 0.14368532260366643 0.6207678679399998 
0.1857 1 0.11189498922316518 0.6888056152299997 
0.1826 1 0.13356795385194695 0.7296199996499999 
0.4350 3 0.1021833900755404 0.6498324464899999 
0.1866 1 0.13168834403893132 0.73739510726 
0.1586 1 0.1263820572648665 0.63296977344 
0.2457 2 0.12552319593176 0.7238209066700001 
0.2668 2 0.15234634583685358 0.8298493672899998 
0.9255 3 0.15235246003492836 0.7979149190500002 
0.3299 2 0.19473868957216928 0.7195373890600001 
0.7287 3 0.19238602552225562 0.81215324065 
0.0577 1 0.11819831808420583 0.7173064451599999 
0.4762 3 0.1481409252174134 0.7661174920499999 
0.1235 1 0.12518532566860127 0.7458279746899998 
0.1734 1 0.14157058607937292 0.6192779694399997 
0.1561 1 0.12647867814625394 0.7421340601299999 
0.1535 1 0.13301859320335002 0.7538631514600003 
0.4371 3 0.1434763598320895 0.7997828063200003 
0.1456 1 0.11553631299616234 0.7111399861599998 
0.1849 1 0.1372958250504345 0.7574060492399999 
0.0744 1 0.1030484503837586 0.6655000286800002 
0.0417 1 0.10323786860624277 0.6167823722 
0.2484 2 0.1374356609169851 0.8203346354000001 
0.2590 2 0.12002621766013791 0.71616601148 
0.1537 1 0.13554669776163242 0.7574465958900003 
0.5340 3 0.12229635298018345 0.7138077354500001 
0.0839 1 0.1368131595372983 0.7204667475900003 
0.2691 2 0.14134057107539072 0.7151561138100002 
0.1622 1 0.14127086501467695 0.7777922019099996 
0.0665 1 0.12274225017319265 0.7521433542000001 
0.3407 2 0.1250235214757865 0.7873675053700001 
0.1546 1 0.1155892369775636 0.69808315877 
