0.0946 1 1.260209999806028E-4 2.6197702958509717E-5 
0.6173 3 3.251970000226256E-4 5.584821050454267E-5 
0.1519 1 2.549490000083976E-4 3.358753983284161E-5 
0.0730 1 1.3834099999947557E-4 2.3743043172452138E-5 
0.0106 1 3.149039999871484E-4 8.478828789915025E-5 
0.1104 1 7.561899998040911E-5 1.4214670408821578E-5 
0.1331 1 9.95669999795501E-5 1.7861452239136233E-5 
0.4917 3 1.7714399999293473E-4 3.32827598015409E-5 
0.0028 1 1.1933799997969619E-4 2.3193377355290353E-5 
0.1705 1 1.0178399998195253E-4 2.232062805822494E-5 
0.2440 2 5.410299998178658E-5 1.1351942606949162E-5 
0.7934 3 1.1160799998146675E-4 2.2617724376274903E-5 
0.7997 3 3.6004700001379675E-4 8.091402407885456E-5 
0.1528 1 1.1953899997956264E-4 2.51508367472078E-5 
0.0406 1 1.3405899999774373E-4 2.60051621916831E-5 
0.6331 3 1.4039699998116272E-4 4.64674826966583E-5 
0.7161 3 2.1134899997681255E-4 4.502418937685709E-5 
0.0239 1 8.717799997775E-5 1.5833769327282807E-5 
0.0441 1 9.40449999828008E-5 1.7155814696533103E-5 
0.1194 1 1.9985800000776877E-4 3.487674353788657E-5 
0.1133 1 6.661099998199749E-5 1.3910386505174529E-5 
0.0528 1 6.520699998262547E-5 1.2374565569399446E-5 
0.2765 2 2.0139699997707706E-4 4.169471503884378E-5 
0.6200 3 1.036299999890522E-4 1.7182119500106332E-5 
0.1674 1 1.2174299999931915E-4 2.1439058850832816E-5 
0.6002 3 1.6951799998816687E-4 4.331902926659751E-5 
0.2506 2 9.993400001058194E-5 1.4847842417510153E-5 
0.7525 3 3.161269999989669E-4 6.491000869251214E-5 
0.2951 2 7.123799997985625E-5 1.392718334686461E-5 
0.0772 1 8.853399997859057E-5 1.6472979374067912E-5 
0.2205 2 6.913199998384023E-5 1.2968105785284858E-5 
0.0602 1 1.3162799997707976E-4 2.798233734034864E-5 
0.4165 3 2.092190000023475E-4 4.1091022500228314E-5 
0.7126 3 1.7811999998060824E-4 3.578635972058873E-5 
0.3743 2 1.6902600000436862E-4 3.567495481474987E-5 
0.0649 1 4.444099997966688E-5 8.651650410283446E-6 
0.3027 2 2.590350000013508E-4 5.76993474507607E-5 
0.4879 3 1.9516600000448747E-4 3.389788640668548E-5 
0.3909 2 2.557920000099578E-4 4.754407787798293E-5 
0.0707 1 6.92999999782895E-5 1.172273740014099E-5 
0.2584 2 1.2513299997656268E-4 2.4942075691748184E-5 
0.2874 2 5.831599997789816E-5 1.2370197074709225E-5 
0.2616 2 5.315499998126416E-5 9.387462005354341E-6 
0.0293 1 5.0396999980550916E-5 1.0258026485643918E-5 
0.0637 1 7.555799997545076E-5 1.4404832962528087E-5 
0.0134 1 5.7271999981045595E-5 1.03256738308595E-5 
0.0494 1 1.0179799999809891E-4 1.753567030926635E-5 
0.8100 3 1.797309999815644E-4 3.607302046393179E-5 
0.2110 2 1.343569999777916E-4 2.5922612830182085E-5 
0.0271 1 7.843799998219492E-5 1.662127419688014E-5 
0.4433 3 1.506249999964515E-4 3.161939654133315E-5 
0.0398 1 1.5549699998009813E-4 4.9783194290025706E-5 
0.2853 2 1.4009499997822417E-4 2.578594468508527E-5 
0.1775 1 6.109299997851814E-5 1.1514847883575818E-5 
0.1682 1 1.2870399997848557E-4 2.7811362695049865E-5 
0.0198 1 3.074219999819938E-4 6.890401119647561E-5 
0.2567 2 9.727799997749642E-5 2.1266598713696194E-5 
0.1891 1 1.6932300000600532E-4 3.577511406527185E-5 
0.0243 1 1.3062499998226507E-4 2.18922063243468E-5 
0.2637 2 1.072169999825956E-4 2.1728369557278814E-5 
0.4264 3 2.5235199997672984E-4 5.719865635644506E-5 
0.1637 1 9.891399999419903E-5 1.72075226617401E-5 
0.0699 1 1.2467599998871036E-4 2.546917283925386E-5 
0.4952 3 2.5866500002245105E-4 3.9784000895874504E-5 
0.7924 3 2.82913999989165E-4 5.392053193774602E-5 
0.4978 3 1.9399600001670513E-4 2.778375108945647E-5 
0.1275 1 1.145819999909925E-4 1.5717235873442325E-5 
0.4800 3 2.1274300000504454E-4 4.343447181663591E-5 
0.2968 2 2.97334999982346E-4 8.280548478489684E-5 
0.2518 2 9.095099998688295E-5 1.7163704680785595E-5 
0.0376 1 1.2567199998443358E-4 2.4023937304134217E-5 
0.1463 1 1.0107899999181046E-4 1.6693093171587535E-5 
0.3990 2 1.470339999773529E-4 2.88613384280987E-5 
0.3041 2 1.526480000061614E-4 2.7294989568278164E-5 
0.2657 2 1.797070000003176E-4 3.1472757983107445E-5 
0.0044 1 7.330799997988802E-5 1.2449709359743727E-5 
0.3600 2 1.6908200000200768E-4 3.0725907659844794E-5 
0.0284 1 6.635399998911051E-5 1.0744182830317227E-5 
0.0674 1 1.0494099997924167E-4 2.1775183915628702E-5 
0.1749 1 1.534819999995607E-4 3.231067367988462E-5 
0.0490 1 1.3571099998832548E-4 2.775643270611731E-5 
0.5154 3 1.786150000124609E-4 3.71767580717248E-5 
0.0243 1 1.9624599999616964E-4 3.732010373744262E-5 
0.2028 2 1.3853799997722848E-4 2.810906888627821E-5 
0.1786 1 1.199099999847908E-4 2.2883306018660747E-5 
0.0332 1 1.1608599999299863E-4 2.35954428209178E-5 
0.2086 2 1.129530000008483E-4 1.98196760730907E-5 
0.2169 2 9.175299997594699E-5 1.6621642076263633E-5 
0.0080 1 5.7724999981689784E-5 1.0317830650573579E-5 
0.1281 1 1.564889999870589E-4 3.44832565396052E-5 
0.0969 1 7.388299997839187E-5 1.3296207104175883E-5 
0.4598 3 2.7359000000195535E-4 4.881629552176621E-5 
0.0478 1 9.780499998424119E-5 1.8142637129545513E-5 
0.0192 1 9.492899998115867E-5 1.7280697559766477E-5 
0.1327 1 8.219499998114443E-5 1.3608097356471391E-5 
0.3704 2 2.321369999760847E-4 5.6222068063980794E-5 
0.0347 1 8.176499997960551E-5 1.5806274521476132E-5 
0.2955 2 1.4547799998494427E-4 2.66289203479062E-5 
0.1473 1 1.8475999997631388E-4 3.9679752953571885E-5 
0.4156 3 2.479990000112453E-4 5.094613827249166E-5 
0.0331 1 6.50179999851952E-5 1.2717685546639449E-5 
0.2920 2 1.3899399999188765E-4 2.4480161251689016E-5 
0.8367 3 2.2506300000852965E-4 5.609968005728573E-5 
0.1984 1 8.210599999971535E-5 1.197046706058977E-5 
0.1193 1 1.395079999830573E-4 2.723647471569347E-5 
0.3343 2 2.8154599999745676E-4 6.034053438663634E-5 
0.3143 2 1.732049999951135E-4 3.7452123836432746E-5 
0.2368 2 1.790150000025692E-4 3.695616381528015E-5 
0.1593 1 1.7705600000146316E-4 3.488584868408074E-5 
0.8659 3 1.776359999783983E-4 4.200268794734414E-5 
0.2180 2 1.8002899998479372E-4 4.041844583340505E-5 
0.0317 1 8.489399997799741E-5 1.4819687756738272E-5 
0.1667 1 1.40243999986156E-4 2.8713331860066697E-5 
0.2195 2 1.7776800000675054E-4 3.2536714488557485E-5 
0.3265 2 2.6246400001281864E-4 5.3794540141525284E-5 
0.3238 2 2.561519999887407E-4 4.7500602859549203E-5 
0.3039 2 2.0426199998850868E-4 4.3027080397710875E-5 
0.4637 3 2.415179999989858E-4 3.2624347422661384E-5 
0.1254 1 1.97005999978761E-4 3.96323778906438E-5 
0.3383 2 2.0442599999279665E-4 3.6437383189076095E-5 
0.0391 1 9.273899999655555E-5 1.4385041171613008E-5 
0.0182 1 1.4931899997985276E-4 2.8027052093078326E-5 
0.6771 3 3.5105599999560864E-4 9.376534306576448E-5 
0.2446 2 1.256470000025045E-4 2.1964412941192777E-5 
0.4114 3 2.153769999851507E-4 3.221717643742243E-5 
0.0523 1 1.1049299998175944E-4 2.076939251275483E-5 
0.2456 2 2.2777699997886814E-4 5.461075959357821E-5 
0.1658 1 1.652609999859722E-4 3.363188586098604E-5 
0.3503 2 3.5647600000732194E-4 8.529268670939137E-5 
0.6210 3 2.6270399997629923E-4 6.547500085308108E-5 
0.4550 3 2.7331199999962584E-4 4.385931388696108E-5 
0.0049 1 8.990799997994347E-5 1.490776945575564E-5 
0.1632 1 1.641999999769439E-4 3.107957790374784E-5 
0.3613 2 1.426709999894582E-4 2.7481389541570607E-5 
0.0591 1 1.1515599998324078E-4 2.3568862451214597E-5 
0.0553 1 1.38117999983689E-4 2.8730694258130525E-5 
0.0247 1 1.1682299997890499E-4 2.242381186739115E-5 
0.2042 2 1.2997099999247918E-4 2.3860767849001306E-5 
0.0234 1 1.8290999999710512E-4 3.613104939703956E-5 
0.0315 1 1.0051199997767047E-4 1.994248714463035E-5 
0.6754 3 2.9426400000089894E-4 6.9458119070211E-5 
0.0123 1 7.743999997844586E-5 1.6309411719795158E-5 
0.0999 1 1.902690000185725E-4 3.5627498464988154E-5 
0.8607 3 2.696279999988116E-4 6.028910404532681E-5 
0.1456 1 1.4099300001526593E-4 2.154576076092036E-5 
0.1541 1 8.590499997955803E-5 1.7010859043160223E-5 
0.6359 3 2.1313099999968886E-4 3.332448560981926E-5 
0.0393 1 6.462099997808223E-5 1.0893016395943082E-5 
0.0733 1 1.5964200000873063E-4 2.7949571159341437E-5 
0.4637 3 1.705850000055964E-4 3.2579377339324305E-5 
0.6701 3 1.430189999875653E-4 2.6961506572967894E-5 
0.3872 2 1.217499999878413E-4 2.1672295438460997E-5 
0.2728 2 1.5139099998713325E-4 3.0365085110321404E-5 
0.8180 3 3.375070000121161E-4 6.967274715409092E-5 
0.0243 1 8.840499997933015E-5 1.587254549030587E-5 
0.5595 3 1.724969999771009E-4 3.658122360265857E-5 
0.3301 2 2.0629500000364233E-4 4.016877653037386E-5 
0.0385 1 9.153899997906833E-5 1.7095475419923947E-5 
0.0598 1 9.11619999811597E-5 1.747446332823657E-5 
0.0344 1 9.892299999214593E-5 1.878754292124936E-5 
0.3559 2 2.2090200000131067E-4 3.886244548969803E-5 
0.5997 3 1.9651999999261704E-4 4.350451233254605E-5 
0.3185 2 1.6647399997664624E-4 3.355806351945362E-5 
0.7491 3 3.2796099997971505E-4 7.141207989073393E-5 
0.2991 2 1.5961199998748565E-4 3.0515536882400047E-5 
0.6699 3 1.3783199999342077E-4 2.789186540524759E-5 
0.2500 2 7.50439999801733E-5 1.390236994897476E-5 
0.2427 2 2.0262800000523385E-4 2.6360204760619876E-5 
0.7094 3 1.8633199998143723E-4 3.8607661690813915E-5 
0.2118 2 1.5466599997882025E-4 3.087641366342598E-5 
0.3390 2 2.9146800001091935E-4 5.84939824068084E-5 
0.0985 1 6.542199997894294E-5 1.270460427010691E-5 
0.5375 3 2.3474800000597985E-4 5.393313145445299E-5 
0.3086 2 2.6229699998623344E-4 5.924250108156073E-5 
0.0724 1 1.5991099997736402E-4 3.9318084315463965E-5 
0.4743 3 1.2696200001607316E-4 1.800973453575157E-5 
0.0120 1 6.371699998384273E-5 1.1533063812271149E-5 
0.2602 2 1.903250000088841E-4 3.16374811114478E-5 
0.1687 1 1.6636799998441808E-4 3.318922152660866E-5 
0.7071 3 1.0935399997811235E-4 2.377686048476624E-5 
0.1888 1 1.0201300000265424E-4 1.4750374371027483E-5 
0.2014 2 1.2021099999728335E-4 1.8891582888256216E-5 
0.4823 3 2.1072200000258335E-4 5.766751987491471E-5 
0.8816 3 2.67297999977445E-4 7.312781607012663E-5 
0.5094 3 1.7264999997690378E-4 3.8237246081012114E-5 
0.3823 2 1.0358199998299345E-4 2.299555133313846E-5 
0.3576 2 1.8416600001764928E-4 3.5245504992497945E-5 
0.1951 1 7.904899998338877E-5 1.4088139785891902E-5 
0.1191 1 1.0582999998138831E-4 2.110892570822335E-5 
0.3554 2 1.822929999798051E-4 3.3035982476439476E-5 
0.3501 2 2.2302200000714478E-4 3.8154103009771836E-5 
0.1864 1 1.6267700000638374E-4 2.791285784566085E-5 
0.3184 2 1.4907200001692544E-4 3.087548664394127E-5 
0.4044 3 1.7782700000463781E-4 3.373666079021195E-5 
0.6471 3 2.1283400000531304E-4 4.8356140472062844E-5 
0.1972 1 1.6567000000053956E-4 3.4173570118008256E-5 
0.2923 2 2.0062699999643386E-4 3.845494497633188E-5 
0.2144 2 6.35069999851412E-5 1.283609208157869E-5 
0.6161 3 3.5947400000935215E-4 8.471928265939998E-5 
0.0999 1 1.2200999999245621E-4 2.5762005279369977E-5 
0.0560 1 1.6315000000721724E-4 3.207157826245799E-5 
0.3193 2 1.7087799999020435E-4 3.722525262781229E-5 
0.5340 3 2.449560000007178E-4 3.626702229748253E-5 
0.3756 2 1.5883600000126118E-4 3.1170333571863655E-5 
0.3856 2 1.649489999783871E-4 3.2875554481744115E-5 
0.4650 3 1.8848799999029441E-4 4.0982940524497946E-5 
0.4228 3 1.8158799999226093E-4 3.540384087889298E-5 
0.0921 1 1.720119999995662E-4 4.049888722081142E-5 
0.4775 3 1.283089999789988E-4 2.4434861248933604E-5 
0.5997 3 2.4129500001308647E-4 5.104635776666983E-5 
0.6082 3 2.8085899998551154E-4 7.960903522989489E-5 
0.5236 3 2.769490000125607E-4 3.993754595728743E-5 
0.6099 3 2.5247699998682817E-4 5.943148164261581E-5 
0.3911 2 1.8400199998465095E-4 3.746029003077054E-5 
0.2354 2 2.36375000014033E-4 4.683563027949899E-5 
0.0156 1 1.2165699999795443E-4 2.5763468029237362E-5 
0.3173 2 1.6542399997980793E-4 3.227974163099289E-5 
0.2820 2 1.683259999909703E-4 3.294252713201276E-5 
0.1504 1 1.4965500000336808E-4 2.5317775049378445E-5 
0.1145 1 2.1627499999985478E-4 2.502681086657344E-5 
0.3202 2 1.2512300000053767E-4 2.6432037199115154E-5 
0.3374 2 1.9413899998037553E-4 4.134662438420753E-5 
0.2037 2 1.4561500000553895E-4 2.491521294113651E-5 
0.2502 2 1.9945899998676797E-4 4.037197513577884E-5 
0.2544 2 2.552040000127542E-4 4.55736068296753E-5 
0.8935 3 2.586409999757233E-4 6.438854687558986E-5 
0.2282 2 1.3933099997982535E-4 2.601476689160322E-5 
0.9484 3 2.2369199998197863E-4 5.014942469775996E-5 
0.0974 1 1.0529099997831359E-4 1.88684626466359E-5 
0.4829 3 2.0057800000221614E-4 3.833145808825166E-5 
0.3123 2 1.406199999770763E-4 2.8024033335973164E-5 
0.1725 1 1.5730999999317153E-4 3.0722195009040134E-5 
0.0149 1 8.552099997918283E-5 1.6818058029346513E-5 
0.2149 2 1.6940699997940455E-4 3.8229634153865985E-5 
0.4187 3 1.7172499999158487E-4 4.538989316113983E-5 
0.2167 2 1.2092099999849726E-4 2.2557488662757093E-5 
0.0027 1 7.93879999788194E-5 1.3360081453034571E-5 
0.0154 1 7.615299997818515E-5 1.5165967287008318E-5 
0.0286 1 7.999699997960353E-5 1.4760954547077837E-5 
0.2028 2 1.1957499997972132E-4 2.4462980162234532E-5 
0.3949 2 2.2702400001481938E-4 4.338553460429333E-5 
0.1683 1 9.47769999798176E-5 2.1101947837371067E-5 
0.5328 3 3.737950000167967E-4 8.96703931709097E-5 
0.2929 2 1.7372800000146072E-4 3.7972226409418945E-5 
0.2782 2 1.91937999977565E-4 4.5561393589998626E-5 
0.1170 1 1.7090199998233136E-4 3.32674988389569E-5 
0.3836 2 1.8182600000598014E-4 3.096472818814044E-5 
0.1757 1 1.0464299998398374E-4 2.279848284347743E-5 
0.1758 1 1.356910000003486E-4 2.4495488126042684E-5 
