0.0875 1 0.04605314804911894 0.22726539819819785 0.12206854675613903 0.15390412500476425 0.1366592731236584 0.05569724013682639 1.108078227612409 
0.1044 1 0.08592028339415235 0.5467871999999999 0.22936797000485545 0.2915636015457309 0.31635374169707614 0.18860690671514024 1.3938620050783948 
0.0862 1 0.04644399704433515 0.2583463207207205 0.07568151179393416 0.1076537067863681 0.15239515888252783 0.057787409886298956 1.1248638524951964 
0.0265 1 0.040300032811124965 0.25189070990991014 0.2189150721177218 0.27081706125871724 0.14609537136051756 0.09650776770071041 1.3268677707690717 
0.1144 1 0.03087199490887771 0.1739221765765768 0.1712132303952254 0.22450410026465212 0.10239708574272725 0.05552413896960184 1.1342183144479603 
0.7167 3 0.10887430924891413 0.3538222270270272 0.24794688045157626 0.36923657036336804 0.23134826813797066 0.22061337568203512 1.7889867256756378 
0.0047 1 0.04529784327274873 0.25606805045045034 0.13742692679295507 0.16576672048220714 0.15068294686159953 0.06840269774759135 1.151959969013516 
0.3309 2 0.07584462360145146 0.3045890018018019 0.28845367552436707 0.4150708928916836 0.19021681270162666 0.1877902126842962 1.6050459998272104 
0.1551 1 0.02324122883324627 0.1606490234234234 0.1233999213572483 0.19007092955241253 0.09194512612833484 0.05331604643096559 1.1431727179561755 
0.8866 3 0.10669716371834745 0.5842119927927927 0.5892730692623196 0.7444102686444326 0.3454545782555701 0.4417328288827277 4.468494693039729 
0.0909 1 0.03142404414434992 0.19189416936936962 0.20866443076970606 0.2635094871018567 0.11165910675685978 0.07312301897271103 1.2295936484916694 
0.0458 1 0.04284409724438398 0.21934333693693714 0.08928102187600799 0.11389953141743421 0.13109371709066056 0.04624052770302995 1.0909369757486906 
0.6401 3 0.058753122534861375 0.2744715243243242 0.5648378986075492 0.6694734952837156 0.16661232342959278 0.20812934671022681 2.8036892377505818 
0.0340 1 0.03320532560312057 0.17722136216216203 0.35843100908796793 0.4486196820987321 0.1052133438826413 0.10041626016660109 1.4466069675488125 
0.2332 2 0.04426884834593378 0.2705527063063061 0.19071004961556953 0.2446520234760266 0.15741077732611997 0.09075526982696888 1.2252427505753318 
0.0869 1 0.05561950359480078 0.33394692612612603 0.15642317982198264 0.1947651381324105 0.1947832148604634 0.10307973000091335 1.2692660526320756 
0.3178 2 0.031062935238494363 0.1895218738738737 0.17852615206657985 0.22644109862688613 0.11029240455618403 0.06410131013912616 1.1951082301663372 
0.2340 2 0.04500962932569428 0.2603238630630632 0.20507183080875502 0.3065927775651927 0.15266674619437876 0.11538865198873932 1.3311061541599778 
0.6215 3 0.052531649509169796 0.264140338738739 0.1523074429419107 0.19050477602942592 0.15833599412395438 0.07752720352914094 1.2126867471704925 
0.2174 2 0.04692857693446513 0.2332288864864865 0.16360286728713527 0.19871001678101075 0.1400787317104758 0.08139044729766495 1.3608679609878858 
0.6772 3 0.05951834103181365 0.32274521081081053 0.4568519672622156 0.5355663235679273 0.19113177592131209 0.19440627491095308 2.153898421960809 
0.4288 3 0.05763808651999112 0.4096148468468469 0.15975311928997218 0.22165142682776065 0.23362646668341902 0.13872352850138708 1.360559236067833 
0.4149 3 0.05374468189507083 0.2893365765765766 0.3179733684806358 0.3929618076666028 0.1715406292358237 0.1403686126486838 1.6250580391308846 
0.1585 1 0.04847203350141637 0.2270454198198199 0.11774338171270203 0.14206314325284872 0.13775872666061814 0.055104796300891025 1.1192025242804338 
0.4634 3 0.03209074671554369 0.17840266666666674 0.15066854167314628 0.18622213464611223 0.10524670669110521 0.052693816540630684 1.1338553655666601 
0.4155 3 0.08645557736801258 0.47756005765765785 0.32826177147823293 0.40220190815389834 0.2820078175128352 0.2378130974063935 2.1493142173629307 
0.6760 3 0.05204204397312371 0.30960332972972976 0.25394081073563085 0.3656977045274649 0.18082268685142674 0.1492917207451143 1.4419033898183555 
0.3764 2 0.0663021909230716 0.38045238198198206 0.2113281570660541 0.26053629949535817 0.22337728645252683 0.14403323989217784 1.569132417828137 
0.1903 1 0.04961908419806856 0.27910864144144143 0.29212103866515915 0.37700617878696346 0.16436386281975499 0.13530872077279466 1.542729345411884 
0.7245 3 0.0769192126879025 0.40048441081081065 0.4678310721196779 0.576996416236868 0.23870181174935656 0.26042114083522455 2.6719762228461432 
0.2833 2 0.08998055690849326 0.4874050882882881 0.24573749928028019 0.3031182563557373 0.2886928225983907 0.20218073585316823 1.99494004630198 
0.3306 2 0.05024915917824077 0.2706764252252253 0.33287658108309703 0.4280777079686694 0.16046279220173304 0.1417390793584823 1.6173411577577654 
0.4299 3 0.04659713624423009 0.2775016792792793 0.20735435058611995 0.2595821957970564 0.1620494077617547 0.10179344256629187 1.300922665897372 
0.0856 1 0.03394092136591101 0.1599507891891891 0.16828733117657754 0.20539231475398015 0.09694585527755005 0.05111193019987824 1.1636700738453936 
0.1301 1 0.04258639482899423 0.23711352792792795 0.3479399306323164 0.41761491107126963 0.1398499613784611 0.11429549868993469 1.2928992307195986 
0.0949 1 0.046469569427116955 0.22998954954954934 0.11277910309974692 0.1413165375202229 0.13822955948833315 0.058591977587590806 1.14223817300063 
0.0569 1 0.0417623341013029 0.19221801801801774 0.11370706604420305 0.14212012496801465 0.11699017605966032 0.04623772786996765 1.0969462820643923 
0.1393 1 0.06189972896682515 0.2743582846846847 0.38210668804944387 0.5206805951287907 0.16812900682575493 0.19443198632789965 1.6237627690589609 
0.1536 1 0.052430422587937967 0.2723605621621622 0.3509194615379865 0.44141571254672424 0.16239549237505008 0.14584175495535326 1.6892082295053488 
0.4670 3 0.07632808348727155 0.3281700756756756 0.5213456645347099 0.7045845875196965 0.20224907958147356 0.27152462335889666 2.426089430192876 
0.5787 3 0.07559481609307728 0.3973061765765765 0.41707746684819813 0.48384985811198744 0.2364504963348269 0.22087192767504252 2.1431697114880124 
0.3406 2 0.061467758041053866 0.35396211891891893 0.553522609913295 0.6796738358834202 0.2077149384799864 0.24982937501678318 2.4705756163038624 
0.1138 1 0.029319452428820697 0.16281685045045025 0.2753939832757846 0.3282718650581156 0.09606815143963547 0.07175750906090832 1.251354090243638 
0.4213 3 0.07907758441969219 0.39675409009009 0.4194251353103011 0.5531505969314467 0.2379158372548911 0.2692683442311324 2.215060866098076 
0.0731 1 0.144042073064361 0.7187108756756755 0.8184813038515715 0.9938330063388986 0.43137647437001825 0.7084111766447988 14.184956885128486 
0.2388 2 0.05705600995055824 0.36049798918918924 0.19875012094957756 0.254065151921362 0.20877699956987375 0.12724321764065477 1.3894171670397906 
0.0631 1 0.04253958697758172 0.23119901981981966 0.18532781413874977 0.22519615256321285 0.13686930339870068 0.07677899661198752 1.2189816180516924 
0.3976 2 0.04657022721025035 0.2950382702702706 0.15443054460956004 0.19848834099276597 0.17080424874026046 0.09023553253857228 1.2429919520318187 
0.6038 3 0.10612564602690115 0.5244432864864867 0.6457443305934318 0.8017740161960689 0.31528446625669393 0.43853106571129874 3.727533541701333 
0.0633 1 0.036038552221003405 0.21710352432432445 0.1491679217424563 0.1870302629298081 0.12657103827266392 0.06258376944577168 1.1402530404515896 
0.5810 3 0.08159274313699369 0.5565636756756754 0.6143907697611449 0.7418979078578584 0.3190782094063346 0.41227637588694016 3.6183735670078345 
0.8618 3 0.11055997303237418 0.5503687063063063 0.898841474974487 1.0393566905760712 0.33046433966934025 0.5561417893483168 11.91086469393356 
0.4246 3 0.05223761055309619 0.31052652972972966 0.4360171233817699 0.5254692532611225 0.18138207014141292 0.18272242275139464 1.6628642804928881 
0.7367 3 0.10900325174370093 0.6427145225225225 0.6971196706104636 0.8243449835116158 0.3758588871331117 0.5494278595471923 7.812451051439013 
0.4023 3 0.1229118509156562 0.5291713441441442 0.6350132211086414 0.823472939011422 0.32604159752990025 0.4880381957155093 6.172587440231413 
0.2924 2 0.040497949545054965 0.1937807279279277 0.0918441429521355 0.11580210983111072 0.11713933873649132 0.040731110270447526 1.0762212714677213 
0.0485 1 0.05202745271039157 0.24080877837837833 0.1414926785688828 0.17175553209511737 0.14641811554438494 0.06566614314053187 1.1711048812339973 
0.3188 2 0.04718786926608824 0.2755774846846848 0.2517580369383513 0.3313533870905178 0.16138267697538652 0.12278168819375207 1.4638241839954984 
0.3724 2 0.05191655281752324 0.2964691603603596 0.11140740964914649 0.146746821963181 0.1741928565889414 0.08052050604088365 1.2326891052861475 
0.2853 2 0.06527505497287138 0.34089284324324304 0.21913753313846046 0.2633116424609513 0.20308394910805722 0.12345659877365667 1.3792524941378974 
0.1628 1 0.03689624951291016 0.2114608576576576 0.2311812361551393 0.28311755453452925 0.12417855358528387 0.08248514302865532 1.2882124204334844 
0.1072 1 0.04286455414608579 0.21323795315315325 0.11778527933190906 0.14215876621375842 0.12805125364961953 0.05244252773394391 1.112458162419596 
0.3126 2 0.0324458888834743 0.1761521297297298 0.2955426123001334 0.3532434861607064 0.10429900930660205 0.08988853928602987 1.4379749254787264 
0.1613 1 0.05973170022711459 0.3701631567567564 0.26232554570338656 0.3279813639418235 0.2149474284919355 0.16036166778246655 1.6048750830028906 
0.0476 1 0.038727105537603085 0.27601696576576595 0.13737327813611022 0.21208308134389103 0.1573720356516845 0.10647406712518395 1.2174018880236541 
0.0398 1 0.06776510244139469 0.35834430270270307 0.16810406701866595 0.20221035002518015 0.2130547025720489 0.11006539819447007 1.3457272821953847 
0.2564 2 0.06297147954430911 0.3475396468468464 0.2220230154246095 0.2646932280623315 0.20525556319557775 0.12967421100436405 1.4806720639893236 
0.4209 3 0.05955132283938803 0.3386209873873875 0.2534873808153305 0.3054888085778262 0.19908615511338776 0.13830851899259938 1.5659144229055353 
0.0458 1 0.04389954937697789 0.28858178018018027 0.17718585249991525 0.23568968959258635 0.16624066477857907 0.09845146384087344 1.2493709214900601 
0.1928 1 0.04916763526002142 0.2614513873873875 0.1881949020512238 0.22597539369123593 0.15530951132370446 0.085917521961451 1.2707620612894215 
0.0055 1 0.029458855459643277 0.15181539459459464 0.22382512730753587 0.26410566200079233 0.09063712502711896 0.056976999300709076 1.1866345336837376 
0.3159 2 0.05803892946799441 0.33070486486486506 0.22390989966528196 0.30621668514400124 0.19437189716642972 0.14722727341894323 1.6383262818225977 
0.3316 2 0.029228767636940177 0.1540630918918917 0.17084301724740703 0.20655653248506808 0.09164592976441595 0.047620322944303704 1.1211820246736524 
0.2138 2 0.09662242933775364 0.4161782342342345 0.4107412118329227 0.5670083461086769 0.2564003317859941 0.2802442751296578 2.26237642373293 
0.0921 1 0.039800534484995584 0.29836174414414407 0.14985433593030026 0.21207949868620019 0.16908113931456983 0.09814992394740917 1.2667690758987 
0.1494 1 0.029780412575541784 0.14078508108108115 0.12727902334026706 0.15833987670235114 0.08528274682831147 0.03417565383057497 1.0635997172708793 
0.5495 3 0.12534770731542458 0.6230643171171172 0.7284630119168345 0.9191875272196206 0.37420601221627087 0.573138110064331 7.814849513044456 
0.1974 1 0.04095819319984121 0.23997190630630638 0.21485929773175905 0.25973593517087507 0.1404650497530738 0.08385869805246327 1.2197987951324685 
0.1622 1 0.05151477706729549 0.28645277117117146 0.31308060325007236 0.373172505106636 0.1689837741192335 0.13505856052574153 1.5296745204974584 
0.3640 2 0.07121564453177978 0.40167391711711725 0.2808793489177644 0.3369544311236435 0.23644478082444853 0.17399640903934196 1.7263068580813064 
0.0413 1 0.043028957236229966 0.16591623783783774 0.28590466167310075 0.3276293447916964 0.10447259753703385 0.07603814395021483 1.4792027111291024 
0.8774 3 0.12026069970703354 0.6216594738738737 0.8496609574159328 0.9780398695563367 0.3709600867904536 0.5961106719168522 14.53765597702261 
0.2101 2 0.06332248254655044 0.18539022702702712 0.042441456398975466 0.05107485393747401 0.12435635478678878 0.026944313590531434 1.035204758665977 
0.2815 2 0.05589575754867072 0.3172740180180179 0.5261717417029995 0.6307036079963877 0.1865848877833443 0.21263986566991 1.9254458871556346 
0.3785 2 0.1049575920186068 0.5542721297297296 0.31117286412374257 0.4079937166060189 0.3296148608741682 0.28666247070347606 2.5446483965034865 
0.2522 2 0.09484523151630249 0.4628968648648648 0.4378889683922216 0.5095414495053621 0.27887104819058367 0.27394212134026485 2.6617325261804217 
0.2218 2 0.05984110888795416 0.33197088288288285 0.13562002364353865 0.16769221306895954 0.19590599588541852 0.08138832791783635 1.130315822166185 
0.8384 3 0.06289729869130319 0.35890154954954956 0.5192639685049215 0.6210768362901774 0.21089942412042637 0.22447948924167788 2.177246613935752 
0.4208 3 0.07962156957304747 0.3770348108108106 0.529332707168846 0.7033248800960414 0.22832819019192901 0.3187420121501886 2.5578768982070317 
0.2913 2 0.04451287688382294 0.2526365117117114 0.14473217771791946 0.17359397706249552 0.14857469429776718 0.07080698963510068 1.1886773961644381 
0.2880 2 0.052461165151715235 0.31605205045045076 0.13732976248505546 0.17403567662072641 0.184256607801083 0.08244749009806418 1.159081743326685 
0.4058 3 0.09092298101012307 0.42140988828828807 0.32215335177492094 0.3701290940047547 0.2561664346492056 0.19510670997413407 1.8038704854738912 
0.3787 2 0.07550474487112349 0.4244208720720722 0.26581410489871127 0.31839461166111543 0.24996280847159785 0.16621502201356264 1.457115556938382 
0.4987 3 0.0493437114668906 0.4160822054054054 0.2891882487173479 0.42548786899509494 0.232712958436148 0.222136513045811 1.4168403494980752 
0.1154 1 0.050708858451394404 0.3143424864864867 0.20457085288078355 0.25702062927912883 0.18252567246894055 0.11259822567958977 1.3565886934120028 
0.5373 3 0.05070506758252024 0.3251156036036033 0.16329861970876297 0.20853777480050872 0.18791033559306178 0.11015499501140158 1.3931373295707594 
0.0640 1 0.043851757977293314 0.22771701621621646 0.07846707503913797 0.10073145337740957 0.1357843870967549 0.046708926749289816 1.0883825679188996 
0.5609 3 0.06230310134023454 0.3661150270270265 0.19253651810229164 0.2489269368385614 0.2142090641836305 0.1477876927729716 1.8084405099865355 
0.2567 2 0.03801863363923225 0.17581075315315312 0.10424271287101627 0.12940931398244296 0.10691469339619268 0.03993157902350629 1.0793043734855168 
0.6302 3 0.05252476267140256 0.30542545585585584 0.22462630392236974 0.2716717802850233 0.1789751092636292 0.11525253324444529 1.3861409598104373 
0.1984 1 0.05408072357565688 0.32165561081081095 0.3910356495401638 0.4974852235875711 0.1878681671932339 0.18384242598348946 1.673002383468497 
0.2954 2 0.049134896196713886 0.2741003675675679 0.16455882220606746 0.20622767535259 0.1616176318821409 0.08216392001647757 1.1746405406431388 
0.2354 2 0.13078865209119406 0.633006255855856 0.5137293678010666 0.616207951540703 0.38189745397352504 0.4327504786055394 6.760670635591839 
0.6706 3 0.1310014000760021 0.6045373117117115 0.5635039457929184 0.7017404914407638 0.36776935589385684 0.47475847161694906 7.342438566702663 
0.4522 3 0.05092282092581516 0.27218355315315346 0.1386708039346006 0.16934681894194203 0.16155318703948432 0.07453077266510838 1.186151134216356 
0.0087 1 0.049478636467161184 0.2950128288288286 0.3509296132478199 0.4575435978977493 0.1722457326479949 0.17409903082212072 1.5428314041825237 
0.4585 3 0.03950854893804418 0.17937532252252208 0.07883072338800817 0.09826743182169168 0.10944193573028313 0.03676954663721286 1.0727436304541276 
0.2603 2 0.04052127925985348 0.21319398918918875 0.16356018536353273 0.20067135584495044 0.12685763422452112 0.06477950020252421 1.1557692168747007 
0.2453 2 0.06609360535919295 0.3471635027027022 0.30263685405329116 0.3538862254098514 0.20662855403094757 0.15146510539813812 1.60274290199828 
0.3230 2 0.04094351518934402 0.1879734918918918 0.16094964671923345 0.18127894636205372 0.11445850354061791 0.05412739500473242 1.1385370257719116 
0.0116 1 0.03854359165510067 0.2391133837837839 0.1619132406518927 0.20829717195181696 0.13882848771944228 0.07477858266791904 1.1862337055242762 
0.1678 1 0.04729903906245107 0.2465736360360359 0.20172289644264177 0.2327732534759401 0.14693633754924348 0.08517064916354104 1.2709629155657716 
0.6862 3 0.13471951250195496 0.68782781981982 0.6014180632968589 0.7170422381966152 0.41127366616088745 0.5358434768969442 12.984593103095454 
0.1538 1 0.051814200953373614 0.24934363963963949 0.1853585007891545 0.21793496063550707 0.15057892029650655 0.0793895723175312 1.2128343310721457 
0.8206 3 0.12169121096427325 0.5036992144144143 0.6127887076247993 0.840659725986836 0.3126952126893438 0.4745867039162269 4.442860204882444 
0.2027 2 0.05339977374496366 0.3126633513513516 0.29925781479881464 0.3679563835736064 0.1830315625481576 0.13998548483654077 1.487895545966989 
0.2495 2 0.03643652675245078 0.19873889729729738 0.3053062493827879 0.3603707164217856 0.11758771202487409 0.09176344707002491 1.3875124441501205 
0.0399 1 0.037860485978560135 0.20757558198198214 0.28331226135574084 0.3396932033990317 0.12271803398027115 0.08748470569372506 1.3064140991626574 
0.1255 1 0.05868625689132408 0.33779107747747755 0.22725610482206143 0.2822849279986884 0.1982386671844008 0.1299385659745043 1.455979001861019 
0.5519 3 0.07068569636661973 0.34725156036036076 0.13447124876578237 0.16274621778246623 0.20896862836349023 0.09055929313996072 1.2132613544130095 
0.7193 3 0.0891017249499317 0.434977672072072 0.4308299285634576 0.51514160308114 0.26203969851100184 0.26074109142657914 2.900623394034241 
0.4427 3 0.06164802074950362 0.37454881441441434 0.18785561129486023 0.23790248352117183 0.21809841758195897 0.1322187078421701 1.4222553573072056 
0.8423 3 0.1486875815013165 0.6816550486486488 0.5767594552057146 0.7458054500470608 0.4151713150749826 0.552495124325696 7.995081213735245 
0.1098 1 0.03864582097322854 0.23877555315315346 0.15295601919006527 0.20284056192376512 0.138710687063191 0.07228173378309471 1.1701128932050289 
0.6259 3 0.08116025545561487 0.4166091819819818 0.3217045559027413 0.4412466859672483 0.24888471871879836 0.22843472665055492 1.9306419947676932 
0.0999 1 0.039700650361764164 0.21885137297297313 0.13086799410994276 0.15814432628152483 0.12927601166736866 0.05908219091566563 1.1434743376398018 
0.2932 2 0.05561096046144111 0.31774427387387394 0.2639914293291188 0.35681215897621427 0.18667761716765752 0.14805375218544486 1.5798478348212472 
0.1576 1 0.04122115994107989 0.239023654054054 0.0976202343274135 0.13015542167483632 0.14012240699756695 0.05895712702840958 1.1410448398145516 
0.2804 2 0.06911079554531827 0.3358075243243244 0.1275450206282805 0.15687432979263802 0.20245915993482133 0.08780622852744066 1.2281740997039134 
0.3347 2 0.04074253959484259 0.2360405909909907 0.14137136551353127 0.1773296518014956 0.13839156529291666 0.06776532844620173 1.1681347756402136 
0.7847 3 0.11123307470546019 0.5661562954954957 0.7687204904082856 0.9343410652993573 0.33869468510047795 0.5406726313164462 7.348057120123233 
0.2424 2 0.04492054869492818 0.279539473873874 0.1844173964516229 0.23197930954880547 0.1622300112844011 0.09267055280873696 1.233964659618174 
0.6560 3 0.03606732326445313 0.2405719207207207 0.16343430457697167 0.2105421240234341 0.1383196219925869 0.08043301792174308 1.2613864221475948 
0.2786 2 0.08807660327239071 0.39650072792792823 0.12704775255361203 0.15125477061695852 0.24228866560015946 0.09188994875531631 1.163570490457194 
0.3655 2 0.04907335756623477 0.3076327927927931 0.1436848537878559 0.17622663830398347 0.17835307517951393 0.09683867255718685 1.377579626693729 
0.4801 3 0.0545326412733475 0.33928501621621654 0.21215576082515322 0.2827707227019609 0.19690882874478202 0.1338449257563501 1.4312427624025579 
0.5751 3 0.08737242204855464 0.4702777369369371 0.30072716028926977 0.3743687731730168 0.2788250794927459 0.22742155163503386 2.187716173988463 
0.5351 3 0.06725436362175284 0.37637948828828843 0.26374505732323067 0.3565121065318359 0.22181692595502064 0.18052191433153905 1.745052217870682 
0.3642 2 0.0766513023858201 0.4238489657657655 0.3897204001700333 0.46845768813439237 0.2502501340757928 0.22922488541364414 1.9997654177105584 
0.2014 2 0.04168063088708023 0.24507829909909917 0.28476379760250004 0.37133246346903154 0.1433794649930897 0.11468719080318605 1.4219012077808282 
0.4084 3 0.0268048880711164 0.15649148828828838 0.2638357519253213 0.3470536596454166 0.09164818817970238 0.07008521566051439 1.2435654997051766 
0.3993 2 0.04860983426695777 0.23738278918918881 0.11666009532912784 0.14633357016084808 0.14299631172807328 0.0602809499982596 1.1417216016318756 
0.4200 3 0.0641386107264869 0.312627906306307 0.11266302043404193 0.1397012511175355 0.18838325851639695 0.07007508256153692 1.1164816064249936 
0.7183 3 0.05536822889673703 0.27259429189189177 0.16783488164864588 0.24532078775809024 0.1639812603943144 0.11268296774627376 1.3774330638770258 
0.1744 1 0.05846171561099961 0.17539703063063058 0.03599372783919553 0.04310524700753108 0.1169293731208151 0.025100565846324786 1.0312196236814188 
0.6813 3 0.0761764212724422 0.3829321513513511 0.27624046108642253 0.339717637761754 0.22955428631189667 0.1766859132148004 1.958415638685788 
0.8330 3 0.1112400687890257 0.5558383135135136 1.015688336251978 1.1954633344198546 0.3335391911512697 0.661243220929053 15.36772155955047 
0.7143 3 0.1064235069467141 0.481861390990991 0.45485276146463305 0.5803233120584483 0.29414244896885255 0.3261616814995376 3.290730793460842 
0.5150 3 0.04249421054407909 0.23460554954954965 0.14469477438725775 0.17592823400304566 0.13854988004681437 0.07267649867767867 1.2532459126029896 
0.1240 1 0.037859561685679624 0.23612246486486485 0.15016509110149914 0.1916738945164309 0.13699101327527224 0.07013330859882307 1.1756986003145893 
0.3067 2 0.05965049026503579 0.2819968864864865 0.3641573690412344 0.5023985963710942 0.17082368837576115 0.17583558686142878 1.6587098475060502 
0.4040 3 0.053111111514823395 0.3341341117117116 0.22728136420001896 0.28161014018277875 0.1936226116132675 0.12345283793070828 1.3170609260835766 
0.5153 3 0.07714586455664693 0.44475687207207165 0.11684100269554773 0.15433790548132298 0.2609513683143593 0.10543732389190004 1.1881153332588623 
0.4429 3 0.05540221063859065 0.3928399711711709 0.18991070150033834 0.2561624728560104 0.22412109090488078 0.13940121939235608 1.3489352734233522 
0.3090 2 0.05669223289143038 0.33189587027027023 0.21277281357209907 0.26492109903697514 0.1942940515808503 0.128204698616404 1.4491660218348545 
0.6736 3 0.0832032093792584 0.3820821621621623 0.40726492810151266 0.47373151843516703 0.23264268577071034 0.2165129432988957 2.4073491608504582 
0.2751 2 0.06494681898213649 0.3880885621621619 0.27361255593727335 0.32855850128440756 0.2265176905721492 0.15611142249754428 1.4292935089754233 
0.7091 3 0.06040956649049689 0.3137843603603603 0.32942677135293513 0.40970028018816584 0.1870969634254286 0.16131935772156425 1.7639535858919126 
0.6669 3 0.11631224673990069 0.590069261261261 0.5045980892427887 0.5949491036028289 0.35319075400058086 0.39016510362574075 3.9067427389160714 
0.1959 1 0.051490740424175396 0.2846887495495495 0.21176902861236194 0.26029431119644936 0.16808974498686244 0.09981671476246806 1.2701635598748011 
0.2814 2 0.04303674963872322 0.24144468468468494 0.18671134960138272 0.2222342059487318 0.14224071716170408 0.0769704699315959 1.2140463575004141 
0.6228 3 0.07268148764311026 0.4912065153153152 0.2734959961129536 0.3267045045492459 0.2819440014792127 0.19307171714055218 1.3743839634967983 
0.4229 3 0.03928915084554091 0.24420562162162146 0.23664436084890625 0.28449452119138563 0.14174738623358119 0.0922525468804651 1.242576262987042 
0.8156 3 0.12123116414604476 0.4687109621621621 0.4178061255915278 0.6257237002531608 0.29497106315410343 0.346079398341974 2.552830852897016 
0.6671 3 0.09199735546349296 0.4900022774774775 0.5133705935728897 0.6262014749431689 0.29099981647048523 0.3408520783306892 3.221962722371396 
0.3437 2 0.07178406738890293 0.3501876324324321 0.22708893075123798 0.2584024492539484 0.21098584991066752 0.13174307002656266 1.5207956078489087 
0.4494 3 0.04577247660853014 0.29056050450450466 0.16038357597950398 0.21126180794141122 0.1681664905565174 0.09609920908332961 1.2896577040288852 
0.7282 3 0.09521150304442824 0.4706114882882882 0.32799303993204226 0.4003933013028494 0.2829114956663582 0.2423444659128123 2.507573110236884 
0.6723 3 0.10141930509067064 0.533546162162162 0.6108484129852372 0.6779315707143884 0.3174827336264163 0.3855440276383799 6.066147042477921 
0.8071 3 0.08587811194130983 0.5535804540540543 0.7240319488582295 0.8396824212372435 0.31972928299768205 0.48693239586903647 8.65745975781013 
0.8700 3 0.07343471352303052 0.4321240504504503 0.2616670167779201 0.3518001235390068 0.25277938198674044 0.20090742561774366 1.8775084951371637 
0.2063 2 0.052747616556365756 0.37270888648648615 0.2049364987627479 0.26046091992246206 0.21272825152142594 0.12957677581289836 1.290441557450487 
0.0234 1 0.037474092071473314 0.18050414414414404 0.09482933659547998 0.12013417216476009 0.10898911810780867 0.04370552883694953 1.106619323729405 
0.3449 2 0.043303831628729826 0.25146387027027006 0.17721918661523486 0.22082621220144033 0.14738385094949993 0.0785724834523457 1.1714181866462279 
0.1784 1 0.04969392486139621 0.21215012612612597 0.06433701868162547 0.08110504765961979 0.13092202549376109 0.035544883376037895 1.0513976217876007 
0.2171 2 0.05492915008943543 0.2441402954954955 0.16627434486376583 0.20274455523171037 0.14953472279246546 0.07222632133415223 1.189772190072371 
0.4261 3 0.04617860996326785 0.2462635387387384 0.21995524616509987 0.25716859692618765 0.14622107435100312 0.09076962903795108 1.2778560248411104 
0.6382 3 0.036219585204023755 0.23558312072072085 0.16611389622555142 0.2116840393070636 0.1359013529623723 0.07589042607647294 1.2068022313855038 
0.1942 1 0.07432167102989247 0.3972364252252255 0.26834293107059787 0.3162328672310266 0.23577904812755898 0.1633521965587256 1.6344734732890887 
0.4014 3 0.07344688431762367 0.4207084108108113 0.274914168802757 0.32655756736724006 0.24707764756421746 0.17199963395243867 1.5389786067906868 
0.9390 3 0.0960636221536926 0.5417199135135131 0.6615220686823536 0.7889742429970941 0.31889176783360285 0.4540524034908467 6.523444505590906 
0.8417 3 0.12200950339132925 0.5430685261261263 0.6442757834751194 0.8100048555799553 0.33253901475872777 0.47252250467680246 6.736215537230201 
0.2485 2 0.051336777770594304 0.2770081873873874 0.19760794227583584 0.23487957207651533 0.16417248257899086 0.09085907880306208 1.2382790984822085 
0.6680 3 0.07851748070947402 0.3926554090090093 0.24266161898536692 0.29131511114309266 0.23558644485924166 0.15076657896278345 1.5305437619296482 
0.3339 2 0.05184682373911189 0.3119469549549548 0.2120752727077338 0.26226980147753653 0.18189688934703332 0.11229733755760049 1.341112980747383 
0.0349 1 0.032970998079417654 0.17783681441441454 0.1516327127895418 0.19761031146365213 0.10540390624691609 0.05129927164838067 1.116250418173889 
0.2471 2 0.055927120502366076 0.32307374414414425 0.22060442131060243 0.2557788200091754 0.18950043232325517 0.11445583744070145 1.3139740762552534 
0.5162 3 0.05082446956950108 0.2725960792792792 0.20510972917517625 0.24402444406997054 0.16171027442439015 0.09439772673465673 1.2781792739381017 
0.3353 2 0.04298548051802622 0.17253809009009044 0.08574389667073043 0.10107451600808465 0.10776178530405833 0.03804130746638381 1.0836739948705132 
0.1662 1 0.037966570163930104 0.2218002450450452 0.21582623813280277 0.26508884343002925 0.12988340760448766 0.08165916531319134 1.2286904908219904 
0.0137 1 0.04139339041597604 0.21183371531531536 0.1285914934257424 0.167214276590704 0.1266135528656457 0.05609709859633298 1.120723318011386 
0.4175 3 0.0650887657322225 0.3962514450450451 0.32592080338342627 0.40255429568752593 0.2306701053886338 0.19311709459883153 1.7729224529838967 
0.3988 2 0.09097282712144177 0.46988178738738756 0.21707468826916035 0.27036920610242826 0.28042730725441467 0.17620475087762674 1.7856238065088414 
0.5694 3 0.09522652742593092 0.5271372252252253 0.3815900829148035 0.46376472676357494 0.31118187632557814 0.2872828131944376 2.4331829131064446 
0.3016 2 0.06920014932755149 0.3839932684684687 0.22552974390713829 0.2736802451222315 0.2265967088980101 0.14022808920984098 1.4276015020247896 
0.3530 2 0.09991466099160076 0.5079967567567568 0.4865126727988151 0.606505182850669 0.3039557088741788 0.33587155931652796 3.552379115342153 
0.2078 2 0.04857932375285801 0.26485940180180156 0.13022976843795206 0.16458778365629512 0.15671936277732978 0.07561774595718636 1.2073630505050827 
0.5711 3 0.05229429102519343 0.3080007063063065 0.30604587376852915 0.3759939128256032 0.18014749866574997 0.1373565692682135 1.4789516964852962 
0.5443 3 0.05021021529904261 0.2574634810810812 0.12588962222356503 0.15102926956339044 0.1538368481900619 0.061263179030168834 1.1196045278370013 
