0.0875 1 0.04605314804911894 0.22726539819819785 0.12206854675613903 0.15390412500476425 0.1366592731236584 0.05569724013682639 1.108078227612409 
0.6407 3 0.07235603056676722 0.45858206846846866 0.46664369896118774 0.5614064016823991 0.26546904951761796 0.2718851153560974 2.3292792910769724 
0.0862 1 0.04644399704433515 0.2583463207207205 0.07568151179393416 0.1076537067863681 0.15239515888252783 0.057787409886298956 1.1248638524951964 
0.0265 1 0.040300032811124965 0.25189070990991014 0.2189150721177218 0.27081706125871724 0.14609537136051756 0.09650776770071041 1.3268677707690717 
0.1144 1 0.03087199490887771 0.1739221765765768 0.1712132303952254 0.22450410026465212 0.10239708574272725 0.05552413896960184 1.1342183144479603 
0.2718 2 0.0533862996245885 0.2912823351351351 0.21610016980634672 0.2585567918821915 0.1723343173798618 0.10312864485644957 1.2923793768987846 
0.0047 1 0.04529784327274873 0.25606805045045034 0.13742692679295507 0.16576672048220714 0.15068294686159953 0.06840269774759135 1.151959969013516 
0.3309 2 0.07584462360145146 0.3045890018018019 0.28845367552436707 0.4150708928916836 0.19021681270162666 0.1877902126842962 1.6050459998272104 
0.1551 1 0.02324122883324627 0.1606490234234234 0.1233999213572483 0.19007092955241253 0.09194512612833484 0.05331604643096559 1.1431727179561755 
0.5778 3 0.0368409349061972 0.2518751279279279 0.16336334287546375 0.22760680067250255 0.14435803141706255 0.08572181266704883 1.2295866196042238 
0.0909 1 0.03142404414434992 0.19189416936936962 0.20866443076970606 0.2635094871018567 0.11165910675685978 0.07312301897271103 1.2295936484916694 
0.0458 1 0.04284409724438398 0.21934333693693714 0.08928102187600799 0.11389953141743421 0.13109371709066056 0.04624052770302995 1.0909369757486906 
0.6401 3 0.058753122534861375 0.2744715243243242 0.5648378986075492 0.6694734952837156 0.16661232342959278 0.20812934671022681 2.8036892377505818 
0.6734 3 0.09212451111332429 0.3995882666666665 0.43806377305273747 0.5927072873518655 0.2458563888899954 0.2820087071991749 2.5708189179660623 
0.2332 2 0.04426884834593378 0.2705527063063061 0.19071004961556953 0.2446520234760266 0.15741077732611997 0.09075526982696888 1.2252427505753318 
0.0869 1 0.05561950359480078 0.33394692612612603 0.15642317982198264 0.1947651381324105 0.1947832148604634 0.10307973000091335 1.2692660526320756 
0.3178 2 0.031062935238494363 0.1895218738738737 0.17852615206657985 0.22644109862688613 0.11029240455618403 0.06410131013912616 1.1951082301663372 
0.0285 1 0.03422534590787596 0.16572717837837847 0.23090602473557215 0.29331693293285205 0.09997626214312721 0.072315066318064 1.3274839903058735 
0.6215 3 0.052531649509169796 0.264140338738739 0.1523074429419107 0.19050477602942592 0.15833599412395438 0.07752720352914094 1.2126867471704925 
0.2174 2 0.04692857693446513 0.2332288864864865 0.16360286728713527 0.19871001678101075 0.1400787317104758 0.08139044729766495 1.3608679609878858 
0.6772 3 0.05951834103181365 0.32274521081081053 0.4568519672622156 0.5355663235679273 0.19113177592131209 0.19440627491095308 2.153898421960809 
0.1085 1 0.03622388179298452 0.23158632072072077 0.21374182033267167 0.28193951564053416 0.13390510125685265 0.08518737440060291 1.2059410571969975 
0.4149 3 0.05374468189507083 0.2893365765765766 0.3179733684806358 0.3929618076666028 0.1715406292358237 0.1403686126486838 1.6250580391308846 
0.1585 1 0.04847203350141637 0.2270454198198199 0.11774338171270203 0.14206314325284872 0.13775872666061814 0.055104796300891025 1.1192025242804338 
0.4634 3 0.03209074671554369 0.17840266666666674 0.15066854167314628 0.18622213464611223 0.10524670669110521 0.052693816540630684 1.1338553655666601 
0.1383 1 0.03310466449895443 0.18222239999999995 0.15593270241797064 0.1839871112538434 0.1076635322494772 0.05297317749333192 1.1444616883683973 
0.6760 3 0.05204204397312371 0.30960332972972976 0.25394081073563085 0.3656977045274649 0.18082268685142674 0.1492917207451143 1.4419033898183555 
0.3764 2 0.0663021909230716 0.38045238198198206 0.2113281570660541 0.26053629949535817 0.22337728645252683 0.14403323989217784 1.569132417828137 
0.1903 1 0.04961908419806856 0.27910864144144143 0.29212103866515915 0.37700617878696346 0.16436386281975499 0.13530872077279466 1.542729345411884 
0.3965 2 0.07190427758928464 0.45067225945945905 0.2200056401096909 0.27164025575535106 0.2612882685243718 0.17093257269102843 1.56906086728992 
0.2833 2 0.08998055690849326 0.4874050882882881 0.24573749928028019 0.3031182563557373 0.2886928225983907 0.20218073585316823 1.99494004630198 
0.3306 2 0.05024915917824077 0.2706764252252253 0.33287658108309703 0.4280777079686694 0.16046279220173304 0.1417390793584823 1.6173411577577654 
0.4299 3 0.04659713624423009 0.2775016792792793 0.20735435058611995 0.2595821957970564 0.1620494077617547 0.10179344256629187 1.300922665897372 
0.1483 1 0.021024291492157166 0.11323746306306333 0.16257782871102885 0.2141033806674319 0.06713087727761025 0.03945372247829519 1.1387046986439742 
0.1301 1 0.04258639482899423 0.23711352792792795 0.3479399306323164 0.41761491107126963 0.1398499613784611 0.11429549868993469 1.2928992307195986 
0.0949 1 0.046469569427116955 0.22998954954954934 0.11277910309974692 0.1413165375202229 0.13822955948833315 0.058591977587590806 1.14223817300063 
0.0569 1 0.0417623341013029 0.19221801801801774 0.11370706604420305 0.14212012496801465 0.11699017605966032 0.04623772786996765 1.0969462820643923 
0.0359 1 0.04965222956156391 0.2599378594594597 0.13319864305357457 0.16068395295594334 0.1547950445105118 0.07283381885839545 1.2030793287553172 
0.1536 1 0.052430422587937967 0.2723605621621622 0.3509194615379865 0.44141571254672424 0.16239549237505008 0.14584175495535326 1.6892082295053488 
0.4670 3 0.07632808348727155 0.3281700756756756 0.5213456645347099 0.7045845875196965 0.20224907958147356 0.27152462335889666 2.426089430192876 
0.5787 3 0.07559481609307728 0.3973061765765765 0.41707746684819813 0.48384985811198744 0.2364504963348269 0.22087192767504252 2.1431697114880124 
0.3829 2 0.046583298786490965 0.23947648288288303 0.42238495284962085 0.5020116581599934 0.143029890834687 0.1428638905192018 1.7748134369500692 
0.1138 1 0.029319452428820697 0.16281685045045025 0.2753939832757846 0.3282718650581156 0.09606815143963547 0.07175750906090832 1.251354090243638 
0.4213 3 0.07907758441969219 0.39675409009009 0.4194251353103011 0.5531505969314467 0.2379158372548911 0.2692683442311324 2.215060866098076 
0.0731 1 0.144042073064361 0.7187108756756755 0.8184813038515715 0.9938330063388986 0.43137647437001825 0.7084111766447988 14.184956885128486 
0.4908 3 0.044135426455248296 0.28140774054054085 0.2954565189111692 0.3731020072578082 0.16277158349789458 0.13673229066816633 1.451908719529286 
0.0631 1 0.04253958697758172 0.23119901981981966 0.18532781413874977 0.22519615256321285 0.13686930339870068 0.07677899661198752 1.2189816180516924 
0.3976 2 0.04657022721025035 0.2950382702702706 0.15443054460956004 0.19848834099276597 0.17080424874026046 0.09023553253857228 1.2429919520318187 
0.6038 3 0.10612564602690115 0.5244432864864867 0.6457443305934318 0.8017740161960689 0.31528446625669393 0.43853106571129874 3.727533541701333 
0.3333 2 0.04103672044691827 0.2630085621621618 0.20773661342247104 0.2580545015035573 0.15202264130454002 0.09685478438647571 1.325977407017315 
0.5810 3 0.08159274313699369 0.5565636756756754 0.6143907697611449 0.7418979078578584 0.3190782094063346 0.41227637588694016 3.6183735670078345 
0.8618 3 0.11055997303237418 0.5503687063063063 0.898841474974487 1.0393566905760712 0.33046433966934025 0.5561417893483168 11.91086469393356 
0.4246 3 0.05223761055309619 0.31052652972972966 0.4360171233817699 0.5254692532611225 0.18138207014141292 0.18272242275139464 1.6628642804928881 
0.0960 1 0.03080673656344845 0.1730381981981982 0.2056536182198403 0.2538170429016001 0.10192246738082333 0.06087927478972565 1.1609705865603994 
0.4023 3 0.1229118509156562 0.5291713441441442 0.6350132211086414 0.823472939011422 0.32604159752990025 0.4880381957155093 6.172587440231413 
0.2924 2 0.040497949545054965 0.1937807279279277 0.0918441429521355 0.11580210983111072 0.11713933873649132 0.040731110270447526 1.0762212714677213 
0.0485 1 0.05202745271039157 0.24080877837837833 0.1414926785688828 0.17175553209511737 0.14641811554438494 0.06566614314053187 1.1711048812339973 
0.5307 3 0.053415522475779284 0.32879524324324294 0.19550590620225752 0.25107554455646125 0.19110538285951112 0.11985776829730707 1.4047507794146155 
0.3724 2 0.05191655281752324 0.2964691603603596 0.11140740964914649 0.146746821963181 0.1741928565889414 0.08052050604088365 1.2326891052861475 
0.2853 2 0.06527505497287138 0.34089284324324304 0.21913753313846046 0.2633116424609513 0.20308394910805722 0.12345659877365667 1.3792524941378974 
0.1628 1 0.03689624951291016 0.2114608576576576 0.2311812361551393 0.28311755453452925 0.12417855358528387 0.08248514302865532 1.2882124204334844 
0.3371 2 0.0736358100541782 0.41453627387387393 0.2552945848050232 0.31141932862186467 0.24408604196402606 0.1854084222632443 1.8026584389109275 
0.3126 2 0.0324458888834743 0.1761521297297298 0.2955426123001334 0.3532434861607064 0.10429900930660205 0.08988853928602987 1.4379749254787264 
0.1613 1 0.05973170022711459 0.3701631567567564 0.26232554570338656 0.3279813639418235 0.2149474284919355 0.16036166778246655 1.6048750830028906 
0.0476 1 0.038727105537603085 0.27601696576576595 0.13737327813611022 0.21208308134389103 0.1573720356516845 0.10647406712518395 1.2174018880236541 
0.4978 3 0.083259915093667 0.45782120360360395 0.2972529028957816 0.35290445084330135 0.27054055934863547 0.20355906492944284 1.9243431129283626 
0.2564 2 0.06297147954430911 0.3475396468468464 0.2220230154246095 0.2646932280623315 0.20525556319557775 0.12967421100436405 1.4806720639893236 
0.4209 3 0.05955132283938803 0.3386209873873875 0.2534873808153305 0.3054888085778262 0.19908615511338776 0.13830851899259938 1.5659144229055353 
0.0458 1 0.04389954937697789 0.28858178018018027 0.17718585249991525 0.23568968959258635 0.16624066477857907 0.09845146384087344 1.2493709214900601 
0.1785 1 0.05284998600860118 0.2325014342342345 0.08285851454537974 0.09966242657809626 0.14267571012141783 0.051244598208773036 1.1178736003550145 
0.0055 1 0.029458855459643277 0.15181539459459464 0.22382512730753587 0.26410566200079233 0.09063712502711896 0.056976999300709076 1.1866345336837376 
0.3159 2 0.05803892946799441 0.33070486486486506 0.22390989966528196 0.30621668514400124 0.19437189716642972 0.14722727341894323 1.6383262818225977 
0.3316 2 0.029228767636940177 0.1540630918918917 0.17084301724740703 0.20655653248506808 0.09164592976441595 0.047620322944303704 1.1211820246736524 
0.3836 2 0.04875013614223449 0.2694206558558557 0.13328880218134836 0.16782990685019264 0.1590853959990451 0.07685035114401403 1.2102616923663798 
0.0921 1 0.039800534484995584 0.29836174414414407 0.14985433593030026 0.21207949868620019 0.16908113931456983 0.09814992394740917 1.2667690758987 
0.1494 1 0.029780412575541784 0.14078508108108115 0.12727902334026706 0.15833987670235114 0.08528274682831147 0.03417565383057497 1.0635997172708793 
0.5495 3 0.12534770731542458 0.6230643171171172 0.7284630119168345 0.9191875272196206 0.37420601221627087 0.573138110064331 7.814849513044456 
0.4475 3 0.07131186143003135 0.36535449369369377 0.387270446662947 0.46995918400054987 0.21833317756186255 0.2052739428194844 2.017768744683062 
0.1622 1 0.05151477706729549 0.28645277117117146 0.31308060325007236 0.373172505106636 0.1689837741192335 0.13505856052574153 1.5296745204974584 
0.3640 2 0.07121564453177978 0.40167391711711725 0.2808793489177644 0.3369544311236435 0.23644478082444853 0.17399640903934196 1.7263068580813064 
0.0413 1 0.043028957236229966 0.16591623783783774 0.28590466167310075 0.3276293447916964 0.10447259753703385 0.07603814395021483 1.4792027111291024 
0.2659 2 0.04538805563018467 0.3054489945945947 0.14881539825924564 0.2136221746089545 0.17541852511238967 0.11017174542128771 1.3057022544661085 
0.2101 2 0.06332248254655044 0.18539022702702712 0.042441456398975466 0.05107485393747401 0.12435635478678878 0.026944313590531434 1.035204758665977 
0.2815 2 0.05589575754867072 0.3172740180180179 0.5261717417029995 0.6307036079963877 0.1865848877833443 0.21263986566991 1.9254458871556346 
0.3785 2 0.1049575920186068 0.5542721297297296 0.31117286412374257 0.4079937166060189 0.3296148608741682 0.28666247070347606 2.5446483965034865 
0.2463 2 0.048486689564468506 0.29774179459459504 0.20035707999626481 0.2507264432861617 0.17311424207953177 0.11207909010887579 1.420979980424734 
0.2218 2 0.05984110888795416 0.33197088288288285 0.13562002364353865 0.16769221306895954 0.19590599588541852 0.08138832791783635 1.130315822166185 
0.8384 3 0.06289729869130319 0.35890154954954956 0.5192639685049215 0.6210768362901774 0.21089942412042637 0.22447948924167788 2.177246613935752 
0.4208 3 0.07962156957304747 0.3770348108108106 0.529332707168846 0.7033248800960414 0.22832819019192901 0.3187420121501886 2.5578768982070317 
0.4562 3 0.046839881743028125 0.2614757477477475 0.22757122415395672 0.2807775627992641 0.1541578147453878 0.09512377703899222 1.2624521481979352 
0.2880 2 0.052461165151715235 0.31605205045045076 0.13732976248505546 0.17403567662072641 0.184256607801083 0.08244749009806418 1.159081743326685 
0.4058 3 0.09092298101012307 0.42140988828828807 0.32215335177492094 0.3701290940047547 0.2561664346492056 0.19510670997413407 1.8038704854738912 
0.3787 2 0.07550474487112349 0.4244208720720722 0.26581410489871127 0.31839461166111543 0.24996280847159785 0.16621502201356264 1.457115556938382 
0.3815 2 0.03831770462647185 0.21351396036036002 0.1541169756970889 0.19057267845440615 0.12591583249341592 0.0655079271164148 1.1708904594973397 
0.1154 1 0.050708858451394404 0.3143424864864867 0.20457085288078355 0.25702062927912883 0.18252567246894055 0.11259822567958977 1.3565886934120028 
0.5373 3 0.05070506758252024 0.3251156036036033 0.16329861970876297 0.20853777480050872 0.18791033559306178 0.11015499501140158 1.3931373295707594 
0.0640 1 0.043851757977293314 0.22771701621621646 0.07846707503913797 0.10073145337740957 0.1357843870967549 0.046708926749289816 1.0883825679188996 
0.4814 3 0.048741159547034764 0.29350131891891884 0.30387526665938125 0.36451695394316597 0.1711212392329768 0.13768921184086916 1.6815869605530156 
0.2567 2 0.03801863363923225 0.17581075315315312 0.10424271287101627 0.12940931398244296 0.10691469339619268 0.03993157902350629 1.0793043734855168 
0.6302 3 0.05252476267140256 0.30542545585585584 0.22462630392236974 0.2716717802850233 0.1789751092636292 0.11525253324444529 1.3861409598104373 
0.1984 1 0.05408072357565688 0.32165561081081095 0.3910356495401638 0.4974852235875711 0.1878681671932339 0.18384242598348946 1.673002383468497 
0.3182 2 0.09023630940351271 0.5271120864864867 0.5880751658419168 0.7345309671977082 0.3086741979449997 0.39920231436709325 3.614251790933105 
0.2354 2 0.13078865209119406 0.633006255855856 0.5137293678010666 0.616207951540703 0.38189745397352504 0.4327504786055394 6.760670635591839 
0.6706 3 0.1310014000760021 0.6045373117117115 0.5635039457929184 0.7017404914407638 0.36776935589385684 0.47475847161694906 7.342438566702663 
0.4522 3 0.05092282092581516 0.27218355315315346 0.1386708039346006 0.16934681894194203 0.16155318703948432 0.07453077266510838 1.186151134216356 
0.1376 1 0.041602930042781025 0.21001885405405413 0.20217098874402772 0.25045876835690545 0.12581089204841758 0.07553566678966676 1.2476799028137433 
0.4585 3 0.03950854893804418 0.17937532252252208 0.07883072338800817 0.09826743182169168 0.10944193573028313 0.03676954663721286 1.0727436304541276 
0.2603 2 0.04052127925985348 0.21319398918918875 0.16356018536353273 0.20067135584495044 0.12685763422452112 0.06477950020252421 1.1557692168747007 
0.2453 2 0.06609360535919295 0.3471635027027022 0.30263685405329116 0.3538862254098514 0.20662855403094757 0.15146510539813812 1.60274290199828 
0.0165 1 0.04327611492419707 0.25397305945945936 0.11025864542808905 0.14961343839099853 0.14862458719182822 0.06523754437682323 1.1557666054366844 
0.0116 1 0.03854359165510067 0.2391133837837839 0.1619132406518927 0.20829717195181696 0.13882848771944228 0.07477858266791904 1.1862337055242762 
0.1678 1 0.04729903906245107 0.2465736360360359 0.20172289644264177 0.2327732534759401 0.14693633754924348 0.08517064916354104 1.2709629155657716 
0.6862 3 0.13471951250195496 0.68782781981982 0.6014180632968589 0.7170422381966152 0.41127366616088745 0.5358434768969442 12.984593103095454 
0.0956 1 0.02383341776137053 0.1624377657657658 0.18579081832169378 0.2532383153479813 0.09313559176356817 0.06123790119812045 1.1582595534119224 
0.8206 3 0.12169121096427325 0.5036992144144143 0.6127887076247993 0.840659725986836 0.3126952126893438 0.4745867039162269 4.442860204882444 
0.2027 2 0.05339977374496366 0.3126633513513516 0.29925781479881464 0.3679563835736064 0.1830315625481576 0.13998548483654077 1.487895545966989 
0.2495 2 0.03643652675245078 0.19873889729729738 0.3053062493827879 0.3603707164217856 0.11758771202487409 0.09176344707002491 1.3875124441501205 
0.7567 3 0.0691612307941642 0.3457981117117117 0.33247116547434663 0.43379226813832394 0.20747967125293795 0.20891190962936335 1.9508888389829202 
0.1255 1 0.05868625689132408 0.33779107747747755 0.22725610482206143 0.2822849279986884 0.1982386671844008 0.1299385659745043 1.455979001861019 
0.5519 3 0.07068569636661973 0.34725156036036076 0.13447124876578237 0.16274621778246623 0.20896862836349023 0.09055929313996072 1.2132613544130095 
0.7193 3 0.0891017249499317 0.434977672072072 0.4308299285634576 0.51514160308114 0.26203969851100184 0.26074109142657914 2.900623394034241 
0.2879 2 0.0475893916908733 0.2670177441441442 0.10297816565052104 0.1327691783997201 0.15730356791750874 0.06513176219410255 1.1502278946335613 
0.8423 3 0.1486875815013165 0.6816550486486488 0.5767594552057146 0.7458054500470608 0.4151713150749826 0.552495124325696 7.995081213735245 
0.1098 1 0.03864582097322854 0.23877555315315346 0.15295601919006527 0.20284056192376512 0.138710687063191 0.07228173378309471 1.1701128932050289 
0.6259 3 0.08116025545561487 0.4166091819819818 0.3217045559027413 0.4412466859672483 0.24888471871879836 0.22843472665055492 1.9306419947676932 
0.5081 3 0.09674254246148212 0.525744288288288 0.3382774742311609 0.4158880572189889 0.3112434153748851 0.26881122585265493 2.531134948153833 
0.2932 2 0.05561096046144111 0.31774427387387394 0.2639914293291188 0.35681215897621427 0.18667761716765752 0.14805375218544486 1.5798478348212472 
0.1576 1 0.04122115994107989 0.239023654054054 0.0976202343274135 0.13015542167483632 0.14012240699756695 0.05895712702840958 1.1410448398145516 
0.2804 2 0.06911079554531827 0.3358075243243244 0.1275450206282805 0.15687432979263802 0.20245915993482133 0.08780622852744066 1.2281740997039134 
0.6182 3 0.07881860737560123 0.4448490378378379 0.2909601392002495 0.36445176437312143 0.26183382260671956 0.20359644661734094 1.8019741046466817 
0.7847 3 0.11123307470546019 0.5661562954954957 0.7687204904082856 0.9343410652993573 0.33869468510047795 0.5406726313164462 7.348057120123233 
0.2424 2 0.04492054869492818 0.279539473873874 0.1844173964516229 0.23197930954880547 0.1622300112844011 0.09267055280873696 1.233964659618174 
0.6560 3 0.03606732326445313 0.2405719207207207 0.16343430457697167 0.2105421240234341 0.1383196219925869 0.08043301792174308 1.2613864221475948 
0.3981 2 0.0318411354708759 0.198477318918919 0.14945821506615628 0.19438747444337806 0.11515922719489746 0.060911485312752985 1.1709899008157987 
0.3655 2 0.04907335756623477 0.3076327927927931 0.1436848537878559 0.17622663830398347 0.17835307517951393 0.09683867255718685 1.377579626693729 
0.4801 3 0.0545326412733475 0.33928501621621654 0.21215576082515322 0.2827707227019609 0.19690882874478202 0.1338449257563501 1.4312427624025579 
0.5751 3 0.08737242204855464 0.4702777369369371 0.30072716028926977 0.3743687731730168 0.2788250794927459 0.22742155163503386 2.187716173988463 
0.5259 3 0.03350638021510125 0.19996923963963972 0.3021393528343819 0.3734043761053662 0.11673780992737048 0.09319806785629263 1.3056790753258247 
0.3642 2 0.0766513023858201 0.4238489657657655 0.3897204001700333 0.46845768813439237 0.2502501340757928 0.22922488541364414 1.9997654177105584 
0.2014 2 0.04168063088708023 0.24507829909909917 0.28476379760250004 0.37133246346903154 0.1433794649930897 0.11468719080318605 1.4219012077808282 
0.4084 3 0.0268048880711164 0.15649148828828838 0.2638357519253213 0.3470536596454166 0.09164818817970238 0.07008521566051439 1.2435654997051766 
0.0330 1 0.035625042930637396 0.18078071351351357 0.21653825240445068 0.260827927696045 0.10820287822207549 0.062448833734600265 1.1721322180323737 
0.4200 3 0.0641386107264869 0.312627906306307 0.11266302043404193 0.1397012511175355 0.18838325851639695 0.07007508256153692 1.1164816064249936 
0.7183 3 0.05536822889673703 0.27259429189189177 0.16783488164864588 0.24532078775809024 0.1639812603943144 0.11268296774627376 1.3774330638770258 
0.1744 1 0.05846171561099961 0.17539703063063058 0.03599372783919553 0.04310524700753108 0.1169293731208151 0.025100565846324786 1.0312196236814188 
0.5828 3 0.044122221081754544 0.27365448648648655 0.2919430661889737 0.3770850691702586 0.15888835378412056 0.1315004805598788 1.4349675846188537 
0.8330 3 0.1112400687890257 0.5558383135135136 1.015688336251978 1.1954633344198546 0.3335391911512697 0.661243220929053 15.36772155955047 
0.7143 3 0.1064235069467141 0.481861390990991 0.45485276146463305 0.5803233120584483 0.29414244896885255 0.3261616814995376 3.290730793460842 
0.5150 3 0.04249421054407909 0.23460554954954965 0.14469477438725775 0.17592823400304566 0.13854988004681437 0.07267649867767867 1.2532459126029896 
0.4088 3 0.06283992036676794 0.41302764684684734 0.27962730542767966 0.3737556419559037 0.23793378360680764 0.1888902731917829 1.6022100039913985 
0.3067 2 0.05965049026503579 0.2819968864864865 0.3641573690412344 0.5023985963710942 0.17082368837576115 0.17583558686142878 1.6587098475060502 
0.4040 3 0.053111111514823395 0.3341341117117116 0.22728136420001896 0.28161014018277875 0.1936226116132675 0.12345283793070828 1.3170609260835766 
0.5153 3 0.07714586455664693 0.44475687207207165 0.11684100269554773 0.15433790548132298 0.2609513683143593 0.10543732389190004 1.1881153332588623 
0.2255 2 0.059066174972056754 0.26542454774774804 0.11319536014170946 0.1300698094910545 0.1622453613599024 0.06323430720811991 1.1456809920692705 
0.3090 2 0.05669223289143038 0.33189587027027023 0.21277281357209907 0.26492109903697514 0.1942940515808503 0.128204698616404 1.4491660218348545 
0.6736 3 0.0832032093792584 0.3820821621621623 0.40726492810151266 0.47373151843516703 0.23264268577071034 0.2165129432988957 2.4073491608504582 
0.2751 2 0.06494681898213649 0.3880885621621619 0.27361255593727335 0.32855850128440756 0.2265176905721492 0.15611142249754428 1.4292935089754233 
0.4725 3 0.07822548401453362 0.4094462558558557 0.3547809177542771 0.43263984208578926 0.24383586993519465 0.21422440888674296 2.1136895180806254 
0.6669 3 0.11631224673990069 0.590069261261261 0.5045980892427887 0.5949491036028289 0.35319075400058086 0.39016510362574075 3.9067427389160714 
0.1959 1 0.051490740424175396 0.2846887495495495 0.21176902861236194 0.26029431119644936 0.16808974498686244 0.09981671476246806 1.2701635598748011 
0.2814 2 0.04303674963872322 0.24144468468468494 0.18671134960138272 0.2222342059487318 0.14224071716170408 0.0769704699315959 1.2140463575004141 
0.5175 3 0.05018894210814027 0.29449339099099114 0.31832959190117893 0.375839601483036 0.17234116654956572 0.134361966770129 1.4567114607706135 
0.4229 3 0.03928915084554091 0.24420562162162146 0.23664436084890625 0.28449452119138563 0.14174738623358119 0.0922525468804651 1.242576262987042 
0.8156 3 0.12123116414604476 0.4687109621621621 0.4178061255915278 0.6257237002531608 0.29497106315410343 0.346079398341974 2.552830852897016 
0.6671 3 0.09199735546349296 0.4900022774774775 0.5133705935728897 0.6262014749431689 0.29099981647048523 0.3408520783306892 3.221962722371396 
0.5457 3 0.09531389665172468 0.41502190990990984 0.32661047329404824 0.4509390354999411 0.2551679032808173 0.2504989817453763 2.130627687135653 
0.4494 3 0.04577247660853014 0.29056050450450466 0.16038357597950398 0.21126180794141122 0.1681664905565174 0.09609920908332961 1.2896577040288852 
0.7282 3 0.09521150304442824 0.4706114882882882 0.32799303993204226 0.4003933013028494 0.2829114956663582 0.2423444659128123 2.507573110236884 
0.6723 3 0.10141930509067064 0.533546162162162 0.6108484129852372 0.6779315707143884 0.3174827336264163 0.3855440276383799 6.066147042477921 
0.4355 3 0.06543961056862896 0.37014121801801797 0.4048662703273332 0.500993633264577 0.21779041429332346 0.20935986112327123 2.026771101627639 
0.8700 3 0.07343471352303052 0.4321240504504503 0.2616670167779201 0.3518001235390068 0.25277938198674044 0.20090742561774366 1.8775084951371637 
0.2063 2 0.052747616556365756 0.37270888648648615 0.2049364987627479 0.26046091992246206 0.21272825152142594 0.12957677581289836 1.290441557450487 
0.0234 1 0.037474092071473314 0.18050414414414404 0.09482933659547998 0.12013417216476009 0.10898911810780867 0.04370552883694953 1.106619323729405 
0.2615 2 0.060806957551338574 0.3063194378378379 0.40255306780381334 0.5397579729025695 0.18356319769458823 0.20181165468349926 1.776684384780617 
0.1784 1 0.04969392486139621 0.21215012612612597 0.06433701868162547 0.08110504765961979 0.13092202549376109 0.035544883376037895 1.0513976217876007 
0.2171 2 0.05492915008943543 0.2441402954954955 0.16627434486376583 0.20274455523171037 0.14953472279246546 0.07222632133415223 1.189772190072371 
0.4261 3 0.04617860996326785 0.2462635387387384 0.21995524616509987 0.25716859692618765 0.14622107435100312 0.09076962903795108 1.2778560248411104 
0.2121 2 0.06183505718390477 0.3236369729729732 0.14980118365213663 0.18320824054167223 0.192736015078439 0.09442942006649183 1.2589991925619193 
0.1942 1 0.07432167102989247 0.3972364252252255 0.26834293107059787 0.3162328672310266 0.23577904812755898 0.1633521965587256 1.6344734732890887 
0.4014 3 0.07344688431762367 0.4207084108108113 0.274914168802757 0.32655756736724006 0.24707764756421746 0.17199963395243867 1.5389786067906868 
0.9390 3 0.0960636221536926 0.5417199135135131 0.6615220686823536 0.7889742429970941 0.31889176783360285 0.4540524034908467 6.523444505590906 
0.4151 3 0.06414882376168288 0.4052360792792797 0.19668268707851352 0.2748762197232851 0.2346924515204813 0.17291194934568022 1.5110727100515444 
0.2485 2 0.051336777770594304 0.2770081873873874 0.19760794227583584 0.23487957207651533 0.16417248257899086 0.09085907880306208 1.2382790984822085 
0.6680 3 0.07851748070947402 0.3926554090090093 0.24266161898536692 0.29131511114309266 0.23558644485924166 0.15076657896278345 1.5305437619296482 
0.3339 2 0.05184682373911189 0.3119469549549548 0.2120752727077338 0.26226980147753653 0.18189688934703332 0.11229733755760049 1.341112980747383 
0.4349 3 0.0557596318585376 0.2797351927927926 0.12627326073533668 0.15223496442887716 0.1677474123256651 0.07273419408629722 1.182989064652402 
0.2471 2 0.055927120502366076 0.32307374414414425 0.22060442131060243 0.2557788200091754 0.18950043232325517 0.11445583744070145 1.3139740762552534 
0.5162 3 0.05082446956950108 0.2725960792792792 0.20510972917517625 0.24402444406997054 0.16171027442439015 0.09439772673465673 1.2781792739381017 
0.3353 2 0.04298548051802622 0.17253809009009044 0.08574389667073043 0.10107451600808465 0.10776178530405833 0.03804130746638381 1.0836739948705132 
0.1160 1 0.0323326843008713 0.18572475675675693 0.33081431202991957 0.4016360436409497 0.10902872052881411 0.08856185748099354 1.3591246274111937 
0.0137 1 0.04139339041597604 0.21183371531531536 0.1285914934257424 0.167214276590704 0.1266135528656457 0.05609709859633298 1.120723318011386 
0.4175 3 0.0650887657322225 0.3962514450450451 0.32592080338342627 0.40255429568752593 0.2306701053886338 0.19311709459883153 1.7729224529838967 
0.3988 2 0.09097282712144177 0.46988178738738756 0.21707468826916035 0.27036920610242826 0.28042730725441467 0.17620475087762674 1.7856238065088414 
0.2290 2 0.03786631617011831 0.20268769729729721 0.11349663180813624 0.13901422347185222 0.12027700673370777 0.04835899836672131 1.1027491282204032 
0.3016 2 0.06920014932755149 0.3839932684684687 0.22552974390713829 0.2736802451222315 0.2265967088980101 0.14022808920984098 1.4276015020247896 
0.3530 2 0.09991466099160076 0.5079967567567568 0.4865126727988151 0.606505182850669 0.3039557088741788 0.33587155931652796 3.552379115342153 
0.2078 2 0.04857932375285801 0.26485940180180156 0.13022976843795206 0.16458778365629512 0.15671936277732978 0.07561774595718636 1.2073630505050827 
0.5263 3 0.05171262325173434 0.3088313945945947 0.3371797732857865 0.42379550715078984 0.18027200892316453 0.15934488513384323 1.5998813794688265 
0.5443 3 0.05021021529904261 0.2574634810810812 0.12588962222356503 0.15102926956339044 0.1538368481900619 0.061263179030168834 1.1196045278370013 
