0.0875 1 0.04605314804911894 0.22726539819819785 0.12206854675613903 0.15390412500476425 0.1366592731236584 0.05569724013682639 1.108078227612409 
0.6407 3 0.07235603056676722 0.45858206846846866 0.46664369896118774 0.5614064016823991 0.26546904951761796 0.2718851153560974 2.3292792910769724 
0.1044 1 0.08592028339415235 0.5467871999999999 0.22936797000485545 0.2915636015457309 0.31635374169707614 0.18860690671514024 1.3938620050783948 
0.0265 1 0.040300032811124965 0.25189070990991014 0.2189150721177218 0.27081706125871724 0.14609537136051756 0.09650776770071041 1.3268677707690717 
0.1144 1 0.03087199490887771 0.1739221765765768 0.1712132303952254 0.22450410026465212 0.10239708574272725 0.05552413896960184 1.1342183144479603 
0.2718 2 0.0533862996245885 0.2912823351351351 0.21610016980634672 0.2585567918821915 0.1723343173798618 0.10312864485644957 1.2923793768987846 
0.7167 3 0.10887430924891413 0.3538222270270272 0.24794688045157626 0.36923657036336804 0.23134826813797066 0.22061337568203512 1.7889867256756378 
0.3309 2 0.07584462360145146 0.3045890018018019 0.28845367552436707 0.4150708928916836 0.19021681270162666 0.1877902126842962 1.6050459998272104 
0.1551 1 0.02324122883324627 0.1606490234234234 0.1233999213572483 0.19007092955241253 0.09194512612833484 0.05331604643096559 1.1431727179561755 
0.5778 3 0.0368409349061972 0.2518751279279279 0.16336334287546375 0.22760680067250255 0.14435803141706255 0.08572181266704883 1.2295866196042238 
0.8866 3 0.10669716371834745 0.5842119927927927 0.5892730692623196 0.7444102686444326 0.3454545782555701 0.4417328288827277 4.468494693039729 
0.0458 1 0.04284409724438398 0.21934333693693714 0.08928102187600799 0.11389953141743421 0.13109371709066056 0.04624052770302995 1.0909369757486906 
0.6401 3 0.058753122534861375 0.2744715243243242 0.5648378986075492 0.6694734952837156 0.16661232342959278 0.20812934671022681 2.8036892377505818 
0.6734 3 0.09212451111332429 0.3995882666666665 0.43806377305273747 0.5927072873518655 0.2458563888899954 0.2820087071991749 2.5708189179660623 
0.0340 1 0.03320532560312057 0.17722136216216203 0.35843100908796793 0.4486196820987321 0.1052133438826413 0.10041626016660109 1.4466069675488125 
0.0869 1 0.05561950359480078 0.33394692612612603 0.15642317982198264 0.1947651381324105 0.1947832148604634 0.10307973000091335 1.2692660526320756 
0.3178 2 0.031062935238494363 0.1895218738738737 0.17852615206657985 0.22644109862688613 0.11029240455618403 0.06410131013912616 1.1951082301663372 
0.0285 1 0.03422534590787596 0.16572717837837847 0.23090602473557215 0.29331693293285205 0.09997626214312721 0.072315066318064 1.3274839903058735 
0.2340 2 0.04500962932569428 0.2603238630630632 0.20507183080875502 0.3065927775651927 0.15266674619437876 0.11538865198873932 1.3311061541599778 
0.2174 2 0.04692857693446513 0.2332288864864865 0.16360286728713527 0.19871001678101075 0.1400787317104758 0.08139044729766495 1.3608679609878858 
0.6772 3 0.05951834103181365 0.32274521081081053 0.4568519672622156 0.5355663235679273 0.19113177592131209 0.19440627491095308 2.153898421960809 
0.1085 1 0.03622388179298452 0.23158632072072077 0.21374182033267167 0.28193951564053416 0.13390510125685265 0.08518737440060291 1.2059410571969975 
0.4288 3 0.05763808651999112 0.4096148468468469 0.15975311928997218 0.22165142682776065 0.23362646668341902 0.13872352850138708 1.360559236067833 
0.1585 1 0.04847203350141637 0.2270454198198199 0.11774338171270203 0.14206314325284872 0.13775872666061814 0.055104796300891025 1.1192025242804338 
0.4634 3 0.03209074671554369 0.17840266666666674 0.15066854167314628 0.18622213464611223 0.10524670669110521 0.052693816540630684 1.1338553655666601 
0.1383 1 0.03310466449895443 0.18222239999999995 0.15593270241797064 0.1839871112538434 0.1076635322494772 0.05297317749333192 1.1444616883683973 
0.4155 3 0.08645557736801258 0.47756005765765785 0.32826177147823293 0.40220190815389834 0.2820078175128352 0.2378130974063935 2.1493142173629307 
0.3764 2 0.0663021909230716 0.38045238198198206 0.2113281570660541 0.26053629949535817 0.22337728645252683 0.14403323989217784 1.569132417828137 
0.1903 1 0.04961908419806856 0.27910864144144143 0.29212103866515915 0.37700617878696346 0.16436386281975499 0.13530872077279466 1.542729345411884 
0.3965 2 0.07190427758928464 0.45067225945945905 0.2200056401096909 0.27164025575535106 0.2612882685243718 0.17093257269102843 1.56906086728992 
0.7245 3 0.0769192126879025 0.40048441081081065 0.4678310721196779 0.576996416236868 0.23870181174935656 0.26042114083522455 2.6719762228461432 
0.3306 2 0.05024915917824077 0.2706764252252253 0.33287658108309703 0.4280777079686694 0.16046279220173304 0.1417390793584823 1.6173411577577654 
0.4299 3 0.04659713624423009 0.2775016792792793 0.20735435058611995 0.2595821957970564 0.1620494077617547 0.10179344256629187 1.300922665897372 
0.1483 1 0.021024291492157166 0.11323746306306333 0.16257782871102885 0.2141033806674319 0.06713087727761025 0.03945372247829519 1.1387046986439742 
0.0856 1 0.03394092136591101 0.1599507891891891 0.16828733117657754 0.20539231475398015 0.09694585527755005 0.05111193019987824 1.1636700738453936 
0.0949 1 0.046469569427116955 0.22998954954954934 0.11277910309974692 0.1413165375202229 0.13822955948833315 0.058591977587590806 1.14223817300063 
0.0569 1 0.0417623341013029 0.19221801801801774 0.11370706604420305 0.14212012496801465 0.11699017605966032 0.04623772786996765 1.0969462820643923 
0.0359 1 0.04965222956156391 0.2599378594594597 0.13319864305357457 0.16068395295594334 0.1547950445105118 0.07283381885839545 1.2030793287553172 
0.1393 1 0.06189972896682515 0.2743582846846847 0.38210668804944387 0.5206805951287907 0.16812900682575493 0.19443198632789965 1.6237627690589609 
0.4670 3 0.07632808348727155 0.3281700756756756 0.5213456645347099 0.7045845875196965 0.20224907958147356 0.27152462335889666 2.426089430192876 
0.5787 3 0.07559481609307728 0.3973061765765765 0.41707746684819813 0.48384985811198744 0.2364504963348269 0.22087192767504252 2.1431697114880124 
0.3829 2 0.046583298786490965 0.23947648288288303 0.42238495284962085 0.5020116581599934 0.143029890834687 0.1428638905192018 1.7748134369500692 
0.3406 2 0.061467758041053866 0.35396211891891893 0.553522609913295 0.6796738358834202 0.2077149384799864 0.24982937501678318 2.4705756163038624 
0.4213 3 0.07907758441969219 0.39675409009009 0.4194251353103011 0.5531505969314467 0.2379158372548911 0.2692683442311324 2.215060866098076 
0.0731 1 0.144042073064361 0.7187108756756755 0.8184813038515715 0.9938330063388986 0.43137647437001825 0.7084111766447988 14.184956885128486 
0.4908 3 0.044135426455248296 0.28140774054054085 0.2954565189111692 0.3731020072578082 0.16277158349789458 0.13673229066816633 1.451908719529286 
0.2388 2 0.05705600995055824 0.36049798918918924 0.19875012094957756 0.254065151921362 0.20877699956987375 0.12724321764065477 1.3894171670397906 
0.3976 2 0.04657022721025035 0.2950382702702706 0.15443054460956004 0.19848834099276597 0.17080424874026046 0.09023553253857228 1.2429919520318187 
0.6038 3 0.10612564602690115 0.5244432864864867 0.6457443305934318 0.8017740161960689 0.31528446625669393 0.43853106571129874 3.727533541701333 
0.3333 2 0.04103672044691827 0.2630085621621618 0.20773661342247104 0.2580545015035573 0.15202264130454002 0.09685478438647571 1.325977407017315 
0.0633 1 0.036038552221003405 0.21710352432432445 0.1491679217424563 0.1870302629298081 0.12657103827266392 0.06258376944577168 1.1402530404515896 
0.8618 3 0.11055997303237418 0.5503687063063063 0.898841474974487 1.0393566905760712 0.33046433966934025 0.5561417893483168 11.91086469393356 
0.4246 3 0.05223761055309619 0.31052652972972966 0.4360171233817699 0.5254692532611225 0.18138207014141292 0.18272242275139464 1.6628642804928881 
0.0960 1 0.03080673656344845 0.1730381981981982 0.2056536182198403 0.2538170429016001 0.10192246738082333 0.06087927478972565 1.1609705865603994 
0.7367 3 0.10900325174370093 0.6427145225225225 0.6971196706104636 0.8243449835116158 0.3758588871331117 0.5494278595471923 7.812451051439013 
0.2924 2 0.040497949545054965 0.1937807279279277 0.0918441429521355 0.11580210983111072 0.11713933873649132 0.040731110270447526 1.0762212714677213 
0.0485 1 0.05202745271039157 0.24080877837837833 0.1414926785688828 0.17175553209511737 0.14641811554438494 0.06566614314053187 1.1711048812339973 
0.5307 3 0.053415522475779284 0.32879524324324294 0.19550590620225752 0.25107554455646125 0.19110538285951112 0.11985776829730707 1.4047507794146155 
0.3188 2 0.04718786926608824 0.2755774846846848 0.2517580369383513 0.3313533870905178 0.16138267697538652 0.12278168819375207 1.4638241839954984 
0.2853 2 0.06527505497287138 0.34089284324324304 0.21913753313846046 0.2633116424609513 0.20308394910805722 0.12345659877365667 1.3792524941378974 
0.1628 1 0.03689624951291016 0.2114608576576576 0.2311812361551393 0.28311755453452925 0.12417855358528387 0.08248514302865532 1.2882124204334844 
0.3371 2 0.0736358100541782 0.41453627387387393 0.2552945848050232 0.31141932862186467 0.24408604196402606 0.1854084222632443 1.8026584389109275 
0.1072 1 0.04286455414608579 0.21323795315315325 0.11778527933190906 0.14215876621375842 0.12805125364961953 0.05244252773394391 1.112458162419596 
0.1613 1 0.05973170022711459 0.3701631567567564 0.26232554570338656 0.3279813639418235 0.2149474284919355 0.16036166778246655 1.6048750830028906 
0.0476 1 0.038727105537603085 0.27601696576576595 0.13737327813611022 0.21208308134389103 0.1573720356516845 0.10647406712518395 1.2174018880236541 
0.4978 3 0.083259915093667 0.45782120360360395 0.2972529028957816 0.35290445084330135 0.27054055934863547 0.20355906492944284 1.9243431129283626 
0.0398 1 0.06776510244139469 0.35834430270270307 0.16810406701866595 0.20221035002518015 0.2130547025720489 0.11006539819447007 1.3457272821953847 
0.4209 3 0.05955132283938803 0.3386209873873875 0.2534873808153305 0.3054888085778262 0.19908615511338776 0.13830851899259938 1.5659144229055353 
0.0458 1 0.04389954937697789 0.28858178018018027 0.17718585249991525 0.23568968959258635 0.16624066477857907 0.09845146384087344 1.2493709214900601 
0.1785 1 0.05284998600860118 0.2325014342342345 0.08285851454537974 0.09966242657809626 0.14267571012141783 0.051244598208773036 1.1178736003550145 
0.1928 1 0.04916763526002142 0.2614513873873875 0.1881949020512238 0.22597539369123593 0.15530951132370446 0.085917521961451 1.2707620612894215 
0.3159 2 0.05803892946799441 0.33070486486486506 0.22390989966528196 0.30621668514400124 0.19437189716642972 0.14722727341894323 1.6383262818225977 
0.3316 2 0.029228767636940177 0.1540630918918917 0.17084301724740703 0.20655653248506808 0.09164592976441595 0.047620322944303704 1.1211820246736524 
0.3836 2 0.04875013614223449 0.2694206558558557 0.13328880218134836 0.16782990685019264 0.1590853959990451 0.07685035114401403 1.2102616923663798 
0.2138 2 0.09662242933775364 0.4161782342342345 0.4107412118329227 0.5670083461086769 0.2564003317859941 0.2802442751296578 2.26237642373293 
0.1494 1 0.029780412575541784 0.14078508108108115 0.12727902334026706 0.15833987670235114 0.08528274682831147 0.03417565383057497 1.0635997172708793 
0.5495 3 0.12534770731542458 0.6230643171171172 0.7284630119168345 0.9191875272196206 0.37420601221627087 0.573138110064331 7.814849513044456 
0.4475 3 0.07131186143003135 0.36535449369369377 0.387270446662947 0.46995918400054987 0.21833317756186255 0.2052739428194844 2.017768744683062 
0.1974 1 0.04095819319984121 0.23997190630630638 0.21485929773175905 0.25973593517087507 0.1404650497530738 0.08385869805246327 1.2197987951324685 
0.3640 2 0.07121564453177978 0.40167391711711725 0.2808793489177644 0.3369544311236435 0.23644478082444853 0.17399640903934196 1.7263068580813064 
0.0413 1 0.043028957236229966 0.16591623783783774 0.28590466167310075 0.3276293447916964 0.10447259753703385 0.07603814395021483 1.4792027111291024 
0.2659 2 0.04538805563018467 0.3054489945945947 0.14881539825924564 0.2136221746089545 0.17541852511238967 0.11017174542128771 1.3057022544661085 
0.8774 3 0.12026069970703354 0.6216594738738737 0.8496609574159328 0.9780398695563367 0.3709600867904536 0.5961106719168522 14.53765597702261 
0.2815 2 0.05589575754867072 0.3172740180180179 0.5261717417029995 0.6307036079963877 0.1865848877833443 0.21263986566991 1.9254458871556346 
0.3785 2 0.1049575920186068 0.5542721297297296 0.31117286412374257 0.4079937166060189 0.3296148608741682 0.28666247070347606 2.5446483965034865 
0.2463 2 0.048486689564468506 0.29774179459459504 0.20035707999626481 0.2507264432861617 0.17311424207953177 0.11207909010887579 1.420979980424734 
0.2522 2 0.09484523151630249 0.4628968648648648 0.4378889683922216 0.5095414495053621 0.27887104819058367 0.27394212134026485 2.6617325261804217 
0.8384 3 0.06289729869130319 0.35890154954954956 0.5192639685049215 0.6210768362901774 0.21089942412042637 0.22447948924167788 2.177246613935752 
0.4208 3 0.07962156957304747 0.3770348108108106 0.529332707168846 0.7033248800960414 0.22832819019192901 0.3187420121501886 2.5578768982070317 
0.4562 3 0.046839881743028125 0.2614757477477475 0.22757122415395672 0.2807775627992641 0.1541578147453878 0.09512377703899222 1.2624521481979352 
0.2913 2 0.04451287688382294 0.2526365117117114 0.14473217771791946 0.17359397706249552 0.14857469429776718 0.07080698963510068 1.1886773961644381 
0.4058 3 0.09092298101012307 0.42140988828828807 0.32215335177492094 0.3701290940047547 0.2561664346492056 0.19510670997413407 1.8038704854738912 
0.3787 2 0.07550474487112349 0.4244208720720722 0.26581410489871127 0.31839461166111543 0.24996280847159785 0.16621502201356264 1.457115556938382 
0.3815 2 0.03831770462647185 0.21351396036036002 0.1541169756970889 0.19057267845440615 0.12591583249341592 0.0655079271164148 1.1708904594973397 
0.4987 3 0.0493437114668906 0.4160822054054054 0.2891882487173479 0.42548786899509494 0.232712958436148 0.222136513045811 1.4168403494980752 
0.5373 3 0.05070506758252024 0.3251156036036033 0.16329861970876297 0.20853777480050872 0.18791033559306178 0.11015499501140158 1.3931373295707594 
0.0640 1 0.043851757977293314 0.22771701621621646 0.07846707503913797 0.10073145337740957 0.1357843870967549 0.046708926749289816 1.0883825679188996 
0.4814 3 0.048741159547034764 0.29350131891891884 0.30387526665938125 0.36451695394316597 0.1711212392329768 0.13768921184086916 1.6815869605530156 
0.5609 3 0.06230310134023454 0.3661150270270265 0.19253651810229164 0.2489269368385614 0.2142090641836305 0.1477876927729716 1.8084405099865355 
0.6302 3 0.05252476267140256 0.30542545585585584 0.22462630392236974 0.2716717802850233 0.1789751092636292 0.11525253324444529 1.3861409598104373 
0.1984 1 0.05408072357565688 0.32165561081081095 0.3910356495401638 0.4974852235875711 0.1878681671932339 0.18384242598348946 1.673002383468497 
0.3182 2 0.09023630940351271 0.5271120864864867 0.5880751658419168 0.7345309671977082 0.3086741979449997 0.39920231436709325 3.614251790933105 
0.2954 2 0.049134896196713886 0.2741003675675679 0.16455882220606746 0.20622767535259 0.1616176318821409 0.08216392001647757 1.1746405406431388 
0.6706 3 0.1310014000760021 0.6045373117117115 0.5635039457929184 0.7017404914407638 0.36776935589385684 0.47475847161694906 7.342438566702663 
0.4522 3 0.05092282092581516 0.27218355315315346 0.1386708039346006 0.16934681894194203 0.16155318703948432 0.07453077266510838 1.186151134216356 
0.1376 1 0.041602930042781025 0.21001885405405413 0.20217098874402772 0.25045876835690545 0.12581089204841758 0.07553566678966676 1.2476799028137433 
0.0087 1 0.049478636467161184 0.2950128288288286 0.3509296132478199 0.4575435978977493 0.1722457326479949 0.17409903082212072 1.5428314041825237 
0.2603 2 0.04052127925985348 0.21319398918918875 0.16356018536353273 0.20067135584495044 0.12685763422452112 0.06477950020252421 1.1557692168747007 
0.2453 2 0.06609360535919295 0.3471635027027022 0.30263685405329116 0.3538862254098514 0.20662855403094757 0.15146510539813812 1.60274290199828 
0.0165 1 0.04327611492419707 0.25397305945945936 0.11025864542808905 0.14961343839099853 0.14862458719182822 0.06523754437682323 1.1557666054366844 
0.3230 2 0.04094351518934402 0.1879734918918918 0.16094964671923345 0.18127894636205372 0.11445850354061791 0.05412739500473242 1.1385370257719116 
0.1678 1 0.04729903906245107 0.2465736360360359 0.20172289644264177 0.2327732534759401 0.14693633754924348 0.08517064916354104 1.2709629155657716 
0.6862 3 0.13471951250195496 0.68782781981982 0.6014180632968589 0.7170422381966152 0.41127366616088745 0.5358434768969442 12.984593103095454 
0.0956 1 0.02383341776137053 0.1624377657657658 0.18579081832169378 0.2532383153479813 0.09313559176356817 0.06123790119812045 1.1582595534119224 
0.1538 1 0.051814200953373614 0.24934363963963949 0.1853585007891545 0.21793496063550707 0.15057892029650655 0.0793895723175312 1.2128343310721457 
0.2027 2 0.05339977374496366 0.3126633513513516 0.29925781479881464 0.3679563835736064 0.1830315625481576 0.13998548483654077 1.487895545966989 
0.2495 2 0.03643652675245078 0.19873889729729738 0.3053062493827879 0.3603707164217856 0.11758771202487409 0.09176344707002491 1.3875124441501205 
0.7567 3 0.0691612307941642 0.3457981117117117 0.33247116547434663 0.43379226813832394 0.20747967125293795 0.20891190962936335 1.9508888389829202 
0.0399 1 0.037860485978560135 0.20757558198198214 0.28331226135574084 0.3396932033990317 0.12271803398027115 0.08748470569372506 1.3064140991626574 
0.5519 3 0.07068569636661973 0.34725156036036076 0.13447124876578237 0.16274621778246623 0.20896862836349023 0.09055929313996072 1.2132613544130095 
0.7193 3 0.0891017249499317 0.434977672072072 0.4308299285634576 0.51514160308114 0.26203969851100184 0.26074109142657914 2.900623394034241 
0.2879 2 0.0475893916908733 0.2670177441441442 0.10297816565052104 0.1327691783997201 0.15730356791750874 0.06513176219410255 1.1502278946335613 
0.4427 3 0.06164802074950362 0.37454881441441434 0.18785561129486023 0.23790248352117183 0.21809841758195897 0.1322187078421701 1.4222553573072056 
0.1098 1 0.03864582097322854 0.23877555315315346 0.15295601919006527 0.20284056192376512 0.138710687063191 0.07228173378309471 1.1701128932050289 
0.6259 3 0.08116025545561487 0.4166091819819818 0.3217045559027413 0.4412466859672483 0.24888471871879836 0.22843472665055492 1.9306419947676932 
0.5081 3 0.09674254246148212 0.525744288288288 0.3382774742311609 0.4158880572189889 0.3112434153748851 0.26881122585265493 2.531134948153833 
0.0999 1 0.039700650361764164 0.21885137297297313 0.13086799410994276 0.15814432628152483 0.12927601166736866 0.05908219091566563 1.1434743376398018 
0.1576 1 0.04122115994107989 0.239023654054054 0.0976202343274135 0.13015542167483632 0.14012240699756695 0.05895712702840958 1.1410448398145516 
0.2804 2 0.06911079554531827 0.3358075243243244 0.1275450206282805 0.15687432979263802 0.20245915993482133 0.08780622852744066 1.2281740997039134 
0.6182 3 0.07881860737560123 0.4448490378378379 0.2909601392002495 0.36445176437312143 0.26183382260671956 0.20359644661734094 1.8019741046466817 
0.3347 2 0.04074253959484259 0.2360405909909907 0.14137136551353127 0.1773296518014956 0.13839156529291666 0.06776532844620173 1.1681347756402136 
0.2424 2 0.04492054869492818 0.279539473873874 0.1844173964516229 0.23197930954880547 0.1622300112844011 0.09267055280873696 1.233964659618174 
0.6560 3 0.03606732326445313 0.2405719207207207 0.16343430457697167 0.2105421240234341 0.1383196219925869 0.08043301792174308 1.2613864221475948 
0.3981 2 0.0318411354708759 0.198477318918919 0.14945821506615628 0.19438747444337806 0.11515922719489746 0.060911485312752985 1.1709899008157987 
0.2786 2 0.08807660327239071 0.39650072792792823 0.12704775255361203 0.15125477061695852 0.24228866560015946 0.09188994875531631 1.163570490457194 
0.4801 3 0.0545326412733475 0.33928501621621654 0.21215576082515322 0.2827707227019609 0.19690882874478202 0.1338449257563501 1.4312427624025579 
0.5751 3 0.08737242204855464 0.4702777369369371 0.30072716028926977 0.3743687731730168 0.2788250794927459 0.22742155163503386 2.187716173988463 
0.5259 3 0.03350638021510125 0.19996923963963972 0.3021393528343819 0.3734043761053662 0.11673780992737048 0.09319806785629263 1.3056790753258247 
0.5351 3 0.06725436362175284 0.37637948828828843 0.26374505732323067 0.3565121065318359 0.22181692595502064 0.18052191433153905 1.745052217870682 
0.2014 2 0.04168063088708023 0.24507829909909917 0.28476379760250004 0.37133246346903154 0.1433794649930897 0.11468719080318605 1.4219012077808282 
0.4084 3 0.0268048880711164 0.15649148828828838 0.2638357519253213 0.3470536596454166 0.09164818817970238 0.07008521566051439 1.2435654997051766 
0.0330 1 0.035625042930637396 0.18078071351351357 0.21653825240445068 0.260827927696045 0.10820287822207549 0.062448833734600265 1.1721322180323737 
0.3993 2 0.04860983426695777 0.23738278918918881 0.11666009532912784 0.14633357016084808 0.14299631172807328 0.0602809499982596 1.1417216016318756 
0.7183 3 0.05536822889673703 0.27259429189189177 0.16783488164864588 0.24532078775809024 0.1639812603943144 0.11268296774627376 1.3774330638770258 
0.1744 1 0.05846171561099961 0.17539703063063058 0.03599372783919553 0.04310524700753108 0.1169293731208151 0.025100565846324786 1.0312196236814188 
0.5828 3 0.044122221081754544 0.27365448648648655 0.2919430661889737 0.3770850691702586 0.15888835378412056 0.1315004805598788 1.4349675846188537 
0.6813 3 0.0761764212724422 0.3829321513513511 0.27624046108642253 0.339717637761754 0.22955428631189667 0.1766859132148004 1.958415638685788 
0.7143 3 0.1064235069467141 0.481861390990991 0.45485276146463305 0.5803233120584483 0.29414244896885255 0.3261616814995376 3.290730793460842 
0.5150 3 0.04249421054407909 0.23460554954954965 0.14469477438725775 0.17592823400304566 0.13854988004681437 0.07267649867767867 1.2532459126029896 
0.4088 3 0.06283992036676794 0.41302764684684734 0.27962730542767966 0.3737556419559037 0.23793378360680764 0.1888902731917829 1.6022100039913985 
0.1240 1 0.037859561685679624 0.23612246486486485 0.15016509110149914 0.1916738945164309 0.13699101327527224 0.07013330859882307 1.1756986003145893 
0.4040 3 0.053111111514823395 0.3341341117117116 0.22728136420001896 0.28161014018277875 0.1936226116132675 0.12345283793070828 1.3170609260835766 
0.5153 3 0.07714586455664693 0.44475687207207165 0.11684100269554773 0.15433790548132298 0.2609513683143593 0.10543732389190004 1.1881153332588623 
0.2255 2 0.059066174972056754 0.26542454774774804 0.11319536014170946 0.1300698094910545 0.1622453613599024 0.06323430720811991 1.1456809920692705 
0.4429 3 0.05540221063859065 0.3928399711711709 0.18991070150033834 0.2561624728560104 0.22412109090488078 0.13940121939235608 1.3489352734233522 
0.6736 3 0.0832032093792584 0.3820821621621623 0.40726492810151266 0.47373151843516703 0.23264268577071034 0.2165129432988957 2.4073491608504582 
0.2751 2 0.06494681898213649 0.3880885621621619 0.27361255593727335 0.32855850128440756 0.2265176905721492 0.15611142249754428 1.4292935089754233 
0.4725 3 0.07822548401453362 0.4094462558558557 0.3547809177542771 0.43263984208578926 0.24383586993519465 0.21422440888674296 2.1136895180806254 
0.7091 3 0.06040956649049689 0.3137843603603603 0.32942677135293513 0.40970028018816584 0.1870969634254286 0.16131935772156425 1.7639535858919126 
0.1959 1 0.051490740424175396 0.2846887495495495 0.21176902861236194 0.26029431119644936 0.16808974498686244 0.09981671476246806 1.2701635598748011 
0.2814 2 0.04303674963872322 0.24144468468468494 0.18671134960138272 0.2222342059487318 0.14224071716170408 0.0769704699315959 1.2140463575004141 
0.5175 3 0.05018894210814027 0.29449339099099114 0.31832959190117893 0.375839601483036 0.17234116654956572 0.134361966770129 1.4567114607706135 
0.6228 3 0.07268148764311026 0.4912065153153152 0.2734959961129536 0.3267045045492459 0.2819440014792127 0.19307171714055218 1.3743839634967983 
0.8156 3 0.12123116414604476 0.4687109621621621 0.4178061255915278 0.6257237002531608 0.29497106315410343 0.346079398341974 2.552830852897016 
0.6671 3 0.09199735546349296 0.4900022774774775 0.5133705935728897 0.6262014749431689 0.29099981647048523 0.3408520783306892 3.221962722371396 
0.5457 3 0.09531389665172468 0.41502190990990984 0.32661047329404824 0.4509390354999411 0.2551679032808173 0.2504989817453763 2.130627687135653 
0.3437 2 0.07178406738890293 0.3501876324324321 0.22708893075123798 0.2584024492539484 0.21098584991066752 0.13174307002656266 1.5207956078489087 
0.7282 3 0.09521150304442824 0.4706114882882882 0.32799303993204226 0.4003933013028494 0.2829114956663582 0.2423444659128123 2.507573110236884 
0.6723 3 0.10141930509067064 0.533546162162162 0.6108484129852372 0.6779315707143884 0.3174827336264163 0.3855440276383799 6.066147042477921 
0.4355 3 0.06543961056862896 0.37014121801801797 0.4048662703273332 0.500993633264577 0.21779041429332346 0.20935986112327123 2.026771101627639 
0.8071 3 0.08587811194130983 0.5535804540540543 0.7240319488582295 0.8396824212372435 0.31972928299768205 0.48693239586903647 8.65745975781013 
0.2063 2 0.052747616556365756 0.37270888648648615 0.2049364987627479 0.26046091992246206 0.21272825152142594 0.12957677581289836 1.290441557450487 
0.0234 1 0.037474092071473314 0.18050414414414404 0.09482933659547998 0.12013417216476009 0.10898911810780867 0.04370552883694953 1.106619323729405 
0.2615 2 0.060806957551338574 0.3063194378378379 0.40255306780381334 0.5397579729025695 0.18356319769458823 0.20181165468349926 1.776684384780617 
0.3449 2 0.043303831628729826 0.25146387027027006 0.17721918661523486 0.22082621220144033 0.14738385094949993 0.0785724834523457 1.1714181866462279 
0.2171 2 0.05492915008943543 0.2441402954954955 0.16627434486376583 0.20274455523171037 0.14953472279246546 0.07222632133415223 1.189772190072371 
0.4261 3 0.04617860996326785 0.2462635387387384 0.21995524616509987 0.25716859692618765 0.14622107435100312 0.09076962903795108 1.2778560248411104 
0.2121 2 0.06183505718390477 0.3236369729729732 0.14980118365213663 0.18320824054167223 0.192736015078439 0.09442942006649183 1.2589991925619193 
0.6382 3 0.036219585204023755 0.23558312072072085 0.16611389622555142 0.2116840393070636 0.1359013529623723 0.07589042607647294 1.2068022313855038 
0.4014 3 0.07344688431762367 0.4207084108108113 0.274914168802757 0.32655756736724006 0.24707764756421746 0.17199963395243867 1.5389786067906868 
0.9390 3 0.0960636221536926 0.5417199135135131 0.6615220686823536 0.7889742429970941 0.31889176783360285 0.4540524034908467 6.523444505590906 
0.4151 3 0.06414882376168288 0.4052360792792797 0.19668268707851352 0.2748762197232851 0.2346924515204813 0.17291194934568022 1.5110727100515444 
0.8417 3 0.12200950339132925 0.5430685261261263 0.6442757834751194 0.8100048555799553 0.33253901475872777 0.47252250467680246 6.736215537230201 
0.6680 3 0.07851748070947402 0.3926554090090093 0.24266161898536692 0.29131511114309266 0.23558644485924166 0.15076657896278345 1.5305437619296482 
0.3339 2 0.05184682373911189 0.3119469549549548 0.2120752727077338 0.26226980147753653 0.18189688934703332 0.11229733755760049 1.341112980747383 
0.4349 3 0.0557596318585376 0.2797351927927926 0.12627326073533668 0.15223496442887716 0.1677474123256651 0.07273419408629722 1.182989064652402 
0.0349 1 0.032970998079417654 0.17783681441441454 0.1516327127895418 0.19761031146365213 0.10540390624691609 0.05129927164838067 1.116250418173889 
0.5162 3 0.05082446956950108 0.2725960792792792 0.20510972917517625 0.24402444406997054 0.16171027442439015 0.09439772673465673 1.2781792739381017 
0.3353 2 0.04298548051802622 0.17253809009009044 0.08574389667073043 0.10107451600808465 0.10776178530405833 0.03804130746638381 1.0836739948705132 
0.1160 1 0.0323326843008713 0.18572475675675693 0.33081431202991957 0.4016360436409497 0.10902872052881411 0.08856185748099354 1.3591246274111937 
0.1662 1 0.037966570163930104 0.2218002450450452 0.21582623813280277 0.26508884343002925 0.12988340760448766 0.08165916531319134 1.2286904908219904 
0.4175 3 0.0650887657322225 0.3962514450450451 0.32592080338342627 0.40255429568752593 0.2306701053886338 0.19311709459883153 1.7729224529838967 
0.3988 2 0.09097282712144177 0.46988178738738756 0.21707468826916035 0.27036920610242826 0.28042730725441467 0.17620475087762674 1.7856238065088414 
0.2290 2 0.03786631617011831 0.20268769729729721 0.11349663180813624 0.13901422347185222 0.12027700673370777 0.04835899836672131 1.1027491282204032 
0.5694 3 0.09522652742593092 0.5271372252252253 0.3815900829148035 0.46376472676357494 0.31118187632557814 0.2872828131944376 2.4331829131064446 
0.3530 2 0.09991466099160076 0.5079967567567568 0.4865126727988151 0.606505182850669 0.3039557088741788 0.33587155931652796 3.552379115342153 
0.2078 2 0.04857932375285801 0.26485940180180156 0.13022976843795206 0.16458778365629512 0.15671936277732978 0.07561774595718636 1.2073630505050827 
0.5263 3 0.05171262325173434 0.3088313945945947 0.3371797732857865 0.42379550715078984 0.18027200892316453 0.15934488513384323 1.5998813794688265 
0.5711 3 0.05229429102519343 0.3080007063063065 0.30604587376852915 0.3759939128256032 0.18014749866574997 0.1373565692682135 1.4789516964852962 
