0.0751 1 0.03619654106367867 0.14782798172018274 
0.5161 3 0.12686094038129603 0.43958870411295886 
0.1463 1 0.07037047593434168 0.4531680383196168 
0.0869 1 0.05902173066366439 0.44325154748452505 
0.0030 1 0.05054284651244716 0.19017514824851808 
0.2749 2 0.03498991294360729 0.1350433495665037 
0.2255 2 0.04211096128609665 0.14248493515064892 
0.4194 3 0.1330262489336522 0.39016703832961674 
0.0011 1 0.058533341866794465 0.3688207717922821 
0.2029 2 0.06946900579665989 0.3876392136078639 
0.0878 1 0.02672227453308752 0.20220988790112093 
0.0909 1 0.02173444321434366 0.14070021299787 
0.7438 3 0.09232898841251408 0.40575467245327507 
0.2310 2 0.03258904657460368 0.1866249337506623 
0.0319 1 0.041845307744240286 0.17963669363306342 
0.6889 3 0.04865169494832552 0.25408168918310803 
0.6946 3 0.06947016273682756 0.3057215627843721 
0.0275 1 0.04307764260316375 0.19153599464005402 
0.0707 1 0.03687411613673366 0.17422682773172266 
1.0000 3 0.09972474979574726 0.3249397006029939 
0.0066 1 0.05613395239608556 0.19428768712312838 
0.0200 1 0.03228672244267105 0.13075223247767545 
0.3733 2 0.05956657300669488 0.32346544534554644 
0.5273 3 0.06528635476355116 0.38652473475265225 
0.1920 1 0.034314635403672605 0.1843059469405305 
0.5141 3 0.043063926837210914 0.22591238087619123 
0.0901 1 0.027486002325157733 0.12578997210027923 
0.8642 3 0.15205255752146465 0.45153284467155375 
0.3708 2 0.028704940332154334 0.20145037549624528 
0.1126 1 0.03669475067789323 0.14854185458145427 
0.2605 2 0.04087666886004986 0.13386693133068653 
0.1937 1 0.05592903293553196 0.261139338606614 
0.3362 2 0.04138709462659835 0.19636280637193612 
0.7548 3 0.04209580464375567 0.23736672633273637 
0.2886 2 0.031455040739720795 0.18822510774892262 
0.2441 2 0.020001288551498696 0.11655827441725597 
0.3317 2 0.05238756017678852 0.2581197088029125 
0.6099 3 0.07841934110157978 0.4220227897721024 
0.3308 2 0.07114006051307842 0.43348276517234857 
0.0172 1 0.019217154338596637 0.11092808071919294 
0.2003 2 0.0376666003314195 0.1914965250347495 
0.0001 1 0.017382337180274685 0.07387663123368757 
0.0756 1 0.01761237895047908 0.08422204777952216 
0.0813 1 0.029266163738466636 0.1451874681253188 
0.0432 1 0.02309751337472976 0.08457583424165782 
0.0000 1 0.018491561736893862 0.07077973220267816 
0.0167 1 0.03720391722405314 0.16353498465015345 
0.8529 3 0.04142953784869832 0.18583339166608306 
0.1938 1 0.047494324562889656 0.2809228707712923 
0.1059 1 0.09105263633062681 0.32665517344826556 
0.3383 2 0.0722635223282595 0.5034275357246424 
0.0368 1 0.07761320417207629 0.2858609713902863 
0.3114 2 0.05868252677464943 0.31754372456275426 
0.1241 1 0.02172117501063008 0.09212303876961223 
0.1440 1 0.0554448404987568 0.28596570034299695 
0.0659 1 0.04010034971182322 0.16821949780502188 
0.0635 1 0.02692870774660287 0.13687269127308724 
0.4252 3 0.04763412934897231 0.21745139548604495 
0.0175 1 0.0543334898877596 0.3358057419425807 
0.5019 3 0.05610780320882662 0.21728013719862832 
0.3251 2 0.07572557671205388 0.4295388046119541 
0.1828 1 0.04513542614942761 0.2211468885311148 
0.0400 1 0.03411170522328663 0.16229836701632996 
0.5815 3 0.06767977510506415 0.3036272237277627 
0.7745 3 0.0932191814278955 0.40657005429945714 
0.5415 3 0.062249835984576785 0.35679468205317955 
0.0386 1 0.027973211825887974 0.13637734622653816 
0.3890 2 0.09485106962238278 0.44554105458945414 
0.2385 2 0.0803914402204207 0.4647569824301758 
0.0407 1 0.01763658386215508 0.08935156648433523 
0.0159 1 0.04608394507166604 0.2592381776182242 
0.2347 2 0.05849132658043965 0.250398646013539 
0.3484 2 0.07823326166499595 0.4215159048409517 
0.3305 2 0.10799869356722533 0.3765709242907559 
0.1668 1 0.038288685687145635 0.18328390716092832 
0.1105 1 0.0315284998432504 0.13463254367456307 
0.2812 2 0.07188222527732416 0.4666341536584633 
0.0934 1 0.035511808783765426 0.15247374526254742 
0.3469 2 0.051564111890344926 0.2614468355316446 
0.2935 2 0.08791877656233989 0.49856188438115634 
0.0373 1 0.039275619361568995 0.177811531884681 
0.5467 3 0.05847806306726413 0.2917784622153778 
0.0139 1 0.0742383829144378 0.5016206837931615 
0.0584 1 0.03998693216099042 0.2701173288267118 
0.0243 1 0.04296921083844559 0.2604111358886411 
0.0598 1 0.031564591709923234 0.14718596814031776 
0.1341 1 0.04484037842331205 0.15056926430735643 
0.1955 1 0.03197014764708891 0.1604549154508455 
0.0055 1 0.018288535944466687 0.09044409555904429 
0.1157 1 0.1224524754135141 0.3161532184678152 
0.3197 2 0.0601774619559247 0.24339705602943992 
0.4336 3 0.09327067113510222 0.44173680263197407 
0.1585 1 0.06842047593077027 0.3448738012619875 
0.1310 1 0.04083331856551955 0.179434325656743 
0.1358 1 0.03238836367846728 0.13053061469385258 
0.3655 2 0.14817417794522936 0.518561744382557 
0.4047 3 0.04965381230876511 0.34001166988330056 
0.2077 2 0.05024755415797969 0.19196580034199617 
0.1667 1 0.08102179423311341 0.49838990610093925 
0.2311 2 0.07301043484762033 0.42060022399775987 
0.0338 1 0.022350431318555217 0.09603163968360291 
0.1141 1 0.05040598241237727 0.22622806771932255 
0.8139 3 0.051860888590131916 0.2283245267547323 
0.1430 1 0.025676976353769296 0.1737109828901709 
0.1375 1 0.043387548710377456 0.20259217407825933 
0.3505 2 0.061017315822815346 0.35637354626453677 
0.3098 2 0.06171387916778608 0.3366156638433616 
0.2782 2 0.0501973070405315 0.21840856591434096 
0.1571 1 0.1121756981685118 0.4297823521764784 
0.7204 3 0.06268575201433346 0.37689765102348965 
0.2042 2 0.06777901224931414 0.22911157888421108 
0.0912 1 0.03345779886432767 0.14160594394056095 
0.1497 1 0.04686625169549632 0.19070906290937023 
0.1941 1 0.05964868766622514 0.253880111198888 
0.3154 2 0.0759491498253414 0.5368772812271874 
0.3672 2 0.11984148243532394 0.4498821411785882 
0.2825 2 0.041562834009776256 0.22717471825281707 
0.2477 2 0.03693664624416482 0.24810546894531113 
0.2023 2 0.04388668957854135 0.24684972150278517 
0.3986 2 0.05656976235567377 0.2989367606323935 
0.1510 1 0.06591497151894615 0.4200282797172032 
0.3415 2 0.04070549892659746 0.21614883851161482 
0.7570 3 0.12590910210249776 0.48388383116168826 
0.1336 1 0.022714950904865572 0.10673754262457387 
0.3983 2 0.04907758711512027 0.22249583504164933 
0.0463 1 0.03259167074560885 0.21523674763252415 
0.1491 1 0.07784074836909677 0.48697432025679743 
0.3162 2 0.06434974501850275 0.3219687403125975 
0.3980 2 0.12389761588674221 0.6831716282837174 
0.4356 3 0.11854778512682573 0.5387346326536736 
0.5285 3 0.08061876541829678 0.3381745882541172 
0.0027 1 0.0826719378355348 0.36044113558864405 
0.0106 1 0.023566527455918203 0.1334062259377403 
0.3769 2 0.05621516315517981 0.2419705502944971 
0.0946 1 0.03287160867595491 0.18322012779872227 
0.0648 1 0.03412104926901965 0.20587771122288773 
0.0095 1 0.03079162522953696 0.1724058859411403 
0.2382 2 0.05032120022220616 0.211812691873081 
0.0206 1 0.050928340269875326 0.2580949990500099 
0.0124 1 0.03542992523421621 0.12746013539864637 
0.5374 3 0.053091703559695634 0.3704831851681477 
0.0078 1 0.040144934134779986 0.20345332546674516 
0.0902 1 0.05194648252962845 0.2989082309176908 
0.8772 3 0.08805063059034672 0.3276517634823656 
0.1297 1 0.03095298583541721 0.17364443355566464 
0.0145 1 0.051985031074141264 0.3154451855481447 
0.3111 2 0.06419613460054326 0.49774246257537474 
0.0339 1 0.020229802022342695 0.08579337206627882 
0.1053 1 0.04772782757284402 0.26876600233997683 
0.4442 3 0.06299399877754404 0.3561361886381138 
0.6022 3 0.05417030442393697 0.35844122558774405 
0.2914 2 0.06826660421981094 0.350909050909491 
0.2406 2 0.05476743356232291 0.2471886081139191 
0.7601 3 0.1191333346113137 0.6456334836651634 
0.0084 1 0.03726870392326697 0.21988077119228833 
0.4747 3 0.06679896479784465 0.30094906050939463 
0.3747 2 0.04399313369222138 0.23924919750802495 
0.1537 1 0.058054120486300126 0.2545187348126515 
0.2853 2 0.0385710735290653 0.20750388496115021 
0.0615 1 0.02978901758965272 0.1484989150108494 
0.3900 2 0.11651103897252646 0.3924969350306497 
0.6039 3 0.06332959964090379 0.38991145088549095 
0.4915 3 0.04655545383706534 0.2154425755742448 
0.7338 3 0.09932120689404093 0.4316046039539604 
0.2718 2 0.040888726921599484 0.2231109388906111 
0.7722 3 0.08000540843627821 0.42924367756322457 
0.2039 2 0.07380417362623543 0.4041648583514165 
0.1995 1 0.08070062534900688 0.3258753012469874 
0.5462 3 0.0669548433827958 0.4459402605973942 
0.3995 2 0.08216118274535354 0.3912719772802272 
0.2071 2 0.05755836419762197 0.3812244177558225 
0.5400 3 0.06716601703136489 0.4022838571614281 
0.3956 2 0.03671522589819103 0.19710734892651066 
0.3680 2 0.1532663939497921 0.6836693033069674 
0.1211 1 0.06844557678121596 0.4671797782022182 
0.0665 1 0.05519028711310204 0.25240565594344044 
0.0057 1 0.02147730171892764 0.1139311306886934 
0.3085 2 0.049297198282867265 0.23596695033049722 
0.3200 2 0.05138503030616298 0.2086715532844674 
0.7929 3 0.03109749814649457 0.14230099699003002 
0.1964 1 0.049321802592315264 0.30803983960160414 
0.2066 2 0.04240382580989139 0.2425141048589517 
0.4799 3 0.06393983270782863 0.31522599774002313 
0.7126 3 0.0710384921020846 0.3095650343496569 
0.6164 3 0.07846060737912582 0.4475734042659568 
0.4434 3 0.035792572431913174 0.2742916270837289 
0.4657 3 0.062249296469059356 0.3145028149718504 
0.0963 1 0.02123828217568005 0.09589618103818982 
0.2142 2 0.05282270704979574 0.2570882691173088 
0.3641 2 0.07606551997147142 0.33963884361156416 
0.2404 2 0.06874338507335205 0.3595733442665572 
0.1529 1 0.057131435308000744 0.3936332036679637 
0.2193 2 0.04875430581171622 0.2318654913450861 
0.5165 3 0.05552408661414025 0.2839422405775939 
0.5834 3 0.04088815396543859 0.21026891731082661 
0.3549 2 0.031496267379917973 0.23699029009709865 
0.2552 2 0.06695812243720409 0.38395974040259606 
0.0035 1 0.02147806591611889 0.12414714852851483 
0.5531 3 0.08598464556139165 0.429690813091869 
0.1395 1 0.05553307841178037 0.2189486405135957 
0.0434 1 0.044114355965363596 0.17381001189988082 
0.0402 1 0.03171621262036201 0.2179192308076919 
0.6045 3 0.07045372095069549 0.44857390426095745 
0.2366 2 0.04207099827363599 0.21442486575134206 
0.2857 2 0.04281942047306217 0.1890154398456016 
0.5309 3 0.059392465421280904 0.28223153768462306 
0.4368 3 0.04790845090866201 0.3066424935750643 
0.1386 1 0.0464053454815435 0.21149818501815001 
0.2680 2 0.0503361332925917 0.1894061259387409 
0.5403 3 0.07666699723089639 0.3706356536434635 
0.5068 3 0.0574945077562452 0.3526884131158684 
0.2416 2 0.08099008257951365 0.3651784482155179 
0.6919 3 0.11714956057798165 0.4779202507974924 
0.8507 3 0.16753797888152328 0.5468076619233807 
0.1796 1 0.05478307871518947 0.2532862971370283 
0.0126 1 0.05332242454633309 0.20305711942880533 
0.3770 2 0.058414030082935296 0.34909047909520907 
0.1863 1 0.04353447668183849 0.20277950220497795 
0.0734 1 0.049261549708604094 0.16884549154508474 
0.1067 1 0.06956760789551991 0.3305131948680514 
0.4041 3 0.05050828196292055 0.2206991630083694 
0.0897 1 0.0831094965018456 0.4745032649673506 
0.3747 2 0.05715468203237246 0.330452345476545 
0.1463 1 0.10011901087572896 0.3941970880291188 
0.2628 2 0.0871036218381336 0.38022256777432223 
0.7331 3 0.07596241545197732 0.5817219127808722 
0.2425 2 0.02981243467134037 0.1865419545804544 
0.9306 3 0.12430444851405192 0.4229320706792934 
0.0224 1 0.05485593453721187 0.2184845551544476 
0.5165 3 0.05438000896216585 0.35189179108208846 
0.2303 2 0.030913717586073003 0.14704347956520425 
0.1791 1 0.055853909974464044 0.37086275137248637 
0.0711 1 0.02283124095191658 0.10577691223087764 
0.2103 2 0.07731111006647493 0.29978306216937806 
0.4247 3 0.07819961147405195 0.3564298757012433 
0.1972 1 0.0487499617312576 0.1577795122048772 
0.1279 1 0.046542868194624096 0.2697161828381714 
0.0014 1 0.023546506511252938 0.13342738572614266 
0.0820 1 0.027861130434634535 0.12229510704892928 
0.2762 2 0.08963045113180905 0.559982790172098 
0.3485 2 0.0788028929857252 0.3551388686113142 
0.0854 1 0.03394553061892665 0.16065667343326467 
0.4543 3 0.08369658696594667 0.4096653533464668 
0.1265 1 0.0621969748819788 0.26691412085879146 
0.2256 2 0.045109513232105894 0.28754499455005467 
0.1501 1 0.051133178239186776 0.21859298407015845 
0.2634 2 0.03746783164354123 0.2554905850941484 
0.5496 3 0.068472446485797 0.2964766352336481 
0.5819 3 0.08139219920819195 0.308095109048909 
