0.4728 3 0.056777977150334134 0.24093033756375157 0.07719143310264329 0.10184054283418129 0.14885415735704285 0.061773973603732074 1.1700477713376476 
0.5036 3 0.08922814158696481 0.3765124689752576 0.33489420839361583 0.4078949555459934 0.2328703052811112 0.20287704586657285 2.6443357760404105 
0.1456 1 0.0857322613810474 0.4397670445942016 0.4257498292977883 0.5002723402016289 0.2627496529876245 0.24365322293867972 2.4192313532598764 
0.0257 1 0.0842562209149072 0.2502423427834271 0.06357044330126758 0.0745546571126173 0.16724928184916715 0.05083751134612743 1.105287447800871 
0.1343 1 0.04154617555383703 0.22303567148059136 0.08789426549690618 0.11521017006642166 0.1322909235172142 0.06404455503378607 1.2063840182694152 
0.0635 1 0.133446679790107 0.4704261632784169 0.20907656201111186 0.24018398873288427 0.3019364215342619 0.18058490124884086 2.1459794209549363 
0.3463 2 0.07457431887785979 0.28639623624784855 0.268755042862017 0.36623678600652704 0.18048527756285415 0.15522483909231627 1.999118892520466 
0.0308 1 0.046243376582424146 0.20658569793586526 0.10136008765107286 0.12762602848853424 0.1264145372591447 0.05557243619202134 1.1727289940032435 
0.2219 2 0.039299606633187927 0.25077292469896995 0.11757908732327356 0.1553540366133374 0.14503626566607894 0.08297649093108145 1.358339773377254 
0.0426 1 0.044477218673205976 0.21949871431180085 0.15509133986003926 0.19588066816747476 0.1319879664925034 0.07512718825295539 1.3169820582077867 
0.6845 3 0.0716677961961282 0.343092558808844 0.49495214107165036 0.5844282634113361 0.2073801775024861 0.23067204173609718 3.455462503592214 
0.0867 1 0.02820686367169231 0.16172492561511526 0.11588781821062245 0.15054456153760365 0.09496589464340378 0.05339864565398116 1.2011640824398535 
0.0182 1 0.03122327181244146 0.139248760136424 0.112234433400398 0.13639914182046853 0.08523601597443274 0.04084426087865162 1.1399988170163953 
0.3170 2 0.08999881341616252 0.4045857027868648 0.3124390360011985 0.3819279460931017 0.24729225810151365 0.2140526138891426 2.6743959200923273 
0.0165 1 0.047272492673806114 0.21332777010280318 0.0898557272604019 0.10820512286279023 0.13030013138830465 0.05800525665320902 1.1862128091611144 
0.2710 2 0.0694800428408291 0.3144342717245961 0.08559487038218812 0.10849583261812192 0.1919571572827126 0.07981296960683673 1.2346416311215989 
0.1863 1 0.051176370340739664 0.27539655086983594 0.11218012855873209 0.15052778564842095 0.16328646060528781 0.08576591293088298 1.3198714712862618 
0.0019 1 0.04339393030759749 0.16582996102221717 0.06268126613807057 0.07643056300872765 0.10461194566490734 0.03925197432755033 1.0932793533840028 
0.0848 1 0.04027042424033106 0.19944176651930018 0.1491695500001133 0.19681587908614218 0.11985609537981562 0.07755310459253674 1.3123429600968746 
0.6961 3 0.10428933961644252 0.5160690014875244 0.24540672190745316 0.29034502317414174 0.31017917055198346 0.20647404811824493 2.079389583535592 
0.6588 3 0.1058778756872663 0.5050344325698898 0.4889714574685099 0.5646703954242787 0.305456154128578 0.3378551345971886 5.5962543092693915 
0.0797 1 0.05491919679010804 0.25528234395459765 0.22291037412747192 0.2789760707978255 0.15510077037235284 0.11070758977788307 1.5997518714145778 
0.3807 2 0.048548022990244064 0.32027271714547767 0.14784939217793142 0.2031981377428373 0.18441037006786087 0.10100431084834793 1.2387337112794374 
0.3719 2 0.0664759610195007 0.33860116119075434 0.1656076869711314 0.21276932427041312 0.20253856110512752 0.12882300805835564 1.6853252617733603 
0.2115 2 0.03034702719921983 0.15532778309655287 0.06267766670534164 0.07625248528337794 0.09283740514788635 0.041207522873137295 1.1106657615219258 
0.1127 1 0.05318559185828762 0.2551987023229015 0.13938359926880287 0.17045981542298422 0.15419214709059456 0.08704463799413144 1.3861822295987274 
0.4779 3 0.0720190942438343 0.3297923025374542 0.2508984009708486 0.30757317881481894 0.20090569839064423 0.14860901658006107 1.9048783577277026 
0.9535 3 0.06722478765246057 0.30148035691577607 0.1634151716961797 0.2223939112097434 0.18435257228411833 0.12204082919571146 1.630979532342673 
0.2256 2 0.04387568090104142 0.2017892859085734 0.17730424771813322 0.22697654627414143 0.1228324834048074 0.0796658931956755 1.3877455167786048 
0.2443 2 0.06438648120565925 0.32261129440960384 0.1849209390702834 0.23452788104245093 0.19349888780763155 0.1238852982561008 1.5879965424247822 
0.3975 2 0.09351762545361812 0.3976288487919104 0.3828363959303636 0.48772605372745154 0.24557323712276427 0.24433659873806898 3.2372647870049205 
0.1523 1 0.08652323757292849 0.37307115844993916 0.26954057877647314 0.31564450640930336 0.22979719801143383 0.16945725121622163 2.283869110752521 
0.3950 2 0.09047029864016573 0.411889589165361 0.21777547474766318 0.2812707280896367 0.2511799439027634 0.17936093449174326 2.1488364138645792 
0.1460 1 0.03004585547224061 0.17578632056168958 0.08225151311852273 0.1136823645860133 0.1029160880169651 0.05429734774986881 1.1688596311178565 
0.2162 2 0.04541555337915508 0.23957936114411504 0.1436254754564684 0.1757504464661892 0.14249745726163507 0.08380735425190348 1.3911648768202283 
0.0791 1 0.05695640194161037 0.2759982020115707 0.1004568835482539 0.13013894162612583 0.16647730197659055 0.07683692599072188 1.254173220851516 
0.0614 1 0.046223835273784666 0.19940917334458724 0.05757228982607565 0.0737018036545223 0.12281650430918595 0.046258165238604626 1.1086385694689744 
0.0170 1 0.07694071607605074 0.3742304214513987 0.18200594305969026 0.23130683368906896 0.2255855687637247 0.14837673058846323 1.8752690008305575 
0.0014 1 0.05454801916270603 0.2439840034816323 0.18526817326163997 0.21991586006867284 0.14926601132216916 0.09205912278754001 1.483597038683475 
0.2138 2 0.06010688500982942 0.2850007189874719 0.22354796649786918 0.28918197708529475 0.17255380199865067 0.1232595919388852 1.6735866981132095 
0.5388 3 0.1117277474822167 0.5215169490468303 0.4126506576816001 0.4673342021009949 0.3166223482645235 0.2857603930510544 3.610448597198358 
0.2937 2 0.04062241759333745 0.21435429692900473 0.10672219044124018 0.13758495092599152 0.12748835726117108 0.06289388721460859 1.2203082937271654 
0.4511 3 0.08343532373927709 0.36137010131313063 0.2803061465709514 0.3628304160128221 0.22240271252620386 0.1818112096063019 2.2538999808217377 
0.2022 2 0.037995712034744174 0.21233842601688155 0.1179055786994849 0.15180776437154317 0.12516706902581287 0.06917890154063422 1.2769824102796392 
0.0502 1 0.0979900825803364 0.46964694024919573 0.6212690625948393 0.752240046713313 0.28381851141476605 0.38662411694073845 7.660300706121751 
0.3809 2 0.0721613843931223 0.3495143903176812 0.20289294698545637 0.26389237917414876 0.21083788735540177 0.1494911501333045 1.7814577877736313 
0.3752 2 0.08050776689073252 0.40713298045774693 0.1867694187403913 0.23510305753856583 0.24382037367423973 0.1503090970789362 1.7165486786150985 
0.1337 1 0.05865374302045524 0.28363120551156756 0.08745534868152703 0.11313145584664717 0.1711424742660114 0.07847269917139361 1.2421583057697447 
0.4134 3 0.11998835769174565 0.44759959085281614 0.3206115631798001 0.4144321019191257 0.2837939742722809 0.24885486520879335 3.526252822402333 
0.0991 1 0.04719121142984619 0.20597913567657447 0.09496524328826361 0.11849886692501602 0.12658517355321033 0.05383280406210697 1.155051652959403 
0.0756 1 0.0511486326023206 0.264699869161605 0.10695059277880802 0.1412479544926462 0.1579242508819628 0.07355208861474198 1.2192329699319817 
0.5196 3 0.07932427512882229 0.4278894268301176 0.7741351771011603 0.8832414106727186 0.25360685097946994 0.386914062958952 9.737124538405583 
0.3403 2 0.06590389152577085 0.31517093901149795 0.43452446337588174 0.5197220531878252 0.1905374152686344 0.1921351352252364 2.5975322678757586 
0.1070 1 0.04910966152826124 0.2656460026202332 0.14082993759059206 0.18175559613195316 0.15737783207424721 0.09095359632708667 1.4061276699322385 
0.6734 3 0.09764880794165205 0.4725041654495853 0.6155000211491074 0.728396217882242 0.2850764866956187 0.36193097227414556 6.144202333906908 
0.4918 3 0.09860319368757024 0.2322961320553029 0.28673744655656297 0.43890840092440303 0.16544966287143656 0.1737058580991207 1.7147973936941292 
0.0155 1 0.06706374661409198 0.2601304371478477 0.08567974078740895 0.10621183646588166 0.16359709188096985 0.06217813802372586 1.1651586089124883 
0.3045 2 0.059122378700215666 0.32154109628437705 0.18204117692118352 0.24099315496775298 0.19033173749229637 0.11860205821877266 1.498317431846467 
0.3182 2 0.06342367313839299 0.2855359642730795 0.2374788595281591 0.2948776238347591 0.17447981870573623 0.1305254705109808 1.8961619826886698 
0.2918 2 0.07371739186599076 0.3619192972079378 0.23402557057145154 0.28601596459320083 0.21781834453696428 0.1515687312859894 1.8456606806014815 
0.0201 1 0.04390538342980884 0.28231910379164515 0.08852161595284774 0.13104104978969083 0.163112243610727 0.08750693595464448 1.305148963167229 
0.2921 2 0.07550850479616161 0.3089174181385119 0.30452789520129264 0.37165737019887896 0.19221296146733677 0.16035512061367221 2.1442405351990774 
0.0198 1 0.07766954836183404 0.2684066593139369 0.06561826635023568 0.07979913735455277 0.17303810383788548 0.0547326245954375 1.1138433987973049 
0.0572 1 0.04867753568632128 0.271005011256052 0.14358818524259886 0.1849238258502659 0.15984127347118662 0.09336984790305038 1.4342227713670324 
0.0475 1 0.04856081023203693 0.2763291179877503 0.0997137238913612 0.14508565263794487 0.16244496410989362 0.09065582414814484 1.296255269415128 
0.3828 2 0.10130989682087463 0.4287805030001703 0.2795420163146708 0.34290524450641835 0.26504519991052244 0.21111608878571855 2.64773763771495 
0.0375 1 0.08033062543833143 0.34595392970831984 0.14779858900953177 0.17892043258271204 0.21314227757332563 0.11166431310849832 1.45211151746824 
0.2237 2 0.07798367543782808 0.3872983425519652 0.19903673280440407 0.251670933011802 0.23264100899489665 0.14756546164150283 1.7221052045877034 
0.0340 1 0.05818997085892149 0.2953826764906345 0.1283594997283311 0.15953795611799645 0.17678632367477798 0.09387171167664617 1.3976254480111001 
0.2608 2 0.061206120710115344 0.2715944773792681 0.1226286484941735 0.14732883309017233 0.16640029904469172 0.07935307078845638 1.282525694123194 
0.2184 2 0.05432840618459967 0.2627850761069891 0.1805174618685519 0.2233805224230056 0.15855674114579438 0.09552793757505457 1.437863617670985 
0.0001 1 0.033256112265281516 0.1542358429634342 0.05244122551442793 0.07004998871278455 0.09374597761435786 0.03533719944386221 1.080359311842024 
0.3225 2 0.07692111484675172 0.292849535499444 0.09341988484345222 0.10986553203496627 0.18488532517309786 0.07730018359900913 1.2330088632610623 
0.4147 3 0.07609982510266826 0.3581797406309 0.26211844606853885 0.31184963275817096 0.21713978286678415 0.15373990048200203 1.8379238021854916 
0.0640 1 0.03817983849802496 0.1901642321577625 0.08443852101545712 0.11127560571150884 0.11417203532789374 0.053008385631048933 1.1580802226750093 
0.0646 1 0.05251772004308242 0.2165684524582959 0.05883525980539088 0.07310458767958752 0.13454308625068917 0.05106602739526785 1.1200596487747132 
0.5781 3 0.1192616007734358 0.4913662482332833 0.3825487710575373 0.48271149643304634 0.30531392450335954 0.2959388099454818 4.392104231373848 
0.1700 1 0.057582708187854825 0.24220489566365672 0.11598213189770638 0.13763254267465252 0.14989380192575577 0.06981730966872426 1.2467625384869006 
0.4259 3 0.11012932208393723 0.4747266821967962 0.20095591432319707 0.23517517893242784 0.29242800214036674 0.1760478223701745 1.988968015031382 
0.2475 2 0.039742347978948316 0.20750411486058767 0.1393568881186049 0.17482209234842724 0.123623231419768 0.0705280074991366 1.2976215469095274 
0.2631 2 0.055079319433999345 0.2846087213007059 0.12296192252528636 0.16317547079074907 0.16984402036735263 0.09217226231805617 1.3789718103542077 
0.4028 3 0.06384021634037021 0.27533301489984624 0.18046162047065503 0.21107774088254547 0.16958661562010824 0.09505608199122495 1.432162146769678 
0.8946 3 0.11586415899208881 0.4896531491824506 0.47968107417685724 0.5850376815897153 0.3027586540872697 0.3349369790879873 4.487594111791841 
0.2014 2 0.11467631409439333 0.34025490756593146 0.044115585362597305 0.05690788699413579 0.2274656108301624 0.05234496212926044 1.0756715042707312 
0.2646 2 0.05839304528260818 0.3588356477799916 0.13567229284228757 0.18857153019903503 0.2086143465312999 0.12072140026468046 1.4967145902146817 
0.3199 2 0.0628560292916191 0.28567244819218807 0.20634410854372337 0.2573393562488194 0.17426423874190358 0.11817828680983235 1.6682931117355906 
0.2690 2 0.09018400209630259 0.4080228367745978 0.31152289736981553 0.369320711570436 0.24910341943545017 0.20109047912220523 2.4434798117141887 
0.1557 1 0.07971089887267119 0.43828958407181123 0.2685068587560456 0.32822936240833894 0.2590002414722412 0.18800680682840526 1.8806850578717542 
0.4484 3 0.07186416188184576 0.2971070196392728 0.3045422670165356 0.3881220010649663 0.18448559076055926 0.16154015889467271 2.1854454726551547 
0.0117 1 0.10219227824638714 0.4213729803815173 0.2397077040526038 0.2586191275516026 0.26178262931395224 0.17900252273672446 2.4314036868114655 
0.2768 2 0.05686864765953346 0.3114969012506218 0.12101461795887757 0.16625627720820682 0.18418277445507764 0.09902676634880331 1.3806022478568198 
0.2245 2 0.0746401341507117 0.3808977719357884 0.15388721871060834 0.19088551210386673 0.22776895304325004 0.12330721224464222 1.4986929253624004 
0.3015 2 0.0945801509345359 0.3913954711758779 0.25281605480336655 0.2966106639188744 0.2429878110552069 0.16671517327518767 2.2940949610606434 
0.0274 1 0.02832724048738154 0.17492808531384094 0.07479310119081027 0.10128512166614412 0.10162766290061123 0.04848322765381666 1.1449384632464235 
0.2436 2 0.0781233875202193 0.32599116113184906 0.44829696560171434 0.5497101282724018 0.20205727432603418 0.21631153232297506 3.1758817501339283 
0.1044 1 0.0520009910293345 0.22335679606015643 0.10553722446584148 0.13090636858259244 0.13767889354474547 0.05777636641272412 1.1665709568356901 
0.0081 1 0.06878899959211267 0.28620841662326735 0.07323465635481453 0.09397872174491263 0.17749870810769 0.06450233337920049 1.1540822761445182 
0.4402 3 0.03134041628695423 0.16102560912098846 0.12925487542414654 0.1536864325256315 0.09618301270397134 0.052693472528299576 1.2160083061479217 
0.4626 3 0.05657827693059653 0.31930981880476234 0.1460809673018015 0.1952378456983907 0.18794404786767943 0.11050148863043356 1.4318332188255396 
0.1495 1 0.04848336233514143 0.2542070472553216 0.14439002816492655 0.17952640462578917 0.15134520479523153 0.08654589341193987 1.398521328242735 
0.0688 1 0.0566422601921808 0.27936492079183595 0.1377235792254427 0.17050492214149243 0.16800359049200836 0.0875517089188474 1.3362443070455228 
0.1561 1 0.08315570102408183 0.3653342309415479 0.4064954705565241 0.49494748473191197 0.22424496598281485 0.21992688595130191 3.0825311331530454 
0.1640 1 0.07886852689373149 0.3818641716588658 0.17341742434839968 0.2135864112177768 0.23036634927629865 0.13408083523337783 1.6196450367663024 
0.2463 2 0.10799673690384476 0.40025486096168317 0.31304020276319416 0.41732511619936263 0.254125798932764 0.22695454916820687 2.880102657965371 
0.4782 3 0.07293165829853916 0.35895232350763323 0.2580578215396942 0.3111512119756923 0.2159419909030862 0.15167890659281824 1.8100820985088246 
0.0005 1 0.04601598310466867 0.21227502743413637 0.09776037723166542 0.11860696233157149 0.12914550526940252 0.057110133186058704 1.185244113169308 
0.0308 1 0.022810892569689194 0.1342458670347888 0.11850877160578407 0.15491538827880277 0.07852837980223899 0.043570315015554036 1.1634190620626657 
0.2195 2 0.06272879686985426 0.2548385656563763 0.06450477556779816 0.08717489693144048 0.1587836812631153 0.05663938630893983 1.1333225395614834 
0.0844 1 0.06527975551557899 0.30734037681180537 0.14729675021819363 0.1802023390042885 0.18631006616369217 0.09908621872301163 1.3904580710381202 
0.0592 1 0.05465766003081429 0.25727941031246326 0.0979842072417055 0.12237442281359372 0.15596853517163878 0.0724827706812503 1.2443975032526573 
0.1372 1 0.05137725100236038 0.20621584974097348 0.07304388342664461 0.09233248384261993 0.12879655037166693 0.0494129069001744 1.1272116920684034 
0.0886 1 0.04499573755377776 0.23362001875950938 0.12285640724530227 0.15613533228566193 0.13930787815664358 0.07023722912751477 1.2516689352623989 
0.4891 3 0.09438509450064975 0.3583639675703735 0.19001004947671446 0.2725426787554233 0.2263745310355116 0.15660620673587308 1.9111347791296311 
0.0073 1 0.055269837477872355 0.2562545997006934 0.19003929001506137 0.2565699745060693 0.15576221858928288 0.10623599096816395 1.555288573169593 
0.1290 1 0.06973184478044604 0.3365925893008424 0.16270232054854875 0.19810118230576093 0.20316221704064422 0.12220521120180329 1.661210531915126 
0.4545 3 0.06241692587998835 0.25252643742920605 0.22632670654114465 0.31305228024725856 0.1574716816545972 0.12649345981619853 1.598187956790178 
0.3265 2 0.05057185757869656 0.2740110318665642 0.14778777077857566 0.18960415476960749 0.1622914447226304 0.09349054785646459 1.4050203353970545 
0.0868 1 0.05467034619059407 0.21489254359749435 0.2890973947522722 0.33231025079335186 0.1347814448940442 0.1050166369360094 1.7454713766899568 
0.0898 1 0.052445001292750176 0.22868686657636905 0.09544393138428488 0.11812787810306725 0.14056593393455963 0.06341655672082228 1.205742362385901 
0.1702 1 0.050210770522027215 0.25891078006502405 0.1602445521259369 0.20471439772650296 0.15456077529352563 0.09141980318736641 1.395328191908532 
0.5258 3 0.08813617344730182 0.43070188942977505 0.17340749751282525 0.20856154946784772 0.25941903143853845 0.155116728597768 1.8117355408285292 
0.4048 3 0.08288038280051173 0.32533843675838137 0.0907639836852955 0.11136784358921857 0.20410940977944655 0.07639350031430976 1.202165851980754 
0.1847 1 0.0870094954777601 0.42842779979785206 0.2538887345621606 0.30524590883040126 0.25771864763780605 0.18433481982526706 2.0615095878819925 
0.6864 3 0.10356409779201477 0.42923350911277625 0.40895341220681813 0.5319074579419482 0.2663988034523955 0.28413796778538586 3.873241687085558 
0.4430 3 0.08816891799494299 0.3842864917326835 0.29025467199192634 0.3830641967507427 0.23622770486381323 0.2047582317629103 2.389981201074858 
0.4341 3 0.09489545427572764 0.48776549955076287 0.24836074909264924 0.3096177217930116 0.29133047691324526 0.20878436001717002 2.213705082006241 
0.0937 1 0.05698815593308652 0.2619182755527284 0.08489750736344172 0.10971824406208106 0.15945321574290747 0.071089161577469 1.2210725927871933 
0.1900 1 0.07251583006266553 0.32966185395510694 0.17427361696425375 0.2069076067119171 0.20108884200888624 0.11431721715360338 1.5029042558813375 
0.3010 2 0.07205237172749918 0.40272117388651313 0.14626449442706305 0.18628296023457605 0.23738677280700615 0.126499934132109 1.4530037495331736 
0.5399 3 0.10692335091518226 0.50274405258761 0.29385024553502026 0.35221360122221274 0.3048337017513961 0.23380901324203346 2.785475015818292 
0.4350 3 0.07706293033347845 0.39979803191472774 0.23485653508917953 0.30278546401495665 0.2384304811241031 0.1798124084880176 2.0343738502660385 
0.6907 3 0.10850846141257664 0.42099804799232726 0.439990871390564 0.5925697214295716 0.2647532547024519 0.30978394750321314 3.6453623994921895 
0.6129 3 0.05132186985335575 0.26999648250538905 0.12263232195240528 0.1557932507809171 0.1606591761793724 0.08553603804868845 1.3459795046673984 
0.2648 2 0.05002009682024527 0.2397888089513426 0.07533221961308588 0.10079631468094054 0.14490445288579393 0.06387719071452114 1.187797415770063 
0.1811 1 0.09657016319993567 0.4507644565858041 0.2601290450921223 0.3079643291923212 0.2736673098928699 0.1821239040912999 1.712623512383078 
0.5992 3 0.11770177649801955 0.4884852339030834 0.2647032299416755 0.3440132688301249 0.30309350520055145 0.24205722159315549 2.9963873198192847 
0.4350 3 0.11134331437205706 0.5017524858775271 0.28443067433703256 0.3700276757893826 0.30654790012479205 0.251475096255262 2.7767511144407195 
0.3692 2 0.042719181756860534 0.29111858043806643 0.1098645326866305 0.14952843442362287 0.16691888109746347 0.09711765954199052 1.422317754999658 
0.2415 2 0.07175449264670952 0.30774676187100275 0.15023448998762076 0.19261976018419363 0.18975062725885614 0.09707920753507833 1.346653326077617 
0.2846 2 0.09477139602260376 0.4116339158344605 0.28148611437956117 0.33239326026862925 0.25320265592853214 0.1921787040873521 2.4809960589345117 
0.3943 2 0.0506868784332224 0.2059854036880766 0.18388862889604082 0.244472707260962 0.1283361410606495 0.08990791392945761 1.4518596820417335 
0.0093 1 0.037309585145677546 0.19353573073208885 0.05624364714064574 0.07615863630804973 0.1154226579388832 0.04696684281097641 1.1158817928156184 
0.3587 2 0.08473391332665271 0.3951900342792437 0.11364225724139969 0.14222090224650935 0.2399619738029482 0.09970324615863367 1.2626597408209526 
0.2089 2 0.07961989548913878 0.35152383452130836 0.1445047234873785 0.17420302560500267 0.21557186500522357 0.10000388247623496 1.2903041083773854 
0.1981 1 0.06952355522460299 0.21986421479811363 0.0471357803492835 0.05722316520422456 0.14469388501135833 0.042261913755440486 1.0762537076673016 
0.2351 2 0.053867490242845775 0.28463254230851437 0.14871610232137442 0.18525267649476448 0.16925001627568007 0.0968140122005258 1.4453702805413233 
0.5380 3 0.06153047310028082 0.32765430112165495 0.1984722166790044 0.24932718260012476 0.19459238711096788 0.12771665872012006 1.5674753985351417 
0.7475 3 0.0797593686787295 0.4942269375672856 0.67486542472356 0.8169556681910691 0.28699315312300755 0.4575773825455074 14.56701038399879 
0.3988 2 0.034947757246257774 0.22066753031788236 0.11854514023331907 0.164564394219593 0.12780764378207007 0.07410924907525004 1.3048162838768997 
0.2962 2 0.07293904924353407 0.34397507573623465 0.37124857106015996 0.45920645394895626 0.20845706248988435 0.19268307467475793 2.2891310976386023 
0.1324 1 0.04785544468433369 0.2318234516734739 0.08592536532684143 0.11448403490995226 0.13983944817890379 0.06364607956825273 1.203403538100234 
0.0086 1 0.04124148331973344 0.1860410784396281 0.05997493586693279 0.07527830683736013 0.11364128087968077 0.044965154362163064 1.1092361694959725 
0.5689 3 0.08429032054631469 0.4958629734619122 0.1477765601838954 0.19509006187880365 0.29007664700411345 0.14835135486149809 1.409984297131865 
0.1468 1 0.07264553695416948 0.36514842604113734 0.20855366019882596 0.24956286660424248 0.2188969814976534 0.14063385157464167 1.6979053485418434 
0.2653 2 0.06584179544848297 0.31992785662384915 0.1598451114158219 0.2001744717884211 0.19288482603616605 0.1076947136043683 1.4214679153105183 
0.3572 2 0.06507532468054936 0.31551673768183897 0.1913811816954008 0.23116778507362679 0.19029603118119415 0.12256090217629816 1.6548813753980698 
0.3519 2 0.09626881008088892 0.412254475653698 0.24030430348337564 0.28784438252342226 0.25426164286729347 0.1702677730982938 2.205936584179891 
0.5214 3 0.0703410419532151 0.3248691472254184 0.14176321905941014 0.2011602810127349 0.19760509458931674 0.12575565861211369 1.607096298456123 
0.4956 3 0.039953412301540786 0.22394730151008124 0.12943460768129383 0.1545498086529008 0.13195035690581103 0.07521750748555117 1.3452890336456587 
0.7012 3 0.14064254379715155 0.506643241361842 0.3840537421863948 0.44364421999287657 0.3236428925794968 0.3016800322911112 6.048054625214725 
0.0536 1 0.04781436807114155 0.2528594991065497 0.10824304259910084 0.14537829777830794 0.15033693358884562 0.07697392121700554 1.2752005059067764 
0.4990 3 0.08142998158316854 0.3262863721901882 0.38671984053686587 0.4361257206042379 0.20385817688667837 0.18441778600953154 3.065031397250835 
0.6471 3 0.08479337798043603 0.4505432705717908 0.3651627696727323 0.4312244295970574 0.2676683242761134 0.23399741751320025 2.2592485451618636 
0.2191 2 0.06327812259551566 0.3207619110236545 0.15290621163687032 0.1972822767984406 0.19202001680958508 0.11550061873268992 1.6035776605030023 
0.7290 3 0.08957084895250467 0.3906291505933988 0.26728112794894576 0.31615696441427776 0.24009999977295174 0.1786528545280939 2.346437294751855 
0.4911 3 0.0842606970979286 0.35939099647505557 0.19029771560417683 0.27372126949699155 0.2218258467864921 0.15553158693435315 1.863208514803906 
0.2651 2 0.07054843394596033 0.34055492232683093 0.1724455432741397 0.20522085717140887 0.20555167813639563 0.11746580947199015 1.5213899346788542 
0.1630 1 0.06391427280896364 0.299503380973616 0.1451983296006057 0.18316577743061244 0.1817088268912898 0.09935624496576706 1.4065926598722487 
0.5295 3 0.09016353009966611 0.38902297935934227 0.2703308022772373 0.34260657102502085 0.23959325472950418 0.18824590707225025 2.268334956293065 
0.7458 3 0.06811303829614682 0.29912678850299207 0.4056565220108191 0.46352987660789496 0.18361991339956946 0.17098639193830178 2.718571507956791 
0.7481 3 0.12588690327720234 0.5293229090544951 0.3736616668795462 0.440595885253672 0.3276049061658487 0.3003326721476856 5.526443068400828 
0.8071 3 0.0668023635898472 0.4050690770245213 0.15313258122935403 0.2143619724916526 0.23593572030718424 0.14902614931765432 1.7291750743428471 
0.0295 1 0.07467648118058609 0.3663688267129311 0.1935726024746885 0.23062489850055537 0.22052265394675857 0.1351468244296551 1.7133971454490047 
0.3106 2 0.08204732076640463 0.32072143791950314 0.2324772935982132 0.3174317438987914 0.2013843793429539 0.1531101868925764 1.9137938031325878 
0.2321 2 0.039060306225510114 0.20600359822910752 0.10005056141358817 0.13173625552278811 0.12253195222730881 0.06065931862849946 1.2054685461167147 
0.1366 1 0.07824825782612077 0.33504264496606584 0.11833617474814714 0.1411780909184346 0.2066454513960933 0.09614905639701153 1.349439344237942 
0.2526 2 0.09119320091173626 0.42577425283341697 0.4576989097107423 0.5208737201930671 0.2584837268725766 0.26286669339110236 4.833072248592941 
0.1585 1 0.10560689852498827 0.4887506878890983 0.21611857462981035 0.25761054020421786 0.29717879320704327 0.18825835171922672 2.082652993946176 
0.2186 2 0.05643396453475601 0.30776371992683327 0.18603011802390507 0.23023174396817947 0.18209884223079464 0.10339174514592833 1.332688537438697 
0.1045 1 0.10755317237527098 0.4481889800530351 0.23713435162963922 0.273894412045385 0.277871076214153 0.18505292449723285 2.3374276496995874 
0.7501 3 0.10276639753997814 0.35915942984120236 0.24902889578236267 0.3792867751536987 0.23096291369059024 0.19648053574153093 1.9795633338693384 
0.3819 2 0.07784889241140577 0.4264123076102142 0.1653080270577644 0.22636685494308378 0.25213060001081 0.15757204285165527 1.7533333600931384 
0.9484 3 0.09992920345073837 0.3778393693630949 0.2173751239849931 0.29185684120238237 0.23888428640691664 0.17415268362760375 2.286747677911322 
0.3457 2 0.06041946990403902 0.28445053487470356 0.11766123305789837 0.1461545779222748 0.1724350023893713 0.08548738437410444 1.3199492628125997 
0.2073 2 0.05366536167464133 0.25005387173887206 0.09240454777440876 0.11685598414557037 0.15185961670675668 0.06749578071793588 1.216170494033305 
0.5434 3 0.07578367711604868 0.3109554581197597 0.10265932559608956 0.1258049826751033 0.1933695676179042 0.08103058601759532 1.2458611530297161 
0.0214 1 0.05948772878898887 0.25515066564379885 0.08107565893923087 0.09881556859052888 0.15731919721639387 0.06571791059204285 1.195851321949901 
0.4731 3 0.09553739524731153 0.4165876369497884 0.27549132002192583 0.31305038292441256 0.25606251609854996 0.1884404889341288 2.3368254199456016 
0.0884 1 0.06598790077403267 0.23447814087511293 0.058933712216314486 0.07561641449914025 0.1502330208245728 0.053369730773428985 1.1235006590870136 
0.1099 1 0.038078169216908556 0.17608348432070234 0.12043664515164491 0.14716825086045027 0.10708082676880545 0.052017292679792514 1.1850260326440714 
0.2813 2 0.046930711275746696 0.2280320904032329 0.07842382703211019 0.100750315065612 0.13748140083948981 0.06160319106759101 1.1838672139412154 
0.0607 1 0.05725896230951445 0.23332214103727505 0.0817684208902545 0.09810443357747611 0.14529055167339475 0.060064544938648684 1.1746886802629906 
0.2753 2 0.08039152551860085 0.3499477041430656 0.2661522767452891 0.3509798447905599 0.21516961483083322 0.17796718837336448 2.0146317692990263 
0.4440 3 0.04693948149179788 0.2478265370826017 0.12342890549973334 0.15808996854774532 0.14738300928719977 0.07917344993302242 1.3183733487564784 
0.5099 3 0.07246602529411934 0.3329907401343656 0.4412602315617546 0.5527616395835823 0.20272838271424246 0.21764397203669 2.765573864430706 
0.4106 3 0.05691167362761917 0.3187453382758091 0.1368306074576743 0.18097188665622224 0.18782850595171413 0.10915195692796775 1.482940124967028 
0.2210 2 0.07856534671156362 0.3790053551572886 0.1604051293169331 0.19204127220213602 0.22878535093442612 0.1325761147919598 1.6914992987245927 
0.1859 1 0.05865751284721381 0.2863377219289101 0.16296986928838894 0.20207509416809938 0.17249761738806196 0.10291464488685799 1.519397316007344 
0.5108 3 0.07947228764849709 0.3671695297960536 0.16463312767216173 0.19874418229997842 0.22332090872227534 0.131026285454366 1.6962380009145663 
0.1171 1 0.0863807479868972 0.38626557335526057 0.1829417618399615 0.21921156683138873 0.2363231606710789 0.14147757662029026 1.7072619173502164 
