0.4728 3 0.056777977150334134 0.24093033756375157 
0.1456 1 0.0857322613810474 0.4397670445942016 
0.0257 1 0.0842562209149072 0.2502423427834271 
0.0189 1 0.059276833893027896 0.29569771393169064 
0.1343 1 0.04154617555383703 0.22303567148059136 
0.3463 2 0.07457431887785979 0.28639623624784855 
0.0308 1 0.046243376582424146 0.20658569793586526 
0.1214 1 0.048258510742542844 0.240078689107392 
0.2219 2 0.039299606633187927 0.25077292469896995 
0.6845 3 0.0716677961961282 0.343092558808844 
0.0867 1 0.02820686367169231 0.16172492561511526 
0.0699 1 0.06003233275077548 0.31751216578776975 
0.0182 1 0.03122327181244146 0.139248760136424 
0.0165 1 0.047272492673806114 0.21332777010280318 
0.2710 2 0.0694800428408291 0.3144342717245961 
0.1248 1 0.07204316399500643 0.352207107719569 
0.1863 1 0.051176370340739664 0.27539655086983594 
0.0848 1 0.04027042424033106 0.19944176651930018 
0.6961 3 0.10428933961644252 0.5160690014875244 
0.1448 1 0.06363899256902772 0.29643910401340545 
0.6588 3 0.1058778756872663 0.5050344325698898 
0.3807 2 0.048548022990244064 0.32027271714547767 
0.3719 2 0.0664759610195007 0.33860116119075434 
0.1676 1 0.06231186835067826 0.2914085324928627 
0.2115 2 0.03034702719921983 0.15532778309655287 
0.4779 3 0.0720190942438343 0.3297923025374542 
0.9535 3 0.06722478765246057 0.30148035691577607 
0.5730 3 0.06428635694521945 0.326388907946388 
0.2256 2 0.04387568090104142 0.2017892859085734 
0.3975 2 0.09351762545361812 0.3976288487919104 
0.1523 1 0.08652323757292849 0.37307115844993916 
0.0599 1 0.04646431957230566 0.2176711683944892 
0.3950 2 0.09047029864016573 0.411889589165361 
0.2162 2 0.04541555337915508 0.23957936114411504 
0.0791 1 0.05695640194161037 0.2759982020115707 
0.0960 1 0.06299294385646105 0.2925276830966566 
0.0614 1 0.046223835273784666 0.19940917334458724 
0.0014 1 0.05454801916270603 0.2439840034816323 
0.2138 2 0.06010688500982942 0.2850007189874719 
0.2730 2 0.08399395632010986 0.2794375076879682 
0.5388 3 0.1117277474822167 0.5215169490468303 
0.4511 3 0.08343532373927709 0.36137010131313063 
0.2022 2 0.037995712034744174 0.21233842601688155 
0.2703 2 0.07324298865470953 0.3265452043882145 
0.0502 1 0.0979900825803364 0.46964694024919573 
0.3752 2 0.08050776689073252 0.40713298045774693 
0.1337 1 0.05865374302045524 0.28363120551156756 
0.1805 1 0.055700265497563246 0.22251824946127954 
0.4134 3 0.11998835769174565 0.44759959085281614 
0.0756 1 0.0511486326023206 0.264699869161605 
0.5196 3 0.07932427512882229 0.4278894268301176 
0.7544 3 0.10820552210934364 0.4671306278960901 
0.3403 2 0.06590389152577085 0.31517093901149795 
0.6734 3 0.09764880794165205 0.4725041654495853 
0.4918 3 0.09860319368757024 0.2322961320553029 
0.2850 2 0.10965351517956687 0.4630795610746077 
0.0155 1 0.06706374661409198 0.2601304371478477 
0.3182 2 0.06342367313839299 0.2855359642730795 
0.2918 2 0.07371739186599076 0.3619192972079378 
0.2664 2 0.08681205906332388 0.38162064817673397 
0.0201 1 0.04390538342980884 0.28231910379164515 
0.0198 1 0.07766954836183404 0.2684066593139369 
0.0572 1 0.04867753568632128 0.271005011256052 
0.0977 1 0.03753446233171256 0.19137026070312485 
0.0475 1 0.04856081023203693 0.2763291179877503 
0.0375 1 0.08033062543833143 0.34595392970831984 
0.2237 2 0.07798367543782808 0.3872983425519652 
0.1982 1 0.0711628585588495 0.33832952928323345 
0.0340 1 0.05818997085892149 0.2953826764906345 
0.2184 2 0.05432840618459967 0.2627850761069891 
0.0001 1 0.033256112265281516 0.1542358429634342 
0.2956 2 0.05851272638103706 0.3055706246667099 
0.3225 2 0.07692111484675172 0.292849535499444 
0.0640 1 0.03817983849802496 0.1901642321577625 
0.0646 1 0.05251772004308242 0.2165684524582959 
0.2151 2 0.053643361253369694 0.24242679130964198 
0.5781 3 0.1192616007734358 0.4913662482332833 
0.4259 3 0.11012932208393723 0.4747266821967962 
0.2475 2 0.039742347978948316 0.20750411486058767 
0.5232 3 0.10060432858910434 0.45842145451685273 
0.2631 2 0.055079319433999345 0.2846087213007059 
0.8946 3 0.11586415899208881 0.4896531491824506 
0.2014 2 0.11467631409439333 0.34025490756593146 
0.3005 2 0.06348898387842994 0.3114812874414892 
0.2646 2 0.05839304528260818 0.3588356477799916 
0.2690 2 0.09018400209630259 0.4080228367745978 
0.1557 1 0.07971089887267119 0.43828958407181123 
0.7274 3 0.10954302378719016 0.4596245263778309 
0.4484 3 0.07186416188184576 0.2971070196392728 
0.2768 2 0.05686864765953346 0.3114969012506218 
0.2245 2 0.0746401341507117 0.3808977719357884 
0.3781 2 0.09473953964260008 0.3946873863263481 
0.3015 2 0.0945801509345359 0.3913954711758779 
0.2436 2 0.0781233875202193 0.32599116113184906 
0.1044 1 0.0520009910293345 0.22335679606015643 
0.1823 1 0.07293381494137278 0.34857996440059114 
0.0081 1 0.06878899959211267 0.28620841662326735 
0.4626 3 0.05657827693059653 0.31930981880476234 
0.1495 1 0.04848336233514143 0.2542070472553216 
0.4114 3 0.05933735993511462 0.31464377289282125 
0.0688 1 0.0566422601921808 0.27936492079183595 
0.1640 1 0.07886852689373149 0.3818641716588658 
0.2463 2 0.10799673690384476 0.40025486096168317 
0.4796 3 0.14040832445590704 0.5509321405764305 
0.4782 3 0.07293165829853916 0.35895232350763323 
0.0308 1 0.022810892569689194 0.1342458670347888 
0.2195 2 0.06272879686985426 0.2548385656563763 
0.1248 1 0.037020498326371894 0.18310458045261807 
0.0844 1 0.06527975551557899 0.30734037681180537 
0.1372 1 0.05137725100236038 0.20621584974097348 
0.0886 1 0.04499573755377776 0.23362001875950938 
0.2307 2 0.04177464989373227 0.22527649191632854 
0.4891 3 0.09438509450064975 0.3583639675703735 
0.1290 1 0.06973184478044604 0.3365925893008424 
0.4545 3 0.06241692587998835 0.25252643742920605 
0.1572 1 0.07539937850613826 0.3454387504101696 
0.3265 2 0.05057185757869656 0.2740110318665642 
0.0898 1 0.052445001292750176 0.22868686657636905 
0.1702 1 0.050210770522027215 0.25891078006502405 
0.5432 3 0.08893267001349556 0.3776212405184607 
0.5258 3 0.08813617344730182 0.43070188942977505 
0.1847 1 0.0870094954777601 0.42842779979785206 
0.6864 3 0.10356409779201477 0.42923350911277625 
0.0547 1 0.05238565142412194 0.2115442936130006 
0.4430 3 0.08816891799494299 0.3842864917326835 
0.0937 1 0.05698815593308652 0.2619182755527284 
0.1900 1 0.07251583006266553 0.32966185395510694 
0.1922 1 0.07007397266778594 0.36909486597900265 
0.3010 2 0.07205237172749918 0.40272117388651313 
0.4350 3 0.07706293033347845 0.39979803191472774 
0.6907 3 0.10850846141257664 0.42099804799232726 
0.3533 2 0.0718863766088614 0.33181716737647227 
0.6129 3 0.05132186985335575 0.26999648250538905 
0.1811 1 0.09657016319993567 0.4507644565858041 
0.5992 3 0.11770177649801955 0.4884852339030834 
0.0675 1 0.08704483001740425 0.39232694768508525 
0.4350 3 0.11134331437205706 0.5017524858775271 
0.2415 2 0.07175449264670952 0.30774676187100275 
0.2846 2 0.09477139602260376 0.4116339158344605 
0.1488 1 0.04159013382265213 0.2397413725834659 
0.3943 2 0.0506868784332224 0.2059854036880766 
0.3587 2 0.08473391332665271 0.3951900342792437 
0.2089 2 0.07961989548913878 0.35152383452130836 
1.0000 3 0.11387425687652354 0.285850550051403 
0.1981 1 0.06952355522460299 0.21986421479811363 
0.5380 3 0.06153047310028082 0.32765430112165495 
0.7475 3 0.0797593686787295 0.4942269375672856 
0.7015 3 0.115592551817207 0.47389979255045817 
0.3988 2 0.034947757246257774 0.22066753031788236 
0.1324 1 0.04785544468433369 0.2318234516734739 
0.0086 1 0.04124148331973344 0.1860410784396281 
0.2447 2 0.0753906752068718 0.3188778329405758 
0.5689 3 0.08429032054631469 0.4958629734619122 
0.2653 2 0.06584179544848297 0.31992785662384915 
0.3572 2 0.06507532468054936 0.31551673768183897 
0.7123 3 0.0934276522136998 0.40174095227898243 
0.3519 2 0.09626881008088892 0.412254475653698 
0.4956 3 0.039953412301540786 0.22394730151008124 
0.7012 3 0.14064254379715155 0.506643241361842 
0.3504 2 0.061192773607672585 0.28997822871286016 
0.0536 1 0.04781436807114155 0.2528594991065497 
0.6471 3 0.08479337798043603 0.4505432705717908 
0.2191 2 0.06327812259551566 0.3207619110236545 
0.3619 2 0.05317274142709144 0.2731782156844603 
0.7290 3 0.08957084895250467 0.3906291505933988 
0.2651 2 0.07054843394596033 0.34055492232683093 
0.1630 1 0.06391427280896364 0.299503380973616 
0.5463 3 0.08246109211731188 0.4405341671509003 
0.5295 3 0.09016353009966611 0.38902297935934227 
0.7481 3 0.12588690327720234 0.5293229090544951 
0.8071 3 0.0668023635898472 0.4050690770245213 
0.2055 2 0.06962583363710617 0.3218731964242587 
0.0295 1 0.07467648118058609 0.3663688267129311 
0.2321 2 0.039060306225510114 0.20600359822910752 
0.1366 1 0.07824825782612077 0.33504264496606584 
0.2539 2 0.04967058816848409 0.2848300372522138 
0.2526 2 0.09119320091173626 0.42577425283341697 
0.2186 2 0.05643396453475601 0.30776371992683327 
0.1045 1 0.10755317237527098 0.4481889800530351 
0.3404 2 0.08147057750346086 0.3884927609222858 
0.7501 3 0.10276639753997814 0.35915942984120236 
0.9484 3 0.09992920345073837 0.3778393693630949 
0.3457 2 0.06041946990403902 0.28445053487470356 
0.7100 3 0.09442163704143457 0.4027278635884997 
0.2073 2 0.05366536167464133 0.25005387173887206 
0.0214 1 0.05948772878898887 0.25515066564379885 
0.4731 3 0.09553739524731153 0.4165876369497884 
0.5763 3 0.06480442252499857 0.314702736102492 
0.0884 1 0.06598790077403267 0.23447814087511293 
0.2813 2 0.046930711275746696 0.2280320904032329 
0.0607 1 0.05725896230951445 0.23332214103727505 
0.2427 2 0.0693099251896854 0.3844017107743829 
0.2753 2 0.08039152551860085 0.3499477041430656 
0.5099 3 0.07246602529411934 0.3329907401343656 
0.4106 3 0.05691167362761917 0.3187453382758091 
0.2239 2 0.10754316858505716 0.46575127832507474 
0.2210 2 0.07856534671156362 0.3790053551572886 
0.5108 3 0.07947228764849709 0.3671695297960536 
0.1171 1 0.0863807479868972 0.38626557335526057 
