0.2619 2 0.026629477695834455 0.11652249055101538 0.11999082892972979 0.15254910812426234 0.07157598412342492 0.03302032995082341 1.1021251384350301 
0.6124 3 0.04178538166326646 0.2547686935930094 0.620680300890165 0.7382114218280077 0.14827703762813793 0.18972137654218368 1.911699294033435 
0.2131 2 0.05458547322046539 0.3326035338916693 0.39440414650095795 0.47211684260332354 0.19359450355606733 0.16790695750605175 1.4378485246528727 
0.1477 1 0.031650728863033266 0.1385122781716292 0.11370989928451918 0.14297353129158072 0.08508150351733124 0.03851389342005705 1.1195113915855524 
0.0197 1 0.04787260363141468 0.19227423228500046 0.3324447884380995 0.44120302049875115 0.12007341795820757 0.1089371089450309 1.6185969521986083 
0.1107 1 0.016372557705660633 0.09268081624177445 0.11784105183668481 0.1639702152929985 0.05452668697371754 0.030579373231985254 1.101249833973503 
0.1956 1 0.041481214755916554 0.23168586946295808 0.31596386300092055 0.3781053136158065 0.13658354210943732 0.10850440617590891 1.4621972193449195 
0.6544 3 0.071949135805554 0.20364809298098754 0.3001944198340949 0.4396243278969103 0.13779861439327076 0.1537615379343165 1.510591928635263 
0.0073 1 0.02166669098488099 0.09170008614891223 0.10241638094957727 0.1292113832659647 0.056683388566896614 0.02383149135949213 1.0631838856147047 
0.1223 1 0.03097549395327688 0.15089806302925107 0.2070355653807828 0.2713013782707146 0.09093677849126397 0.06549953538890857 1.2602953461257895 
0.2279 2 0.022457974769708393 0.1389253396754602 0.14733955022929657 0.20663768135299795 0.0806916572225843 0.046472643586682585 1.1398942273425787 
0.7555 3 0.03925326638079164 0.15293341266641952 0.30094177055095445 0.4029116725004527 0.09609333952360558 0.08706848445064372 1.4060363333963315 
0.7920 3 0.07253243156561298 0.40324879308741873 1.0300371031438764 1.214905421104266 0.23789061232651587 0.4653786127488357 8.645726795101375 
0.1045 1 0.021927984346830746 0.10331475506200785 0.1384956831612892 0.1974102959183351 0.0626213697044193 0.04235875400153723 1.1481823587633357 
0.0535 1 0.021637324835760734 0.13813602968360933 0.11757959261135997 0.18187383342540084 0.07988667725968503 0.048625467073928064 1.1487449579261206 
0.3612 2 0.054662635265628604 0.2279185661182889 0.2704903792807028 0.37732147874460825 0.14129060069195876 0.11681990126476754 1.5783929413641142 
0.7929 3 0.04560132570230489 0.19423042698624918 0.34301391192125563 0.4878697790555376 0.11991587634427703 0.12700073193741984 1.7311056731285233 
0.0175 1 0.015154680722920371 0.07769215617509545 0.16205208131873153 0.20076020186124552 0.04642341844900791 0.026086092908317544 1.090409653389463 
0.0691 1 0.020661466944740487 0.10602491452480448 0.13611416336732574 0.18133400183646148 0.06334319073477249 0.03511459286656646 1.1255051829466323 
0.0417 1 0.040632327745512474 0.2010123852287123 0.12718340855009858 0.16298670768667456 0.12082235648711238 0.05694841157077548 1.149049430622726 
0.2567 2 0.011224235798100416 0.0596042892280191 0.1329107088354836 0.1761558502377613 0.035414262513059756 0.020317695927151096 1.0761818793789153 
0.0181 1 0.007928981104056904 0.04088970535331758 0.05250539627041279 0.08893965527940931 0.024409343228687243 0.013067341387975598 1.025348446628931 
0.3925 2 0.051197624701894234 0.21237003727930043 0.323384937955441 0.4402310924247802 0.13178383099059732 0.12226225322549777 1.5884960919679976 
0.6658 3 0.0497809951590642 0.18821897464041462 0.1386257087938589 0.1652399382541255 0.11899998489973941 0.05364248369247685 1.1692138845594242 
0.2347 2 0.01803345679103042 0.09673953133070126 0.15390267031895324 0.2004749356085659 0.05738649406086584 0.03291968340684381 1.1030942567674658 
0.6258 3 0.03842371295335466 0.17759082040706864 0.3025459265939332 0.36333521788598727 0.10800726668021166 0.0866540963706925 1.5714800281175807 
0.2709 2 0.040202110593526796 0.21047230969702002 0.3712820088653415 0.4803869980451201 0.1253372101452734 0.12173040335780634 1.530310282829547 
0.4325 3 0.06530849612196778 0.21904536670083746 0.19045336548429284 0.29980156550380344 0.1421769314114026 0.11372275227369943 1.328851293155853 
0.3764 2 0.022840955683691055 0.11976779557799928 0.1277936395320824 0.17074397142366693 0.07130437563084517 0.0417683224114882 1.1611738215270266 
0.2227 2 0.026368964931500642 0.151316549876206 0.11483112000286001 0.16003606655027272 0.08884275740385332 0.050393733161691226 1.164080727992377 
0.2336 2 0.02386364448411736 0.10478213547907282 0.18269412531916132 0.2355665885307717 0.06432288998159509 0.04282349282115585 1.1959992194105706 
0.2879 2 0.02913267555365968 0.12932701079640438 0.12964578179819042 0.15639223241964384 0.07922984317503202 0.03823688181270057 1.1235278270852673 
0.4801 3 0.043762472300810214 0.22389663565303947 0.3542162219082492 0.43705929663067716 0.13382955397692484 0.1210713808412558 1.6223785973875993 
0.6958 3 0.07120238427554104 0.290140028921672 0.6937441224131429 0.8820174513854185 0.18067120659860653 0.284260635472194 3.6644445626144204 
0.5568 3 0.023220600874517286 0.10370292154470784 0.1922283297431934 0.22879127327780827 0.06346176120961255 0.03864207404137777 1.1759642816459066 
0.1260 1 0.029513307443553908 0.1600408769493991 0.2390635737487156 0.3241515561649552 0.09477709219647651 0.07134443096235349 1.2901504671803423 
0.3774 2 0.032897405566188614 0.192678158611966 0.2924634912735919 0.3630046989062883 0.1127877820890773 0.09161865588084378 1.3307091673533402 
0.4101 3 0.04239042381475648 0.22124490959033488 0.6453667678869407 0.7937789567955051 0.1318176667025457 0.18507865092071993 1.7303669344671855 
0.2600 2 0.03790047540756667 0.19479673877517684 0.3402783427753734 0.4040869621880427 0.11634860709137175 0.09742266731120673 1.426249292824231 
0.2096 2 0.009602856384402735 0.06379757326804189 0.09693638650771244 0.14489881848139663 0.036700214826222315 0.020650752186777938 1.0662169107078956 
0.3256 2 0.043871340732582746 0.21391378439171174 0.23884888679341046 0.3021553535872526 0.12889256256214723 0.09629111977258525 1.4883437166056164 
0.4199 3 0.03557304189939213 0.1752336287057561 0.22333118366674118 0.28288457107343556 0.10540333530257412 0.07350888384320493 1.3447712298298475 
0.2159 2 0.015664110515048377 0.09167916568408321 0.09736195452947795 0.14822986461482768 0.053671638099565794 0.031215130034374917 1.093256301795919 
0.0472 1 0.014390043481875362 0.07467403513859953 0.12785736562586192 0.16923675965466045 0.04453203931023745 0.023667014867021278 1.0742941554867844 
0.1577 1 0.0180383543494956 0.08660809946695171 0.09678233435753246 0.1254849286571679 0.05232322690822365 0.02307283955389564 1.0616964295411047 
0.0745 1 0.017922771706562268 0.08584407523811426 0.17230678193992183 0.23102702852885346 0.051883423472338264 0.03441112273184182 1.1501993954843117 
0.0442 1 0.027600019704014395 0.14961269827965792 0.14224419971968782 0.1827518555662485 0.08860635899183616 0.04896514214947858 1.1694440537535093 
0.1259 1 0.025905376019965155 0.1286246073043496 0.21289188853443908 0.28423871022944946 0.07726499166215738 0.05488470620717975 1.2270969587236056 
0.2904 2 0.03959416320394517 0.19682966096602753 0.36185021520940575 0.49243273701006396 0.11821191208498635 0.12863969054035218 1.3785106487417105 
0.5096 3 0.07292352181101021 0.24562278221203582 0.3170749077572881 0.4501506467443547 0.159273152011523 0.16582258526401253 1.8892847219993651 
0.6273 3 0.04631700014085608 0.2252277185648773 0.29984543658215573 0.36199668473267216 0.1357723593528667 0.10852147434367426 1.5332888047942972 
0.5280 3 0.04098897208030802 0.19588269481011897 0.26683597057132746 0.3280741697426269 0.1184358334452135 0.08901201209190968 1.4535823930290568 
0.4573 3 0.046788751017383765 0.27174057514851263 0.4673158935156656 0.5663367749166645 0.1592646630829482 0.1651375331104919 1.7306286632975705 
0.1199 1 0.016665306601037974 0.08014730170686829 0.1572409320270205 0.19320441758175086 0.04840630415395313 0.028736324561311803 1.1216403073259955 
0.3705 2 0.045491256945970504 0.15783571399949964 0.2920036697141414 0.4180155962521901 0.10166348547273507 0.09874888894522081 1.4122341417850277 
0.0581 1 0.0859686974048195 0.41246088917211515 1.2668229173013748 1.5383393699920742 0.24921479328846732 0.6002508642944641 9.838853626718196 
0.3256 2 0.04205795255975084 0.2117822826842545 0.20460338606384293 0.26574603540171 0.12692011762200267 0.08666093281284279 1.3932874466980933 
0.2169 2 0.031072966424245944 0.17178957350876417 0.1539021189074729 0.20416102056969335 0.10143126996650506 0.057400936843875226 1.1811385993730472 
0.0507 1 0.03007150174925155 0.1356910414440943 0.20647894887789908 0.2481079555471271 0.08288127159667293 0.05516892271029479 1.268731750366325 
0.1803 1 0.023954687124109832 0.12378182090600538 0.15311222011271008 0.1922868640490969 0.0738682540150576 0.043252616251982116 1.167049684812132 
0.6086 3 0.05730259945264794 0.2866239464026429 0.7276674454255754 0.8637730035259122 0.1719632729276454 0.2631710074882047 3.765019246221083 
0.2958 2 0.01823034931444132 0.1103870583634053 0.13668666477261673 0.1827598528021316 0.06430870383892331 0.03757916526613175 1.1436155265060393 
0.2525 2 0.013217262561131052 0.06325593573797803 0.08525902719400465 0.11404153315562339 0.03823659914955454 0.016498158060922058 1.0448614790986785 
0.4985 3 0.04380317546000764 0.24755739033935892 0.8331645254565735 0.9869864136208639 0.14568028289968327 0.2337882689217716 2.2207033914055607 
0.8442 3 0.05070158803930119 0.20774087317674833 0.5256561697112654 0.6756724726365553 0.12922123060802476 0.15905439474905234 2.046607549660007 
0.5153 3 0.03235897548388144 0.20922275765047674 0.4631544440138983 0.5531069827553405 0.12079086656717909 0.12456788909122554 1.3487523404960922 
0.2026 2 0.03132067032774712 0.1694166028712146 0.20962899288759002 0.27592130871031967 0.10036863659948086 0.06977252049728518 1.2691381972011815 
0.6985 3 0.12672376349258177 0.6718863500619107 0.734175977092388 0.904018608384846 0.3993050567772462 0.6048979363589891 10.248965963817216 
0.4225 3 0.12569223802965768 0.32815856491252665 0.94292273328384 1.2283643840070355 0.22692540147109216 0.5006548630024465 5.422709541060627 
0.4640 3 0.03776191714145399 0.20079010188058474 0.17591669224006568 0.22631651196413538 0.11927600951101937 0.0740077983493817 1.3086697330433543 
0.0555 1 0.012150256651159775 0.05552752937884391 0.0828736810738211 0.1085664202033413 0.03383889301500184 0.013841851037267127 1.0351900629854969 
0.2875 2 0.04799244031673461 0.21656443854755966 0.21092168217391233 0.2989946917925365 0.13227843943214712 0.10291322017024206 1.3761106406582029 
0.3753 2 0.05774158038174794 0.31190383024546875 0.714916482155676 0.8810629618084054 0.18482270531360834 0.2801059378093168 3.5609458032617702 
0.3832 2 0.027753485125054836 0.14580901361059756 0.13053946210909947 0.16653011129996287 0.08678124936782619 0.04275838161118068 1.124973701567147 
0.2238 2 0.02175325946549361 0.11940221624609726 0.17417824242536586 0.21575716148679627 0.07057773785579544 0.03977734267650545 1.1293057544035612 
0.0079 1 0.007211173826374146 0.03562231063082455 0.06462646067400975 0.08568815336558165 0.021416742228599347 0.008993975384719402 1.0226503188977574 
0.4243 3 0.03437293170804624 0.1735521807087041 0.27549961602244344 0.33376663447582566 0.10396255620837516 0.082349005535165 1.3617570180128529 
0.0167 1 0.01899475586697833 0.0739037889342731 0.07156371269837919 0.09271957722390865 0.04644927240062571 0.01593308658998539 1.0340906567481636 
0.4773 3 0.01969005613529572 0.0964690523624914 0.16634917522905937 0.20746407078941784 0.05807955424889356 0.034919908580111514 1.1381395547643929 
0.2627 2 0.044972971255330486 0.2436254352229567 0.38096641240269014 0.48197880578779856 0.1442992032391436 0.13857283228715886 1.68136622881982 
0.0668 1 0.05337583221515447 0.14040202485451808 0.13627739034753195 0.22449315295504718 0.09688892853483627 0.06939606818139882 1.2081205898770635 
0.5962 3 0.0325846003513402 0.17694246924518925 0.24710277221168966 0.3110446791212832 0.10476353479826472 0.07650024739857587 1.306916866570458 
0.0412 1 0.02285385086493804 0.1139599643400051 0.18829816871388969 0.2359005440802164 0.06840690760247158 0.041526358614449706 1.1570984580342993 
0.1631 1 0.05435405089001959 0.2910278391132393 0.3214590011406163 0.39709009194946593 0.17269094500162946 0.14108146004914665 1.707590464662934 
0.3080 2 0.026915355950658637 0.13247963014484088 0.1667444305181833 0.20166077449777872 0.07969749304774976 0.044243506091480575 1.160633596481737 
0.0453 1 0.022290807658243546 0.11277508168808761 0.1378719475129221 0.17847918735354415 0.06753294467316558 0.03658781244969974 1.1270410525022898 
0.3063 2 0.023400374865760565 0.10849202432713753 0.0930095126936289 0.11845999991638408 0.06594619959644905 0.02854677662111253 1.0807444709707912 
0.1448 1 0.020622431670612482 0.10234987976144491 0.14967437353743207 0.1894468415229931 0.061486155716028695 0.033323790834954826 1.1160881914600926 
0.0137 1 0.00897532310897978 0.04407226548300519 0.07731091216787538 0.10151476445580293 0.026523794295992484 0.011286534692792996 1.0304799269825264 
0.3864 2 0.06095430383854748 0.2465581923292226 0.38189926268471464 0.509858887675925 0.15375624808388505 0.15801986618482894 1.972157705528058 
0.2777 2 0.009810413442086757 0.039474026133276344 0.08642660774095999 0.10242985199840561 0.024642219787681552 0.01016469764822856 1.0281023271873235 
0.4473 3 0.02424822229897949 0.1048658813356443 0.14328460117823866 0.1724950792111771 0.06455705181731189 0.02809886083475704 1.0632885694138439 
0.2409 2 0.05735495622896783 0.2134826256208687 0.2926548506668991 0.4138769722554294 0.13541879092491826 0.11843157020169201 1.6706616364691198 
0.0159 1 0.01069301092647332 0.05215901391629614 0.08269542983049595 0.10988405524424011 0.03142601242138473 0.014203664045336352 1.0402026084083027 
0.1909 1 0.011954809944711558 0.053883958054436784 0.065763157148517 0.095669952096194 0.03291938399957417 0.013179181842217431 1.0309075813261015 
0.5228 3 0.08104312445249505 0.37949353835365496 0.6721629155002803 0.8301087531570168 0.230268331403075 0.32815145447093425 4.642010217982014 
0.1299 1 0.017673071928247144 0.09437595276228686 0.17787999037986219 0.23222187330604543 0.056024512345267 0.03480558025156799 1.1356453770404258 
0.3947 2 0.03307838271055421 0.1732711358026387 0.2045370821173623 0.26424578656297437 0.10317475925659646 0.06949020575092818 1.2952351837134728 
0.2280 2 0.04064786055833385 0.1941050363921069 0.2661060568488486 0.32710729565242896 0.11737644847522039 0.08790596583416653 1.4788747433984624 
0.5097 3 0.04426247001517951 0.20949010450766076 0.3104722811495849 0.3601750904659622 0.12687628726142014 0.09699413008752454 1.478866431264473 
0.0422 1 0.013695491762062506 0.06199042375237229 0.08881075918436654 0.10891468379514542 0.037842957757217396 0.016857919538840173 1.048739422516203 
0.3810 2 0.03923467028359332 0.21687278854524075 0.2141695950065429 0.29282625892909897 0.12805372941441703 0.09523742163783208 1.3651252755429797 
0.9102 3 0.07222443581322795 0.3520249842732289 0.8961737694800421 1.046620534373727 0.21212471004322844 0.36636273096321853 5.718202473354297 
0.1867 1 0.051271067614478895 0.14285105268763348 0.04411154909055328 0.05191116056610082 0.09706106015105619 0.02192760852006104 1.0303792548773054 
0.2887 2 0.06033557005290342 0.27706249789432286 0.6285655675970423 0.8056793296222658 0.16869903397361313 0.23515475518109827 2.228986882660308 
0.3905 2 0.07303173910418626 0.29339414679091896 0.3577670223129814 0.4925643604353749 0.1832129429475526 0.18673087955831064 2.082291819784859 
0.4293 3 0.04846096031809543 0.24024409959145787 0.4159034376150499 0.5171851856984512 0.14435252995477665 0.1577171640201955 2.1846298936107296 
0.2733 2 0.04245554121889875 0.19867188635504845 0.32582314084485137 0.38151921935586836 0.1205637137869736 0.10032703054562588 1.5610608038797507 
0.2225 2 0.043541314877155485 0.23190095339041705 0.20755950280258217 0.24528322306831418 0.13772113413378628 0.07969367427981561 1.2288971182388304 
0.9015 3 0.0595110720668389 0.31806552861645065 0.6416633500590103 0.7425278346114345 0.1887883003416448 0.23916279929773676 3.658466183560744 
0.4468 3 0.04851135771681914 0.1748789216035411 0.3747614009120636 0.5030413138976881 0.11169513966018012 0.12159453834034038 1.7171209457597798 
0.1498 1 0.01825515991543159 0.10514141104652733 0.10082375359029712 0.13986543931707293 0.061698285480979456 0.03377290233350905 1.1104266098776272 
0.4099 3 0.012666161222828584 0.06534705017571049 0.10238551577254291 0.13237935752420124 0.03900660569926954 0.02039804534981857 1.0722336905053167 
0.2541 2 0.032552415530405554 0.170919635578528 0.13862575056380116 0.175262338637514 0.10173602555446677 0.053228534351580994 1.1788620209442096 
0.6509 3 0.061922797371423074 0.3260218752834578 0.3493767836553236 0.4176392697209586 0.19397233632744043 0.16520693111276177 1.946238675876685 
0.3326 2 0.030423751976685096 0.1746405634675747 0.28581507990196 0.3547280598190219 0.1025321577221299 0.07610735886069975 1.2914326774830565 
0.3015 2 0.008843746110273516 0.03855589740159181 0.0795133581221128 0.09846231470953043 0.02369982175593266 0.010202135040575865 1.027872099849963 
0.4787 3 0.028661344543580474 0.1798960065678075 0.5274915461162607 0.6613018669754669 0.10427867555569398 0.1256956447927098 1.2996532127810512 
0.1604 1 0.02041556016322737 0.09546859989620027 0.17128688576531506 0.20760399873253624 0.05794208002971382 0.036391306869804574 1.1542389174205236 
0.4580 3 0.03204831706538679 0.19511982092313976 0.158966752730782 0.21502740015628882 0.11358406899426328 0.0678026434554074 1.2139098843710951 
0.0078 1 0.02060778309020147 0.08069354599948615 0.07879416139681068 0.09688870375686014 0.05065066454484381 0.019939332368603187 1.0505534687634113 
0.5002 3 0.020876885837847407 0.10684297607531401 0.15825136711429214 0.20736785764536436 0.06385993095658071 0.041663256869310245 1.1467975194043996 
0.5685 3 0.06589353492314023 0.30451112972194005 0.24088587396744535 0.30408888349884583 0.18520233232254013 0.13995367175697637 1.8939824085621666 
0.1951 1 0.014211081290425287 0.06901263189066444 0.10031428651558812 0.133061717588136 0.04161185659054486 0.019340846249894652 1.0575805641637306 
0.4743 3 0.028070976726592194 0.15272178070382514 0.17527056369764327 0.21391117731562026 0.09039637871520867 0.04741615226117445 1.105893569505579 
0.1796 1 0.018009204622032732 0.0875958578306211 0.19009246716307507 0.23937810147746313 0.052802531226326915 0.034689255930209696 1.146245160232352 
0.2291 2 0.08184755351279077 0.4249506408258221 0.7461391260313793 0.9295346818662542 0.2533990971693064 0.39810814357780544 4.943476918874826 
0.2484 2 0.01577848258183953 0.07827494467311973 0.15221047754180442 0.18563358307486819 0.04702671362747963 0.02475198792964224 1.0830695979010214 
0.1746 1 0.11583228212439975 0.5236939829265694 1.055310082011426 1.3017655863883155 0.3197631325254846 0.6345685007590496 16.49161055637513 
0.4914 3 0.07374774657864397 0.3394944028122611 0.8022190985619149 0.9322799401560088 0.20662107469545254 0.31904936301164716 4.869069271507276 
0.5479 3 0.024150815735155092 0.11480895740886314 0.13770818381582964 0.16837855424923176 0.06947988657200911 0.03100584431946391 1.0711392552071723 
0.0131 1 0.015285372341367695 0.06194279092098328 0.08012648887253773 0.10155422029039657 0.03861408163117549 0.014861126410856533 1.0366538477545169 
0.0112 1 0.04591955643202653 0.14474403237642977 0.20566247684098363 0.30334198129994716 0.09533179440422815 0.07625487682237926 1.2904855981588053 
0.4021 3 0.016760620345995843 0.06742563242315498 0.06166136921828915 0.07786996879522778 0.042093126384575415 0.015756856230927502 1.0366869791985016 
0.1538 1 0.0641722428936299 0.21620663165385795 0.4440973935583261 0.5928632569280251 0.14018943727374392 0.17023636960014865 2.0751426458094575 
0.2443 2 0.020107906929051143 0.09380195830771032 0.16146203678652352 0.20444015831399337 0.056954932618380735 0.032500829110262454 1.1226919920430956 
0.0233 1 0.026101362127833795 0.1401280420677045 0.13602394869949233 0.17797146653663168 0.08311470209776914 0.046830042506248226 1.1791675520758962 
0.2357 2 0.013472754390045028 0.047204013628410216 0.05647454460550482 0.07610087966979777 0.03033838400922762 0.009337160526287353 1.0178655381707793 
0.0917 1 0.01569384605245309 0.07955465042933019 0.15375963494164185 0.19899266748146535 0.04762424824089164 0.029522022729491563 1.1057804724951141 
0.1291 1 0.026671496139533762 0.11449463548451673 0.2086194876665534 0.27351979064391996 0.07058306581202525 0.05166834993223457 1.235118884516835 
0.6345 3 0.06769858076130646 0.2689891869537179 0.5986501566779968 0.7855163119793974 0.16834388385751217 0.23327096527414196 2.9482570336395004 
0.0565 1 0.04147964771186197 0.15121321375867353 0.26977725730006924 0.37485489835380903 0.09634643073526775 0.08053439821953075 1.4195984249616584 
0.0955 1 0.01933199486736652 0.10634251956367453 0.18673407394708466 0.22424837642915896 0.06283725721552053 0.038317540410351916 1.1469650849356103 
0.8143 3 0.08656768393232837 0.33824139287862237 0.7371310149625728 0.9955518747047373 0.21240453840547538 0.37479626021425844 4.675131350207563 
0.0754 1 0.04089213876729507 0.2183094461464316 0.2568545187004755 0.31299853279663215 0.12960079245686335 0.09051404682127805 1.3449040912273051 
0.2474 2 0.011564303030612715 0.06315017135165404 0.11267158400278839 0.1468103160674816 0.03735723719113338 0.018959980703370665 1.0646084421973963 
0.8334 3 0.053594708790117046 0.22258433592085108 0.44443681923998807 0.6058549963664079 0.13808952235548405 0.15920640636280123 1.71367444794899 
0.0155 1 0.01726700156015604 0.09641887222141403 0.12795894370320698 0.17113794798002757 0.05684293689078503 0.03266600399480609 1.1086169556572383 
0.1344 1 0.03097963549717529 0.17517109785262952 0.2602330538889235 0.3401700401680557 0.1030753666749024 0.08001156220590969 1.2995539711816422 
0.6003 3 0.03878324468127871 0.15373277322194007 0.11873404113965337 0.13513237920527962 0.09625800895160938 0.04341671761400889 1.1387871127499685 
0.7768 3 0.06901264791073253 0.29867542835458327 0.46484876233492506 0.5804225082815457 0.1838440381326579 0.20475610737481573 2.7667237384236336 
0.2965 2 0.02980807319504038 0.138107804714989 0.08089689081713423 0.10588995242113661 0.0839579389550147 0.03480631515827732 1.0925287239224033 
0.3121 2 0.034925115013452496 0.17377628141641235 0.21927898378264518 0.2621490088290892 0.10435069821493242 0.06920479503005099 1.3010951534938444 
0.7394 3 0.08023519708526428 0.33653879051542906 0.6035291598372954 0.8011156809874005 0.20838699380034667 0.29552059596412855 2.958010198559711 
0.5506 3 0.022525929791468304 0.08722608651614208 0.08099220494834543 0.09943078220698395 0.054876008153805195 0.020062372440692828 1.0488424062001758 
0.6981 3 0.06236176287295666 0.19113938691158805 0.3146376802780114 0.4400033843677119 0.12675057489227234 0.12515942207260838 1.578836804404162 
0.4953 3 0.05744049897538225 0.31278055124172244 0.31462580151459096 0.4028380074817709 0.18511052510855233 0.1581338511881205 1.736623302563541 
0.0763 1 0.021855740993922686 0.12053749303270526 0.1250202130754699 0.16474219878515534 0.07119661701331398 0.04013679233248892 1.144666908828135 
0.3370 2 0.03543490690263719 0.17535039624935042 0.19500370081177362 0.2652185028567236 0.10539265157599381 0.07304448543893673 1.3206482156180115 
0.0909 1 0.013108418700997082 0.04977252339943624 0.0769016239965767 0.09354822684834373 0.03144047105021666 0.012982695660207285 1.0344728841158923 
0.3046 2 0.0581554260081166 0.23145887496621825 0.09004684575833076 0.11500650741760067 0.1448071504871674 0.05157257619643914 1.1084594501050768 
0.6690 3 0.054589308859309404 0.2778020778223243 0.267847313678106 0.3300342785939598 0.16619569334081685 0.1152430064481928 1.4001008585318273 
0.4788 3 0.016732518995160883 0.08936560850627245 0.13616672556068507 0.1759405910661258 0.05304906375071667 0.02970020392397553 1.0992698431553747 
0.7991 3 0.14673290067270234 0.4985065450948391 0.7653187803971565 0.965474824480778 0.3226197228837707 0.5597509893945332 11.336384760819126 
0.1147 1 0.024115011508275122 0.1018586450002803 0.12621670679038766 0.1523408543350342 0.0629868282542777 0.028913553234548472 1.0860841631439526 
0.3854 2 0.01737093180734376 0.12499749466872541 0.11869858059229108 0.16744669871405224 0.07118421323803459 0.039137136337822245 1.120017659957126 
0.3626 2 0.011613223140734978 0.048847967799571144 0.048466427746598 0.06091732038589724 0.03023059547015306 0.010501141384606305 1.020917358752052 
0.2242 2 0.047238303310228276 0.24892729279488796 0.20429240853243658 0.24317084257819804 0.1480827980525581 0.08051835900393652 1.1876138810217536 
0.5831 3 0.05258584621415354 0.2627528940216455 0.25260557247399834 0.32773746969616185 0.1576693701178995 0.1169465147854514 1.626213730930652 
0.2057 2 0.016176031191922353 0.08113730599403152 0.10888674459167723 0.14367450179218774 0.04865666859297693 0.02232162058277302 1.0655998285589583 
0.4089 3 0.06471018364750934 0.3383492332888805 0.39629306149119914 0.49180344765942086 0.20152970846819493 0.20739177444375895 2.249501943059665 
0.0962 1 0.015736973456148884 0.07376657555733565 0.14339663952158765 0.17588871381232246 0.04475177450674227 0.025504871026954895 1.1035709895332098 
0.5045 3 0.10247341263357072 0.40128671662852333 0.4943050562838574 0.6722761750981883 0.251880064631047 0.31542086160015453 3.4175799691715514 
0.3532 2 0.061977296883682684 0.31737963082467147 0.49032541780812866 0.5790414697894266 0.18967846385417708 0.1984649703266805 2.690369701200199 
0.0915 1 0.05073947401200306 0.1901119039352718 0.2345199264238642 0.3382661957666461 0.12042568897363742 0.0957018094123164 1.4493441799487972 
0.3463 2 0.030730711921144047 0.16371886669134833 0.31527442339339945 0.4005868664015088 0.09722478930624619 0.0832992650507842 1.2982652306773625 
0.0278 1 0.008734843326638842 0.05461932218883062 0.0727490060818733 0.10256360507960863 0.03167708275773473 0.015119733767541494 1.0434995791602557 
0.3729 2 0.030667919394466645 0.12562154767305128 0.10755835157344416 0.12730885446981996 0.07814473353375896 0.030494973738518814 1.0732493329900032 
0.3351 2 0.021253122586019687 0.08151680650743266 0.08513514139867465 0.10153082650987175 0.051384964546726176 0.017101579303508616 1.0326469528519064 
0.5962 3 0.0231745288952291 0.10600392325494079 0.1440029728957082 0.20280607997703134 0.06458922607508494 0.042424917809024965 1.1623962575716775 
0.0944 1 0.022414789386315713 0.089558087452671 0.0596960234317604 0.07249220619111557 0.055986438419493356 0.021286611824548565 1.049372927149472 
0.4604 3 0.028520884157585497 0.16108772314813682 0.17895060131707366 0.23537728602069488 0.09480430365286116 0.058478667970055624 1.207112769469931 
0.6284 3 0.0509572735098936 0.22031099406776802 0.29365448733144145 0.3753995384334088 0.13563413378883082 0.1130696940609963 1.665353494676191 
0.8672 3 0.0684720050141025 0.37987087849766027 2.042790111745874 2.247587005923495 0.22417144175588138 0.7900845351061095 61.205487496683574 
0.7566 3 0.05704028368513133 0.26798413626990814 0.7473012333593565 0.8880955023164003 0.16251220997751972 0.2577231223591318 4.278028033469617 
0.1886 1 0.06979326067272547 0.16537812847900174 0.20340586239211836 0.33396395311668176 0.1175856945758636 0.10182592888495706 1.3833129112857614 
0.3989 2 0.031061853032997334 0.17775239696264886 0.31385323848944746 0.4036950596736643 0.10440712499782309 0.0948379633042973 1.3034129134263814 
0.2501 2 0.02348479845736349 0.12391652258690589 0.13273071273295114 0.16888957676385283 0.07370066052213468 0.04014024457172886 1.1399690493345194 
0.1398 1 0.007879428236990296 0.03594122088618383 0.07591647079794314 0.09577168932565142 0.021910324561587063 0.009181288192460425 1.0241940885880962 
0.3484 2 0.024670773703480652 0.1259786407475072 0.17858564239683378 0.22429607456843723 0.07532470722549392 0.04407368065690378 1.1503040341965463 
0.6734 3 0.058138372483690914 0.3546354777512898 0.20119504003737812 0.26226684951344886 0.20638692511749035 0.1307286722161739 1.4118112963336626 
0.1667 1 0.03756185841580375 0.18396406661086984 0.1541741180660546 0.19290604428932695 0.1107629625133368 0.057167123233962655 1.1766710490347365 
0.4779 3 0.03839287691205421 0.19562402382686525 0.17649546981736308 0.2145283268524306 0.11700845036945973 0.06195752597098976 1.1965602101688286 
0.2707 2 0.027426555133088632 0.14633470038923602 0.21713956073530066 0.27864163017813887 0.08688062776116233 0.058357141961343735 1.223553546927909 
0.6194 3 0.03999702631841272 0.17476270555093376 0.33082261218980114 0.38145430837701405 0.10737986593467325 0.08613380474641688 1.4999523936032657 
0.2750 2 0.030178102402380707 0.12613145299149633 0.19530203569369023 0.24290820806654537 0.07815477769693852 0.045476135063661854 1.179141055849912 
0.3570 2 0.04504047836236617 0.19860898666488908 0.4411396474177902 0.5535622174705852 0.12182473251362762 0.12906211878216775 1.7947908890514312 
0.5911 3 0.012558695901108982 0.06290490830542003 0.15786372515995797 0.19395454123505937 0.03773180210326451 0.02247880828917359 1.0932287553725102 
0.6171 3 0.039312716882187106 0.19196575501085925 0.36434826095219647 0.4469560095584742 0.11563923594652317 0.10574749303982489 1.5153985891659816 
0.3639 2 0.024933180493897464 0.11100377585865906 0.1897900774820467 0.22465696147991246 0.06796847817627827 0.0405682553714935 1.1739038090344736 
0.2542 2 0.020719762162211122 0.09795713433163675 0.14044251188649903 0.17342631894443425 0.059338448246923935 0.030365149812649754 1.1038797277004786 
0.1077 1 0.037868442341460216 0.17482068718129454 0.09713770388417368 0.12328324201466334 0.10634456476137738 0.05001726932864306 1.1552526858099035 
0.6713 3 0.047915144338397976 0.23987822156693714 0.23541993390934995 0.2834841414363588 0.14389668295266755 0.08687140978585214 1.252158716333246 
0.3361 2 0.014099202712139939 0.06788865753396979 0.11567971662142364 0.14787500344281668 0.04099393012305486 0.019995422929930524 1.0629654366377226 
0.5310 3 0.03780785100793966 0.15518252744792374 0.3117304799358724 0.40475772576810976 0.0964951892279317 0.08463208124764879 1.4374955090334198 
0.5934 3 0.021698618282489656 0.10660126570763273 0.23570243443187644 0.28607425952574295 0.06414994199506119 0.046348119712462194 1.2121893933494723 
0.4983 3 0.029024735592657856 0.1337669951558469 0.1778438928169775 0.25590164939252297 0.08139586537425238 0.057324028643327196 1.2209707131403353 
0.2928 2 0.02682345096920409 0.1369355138976017 0.22403367746202282 0.27901632832592005 0.0818794824334029 0.05691011536947324 1.2408854541926915 
0.3202 2 0.025191524186934232 0.14696200955571212 0.15406201184530086 0.2116567826720376 0.08607676687132318 0.0522162435546942 1.1719022946864806 
0.6709 3 0.032483138383530806 0.16468954013576775 0.2643164561835371 0.31523795511702146 0.09858633925964928 0.0726638301290801 1.3092812851210534 
0.7441 3 0.04094461254234483 0.19947137621895572 0.5935292005167533 0.683674272881881 0.12020799438065027 0.14800938813057266 2.284481426970643 
0.7578 3 0.03697668171628401 0.22433248772881081 0.6895045918480008 0.8047904456318546 0.1306545847225474 0.17174528245295706 1.9247058963708708 
0.8635 3 0.06988290123898541 0.32060950515485437 0.7058840243434934 0.8057295095207674 0.19524620319691988 0.27229289495456377 5.287224211034564 
0.8376 3 0.017471324693849 0.09172599298592214 0.15635577756252847 0.20476231140018222 0.05459865883988557 0.03340241358273454 1.1368295588690867 
0.1754 1 0.03493193900869448 0.18278599238764287 0.21384371216296078 0.2687796749195596 0.10885896569816868 0.07263476017147286 1.3019535908459252 
0.0162 1 0.022071925315094703 0.09444638115252149 0.11951877425376357 0.14376872705176474 0.0582591532338081 0.029370565991003454 1.1042609351067583 
0.3274 2 0.04068335877793681 0.17714541447673393 0.2926212765608707 0.3882900379312765 0.10891438662733537 0.0942798064930259 1.4594075113820528 
0.2966 2 0.0132376854801545 0.061079008316555064 0.12635766790759398 0.15445715109042765 0.03715834689835478 0.018960395366091523 1.0665615713154888 
0.1058 1 0.018396767957215097 0.09348280820572244 0.1043778422403746 0.13498093081013315 0.055939788081468766 0.025795763605831537 1.0774726734259963 
0.3091 2 0.028621937136121864 0.1490075839567752 0.1621656585734089 0.1959681011547825 0.08881476054644855 0.051184583988205835 1.2156820414137082 
0.4564 3 0.022475191040936194 0.09253124988146184 0.13846803700981716 0.16195059781424545 0.05750322046119902 0.02704344655858293 1.0917917950647755 
0.1477 1 0.03109583119569366 0.138768296307897 0.15966758623962582 0.1881774168632166 0.08493206375179532 0.044493540051641405 1.1583777738647185 
0.4682 3 0.02298991769606062 0.09841246511634105 0.09908396120446042 0.12415238534859682 0.06070119140620084 0.021500131885486645 1.0379281341728317 
0.2496 2 0.04186484302000717 0.18091817893131473 0.23040562867600037 0.27326376027135724 0.11139151097566095 0.07040490975780923 1.3033310933594775 
0.3259 2 0.045848613633623726 0.2598096413975509 0.2809487908751789 0.3467211529081519 0.15282912751558733 0.11277592890930127 1.417691412907162 
0.9046 3 0.061274343106944504 0.27409939085939 0.48784314985363003 0.6390735826548164 0.16768686698316726 0.20766887524461494 3.0308762617308638 
0.4488 3 0.02782682204966031 0.14415501711968845 0.200153444989731 0.28074900267418756 0.08599091958467438 0.06207515060068566 1.2472721363285753 
0.7750 3 0.06495419907239834 0.31328054750646583 0.6313155955484625 0.8221268501056379 0.1891173732894321 0.29073761374277995 4.399919051085531 
0.3117 2 0.01921968999409708 0.09936691281595687 0.161933401232467 0.20458160515555002 0.05929330140502698 0.032770421206568305 1.1135504797628182 
0.6362 3 0.026034228631324555 0.12158211822056093 0.2290316021137003 0.2896434395961442 0.07380817342594274 0.05230452938092867 1.2500150525034799 
0.3779 2 0.038536362079282675 0.19180097784227684 0.22133385382937398 0.2850924013787677 0.11516866996077976 0.08102379248676439 1.3762169661969195 
0.3139 2 0.03216572754744527 0.13781592583795427 0.11418272502393251 0.14016960009954774 0.08499082669269976 0.03787685938309702 1.1152167410862024 
0.0231 1 0.007865563599470105 0.03887507721027757 0.08815195476130276 0.11808154590253989 0.023370320404873836 0.010865017106603874 1.0312157568509663 
0.3276 2 0.0366630721181607 0.18459406312337445 0.2572865958097096 0.3096927601901808 0.11062856762076757 0.07948100754202518 1.3731680613379755 
0.5869 3 0.03668099195428119 0.16604073237054737 0.2358565038242943 0.27776469436531565 0.10136086216241427 0.0680545100263786 1.3508265050998796 
0.2116 2 0.009924044026783941 0.04244475700333828 0.05932800432089269 0.07318963897096264 0.026184400515061112 0.010735488980009852 1.0256814237544434 
0.1433 1 0.012234372543972746 0.061883735077155756 0.16369046405033716 0.2064210443272236 0.03705905381056425 0.022439990307521862 1.0903897885866396 
0.0166 1 0.020907991785017444 0.09724879971064859 0.1855190619035809 0.2196672304144593 0.05907839574783302 0.03538825142695209 1.1411852917030576 
0.0044 1 0.01791513932248203 0.07301891333029933 0.07828075753197818 0.0993769415170116 0.045467026326390686 0.017394471831350306 1.0432824267536818 
0.2887 2 0.01550078096465239 0.08163092790652504 0.14245731901510886 0.18748978495605528 0.048565854435588716 0.02641019904963183 1.087059400674364 
0.3772 2 0.03817063523905856 0.2136612681815065 0.2999100447920852 0.3854039639684729 0.12591595171028253 0.10323146842733573 1.4276632401296914 
0.1528 1 0.012170655431408647 0.05339619057575488 0.0896693449493357 0.11395446268050856 0.032783423003581766 0.013965593658953298 1.0392745776308903 
0.5566 3 0.050938024512100166 0.24687404456247236 0.4902306429526805 0.634824056553839 0.14890603453728626 0.1795777046817191 1.8396916112117092 
0.4049 3 0.03532070106642136 0.16029402529066344 0.20063786694620625 0.24276824534265418 0.0978073631785424 0.06350955016443502 1.3066022297263924 
0.3286 2 0.056876070181916566 0.2479129600860285 0.44782867135176346 0.5522391012954203 0.15239451513397254 0.16283713234518324 2.1670021806605857 
0.1577 1 0.03086421489754865 0.16795063132106253 0.1557053415585295 0.19081574773942267 0.09940742310930559 0.05618015185368872 1.2154334579195774 
0.1027 1 0.021231006239594476 0.09492754622493513 0.16578089177729327 0.19805523185624724 0.058079276232264804 0.02852172682063766 1.0811392477247947 
0.3597 2 0.03485539655984573 0.16378213449363024 0.1514696025528572 0.18172112363195253 0.09931876552673799 0.052940127543309415 1.197056833415848 
0.1615 1 0.013240532916514777 0.054924421682206126 0.06595017595307254 0.08641586888236884 0.03408247729936045 0.012899039888906023 1.0306442674606415 
