0.0728 1 0.050252446971581086 0.18984003811726824 
0.6937 3 0.07867168998095608 0.422169898501246 
0.2621 2 0.12061645265845226 0.3819764245464451 
0.1166 1 0.0740000444807895 0.21962223942793346 
0.0031 1 0.02406895269879971 0.17908008853042928 
0.0996 1 0.03665954798181472 0.20870875064121144 
0.2602 2 0.055592311176040875 0.23091404594437243 
0.6923 3 0.08461166019483406 0.4031120098213446 
0.0045 1 0.05615149483125394 0.24718863436817345 
0.0985 1 0.04738695309736648 0.2596361952664655 
0.6036 3 0.07554969556253632 0.2882128399862437 
0.2518 2 0.05872760499999368 0.6241631991608053 
0.5800 3 0.11703882879581849 0.4532569880057407 
0.0005 1 0.03818748027526858 0.23341822942983556 
0.0208 1 0.03723726049032687 0.22196449176655472 
0.5597 3 0.08025294544335498 0.3676303297412675 
0.5195 3 0.05442770501496456 0.326235178165568 
0.0222 1 0.024728584884969294 0.14906980416869198 
0.0933 1 0.037922627934571004 0.15733100928147803 
0.1132 1 0.0876068621328038 0.2886332096699508 
0.2782 2 0.04717861451525563 0.2070783767115786 
0.0128 1 0.035453149892139296 0.18346738610448837 
0.1484 1 0.048652518670362535 0.2832088956943242 
0.4496 3 0.06402407336088693 0.2689121420021944 
0.0807 1 0.03954508544436859 0.2324786022643656 
0.6163 3 0.06860426813911204 0.3172348035250785 
0.1306 1 0.049990370060349426 0.27178589392102603 
0.5520 3 0.06373198502781899 0.3484600220173334 
0.2780 2 0.0436247377297396 0.2039537597574633 
0.0779 1 0.05632914279825381 0.2200832796989043 
0.1827 1 0.0323884112012407 0.20812398102590027 
0.1456 1 0.05133170294257963 0.21981787284893944 
0.3928 2 0.08528716196633435 0.32861341904595365 
0.3611 2 0.02923915180902729 0.3144421257293481 
0.3676 2 0.09084510103800635 0.3690971413970053 
0.0854 1 0.03124452841781304 0.19110908762552858 
0.2978 2 0.09090814742040598 0.43731444056568797 
0.5455 3 0.08908869600304195 0.37235839069815696 
0.4135 3 0.044976919258288256 0.281967089273947 
0.1564 1 0.03277897684398347 0.19515268040860773 
0.4881 3 0.043843303252023395 0.18052755144582422 
0.1532 1 0.05623806628642485 0.31194835532825205 
0.0159 1 0.033503432324592616 0.17306434018124908 
0.2092 2 0.030553542855289783 0.16081708898576186 
0.1477 1 0.05443267806108999 0.20989051275794957 
0.0221 1 0.06378353098911581 0.24439960883690492 
0.0614 1 0.06557608638645399 0.25176846833519406 
0.8100 3 0.08447160750317895 0.6261387860495409 
0.1028 1 0.08803396635916513 0.5699468337114962 
0.2154 2 0.042110192732909495 0.23190277791119693 
0.3983 2 0.05509676888971061 0.28812466882741355 
0.0702 1 0.0570836115537049 0.2627857114038644 
0.2961 2 0.05879261791789509 0.31577791119675547 
0.1085 1 0.03356839626090587 0.18733019852103464 
0.1556 1 0.07426161257549467 0.33762675624737043 
0.0368 1 0.10192584944519137 0.4695034841565498 
0.3782 2 0.04641691727420993 0.2245089193254936 
0.1623 1 0.06731136123859129 0.30585277781513537 
0.0183 1 0.028069766153012068 0.17089020343939193 
0.5104 3 0.06281718901818217 0.2936021241155123 
0.4513 3 0.056645113527064014 0.3696815882451263 
0.1278 1 0.04790293293961566 0.2388398594425738 
0.2007 2 0.047392831339338075 0.259768650852355 
0.5246 3 0.07663952866909907 0.6922830015043256 
0.7658 3 0.060632510877283954 0.35463974378432966 
0.4321 3 0.05955286916163811 0.2816672001291069 
0.0561 1 0.07997682085750962 0.43912794837261887 
0.5607 3 0.1138628040483269 0.5126423240006226 
0.3193 2 0.11190820452957641 0.5553430016195997 
0.1283 1 0.049819506119547156 0.16589061458331358 
0.0028 1 0.022016557652009994 0.15658051600483391 
0.2457 2 0.044233927694025794 0.21420037310350287 
0.3687 2 0.042451047486263174 0.31818684954245824 
0.2354 2 0.05736923088443955 0.2522613127018495 
0.2021 2 0.09132425488443591 0.2960580058751311 
0.0097 1 0.022575939380641123 0.1935927696306812 
0.3700 2 0.0839295088762119 0.2783238834272489 
0.0082 1 0.06726594856776077 0.22528122436354364 
0.3282 2 0.04959868350142158 0.25911360252373217 
0.2286 2 0.043387655027139344 0.2596051366092926 
0.0792 1 0.04545588729148112 0.21715388310063966 
0.6083 3 0.07550950032739454 0.31370741154161685 
0.0183 1 0.06464442424276795 0.2731089704302986 
0.2345 2 0.06934112253910285 0.29605746985104703 
0.3746 2 0.04720598974787642 0.27739421017139304 
0.0417 1 0.05921962206380417 0.24388529084590002 
0.1153 1 0.08333574544874019 0.12985642047343018 
0.0693 1 0.06724619577069735 0.2754935552229691 
0.0119 1 0.0219326782823597 0.13059981287187875 
0.1108 1 0.056864552518395985 0.32144549749375123 
0.4015 3 0.05589907743197818 0.22877038572600536 
0.2333 2 0.08785203445062544 0.4975062411263038 
0.1177 1 0.05166751882847941 0.26500942749169554 
0.0501 1 0.03203794950797476 0.21383513705117574 
0.1378 1 0.06702733023492062 0.12482421291875674 
0.3245 2 0.060290520680643986 0.35522206574844517 
0.2666 2 0.0380858367381163 0.23415272267574014 
0.0322 1 0.06024870791746532 0.2660660385514671 
0.0437 1 0.05240182283145293 0.2541753874647209 
0.3897 2 0.08932634809055284 0.321957973022042 
0.0075 1 0.03177644747552166 0.15800375985352516 
0.0832 1 0.057966857127886774 0.34390824574110623 
0.7664 3 0.07435937859301009 0.6634440892297584 
0.1773 1 0.07174488360571965 0.16966416073806073 
0.0666 1 0.07312216272621049 0.3599419249604705 
0.4372 3 0.07906569593330956 0.32368974964409175 
0.3339 2 0.061605542664680005 0.3026791502000964 
0.1646 1 0.07696349345596891 0.28806268023569703 
0.1531 1 0.05384403529872456 0.2588052868497342 
0.8472 3 0.12837280060303793 0.4132904501257448 
0.3142 2 0.053177284495013494 0.309951475411096 
0.4195 3 0.043843303252023395 0.18052755144582422 
0.0698 1 0.03192215575594082 0.1509198634387387 
0.2146 2 0.07410019083010443 0.26664205118549666 
0.2238 2 0.07296777308292458 0.29143184521007753 
0.3298 2 0.0988745654734983 0.3503749421228474 
0.3954 2 0.07083834356133174 0.22832435797186929 
0.4844 3 0.07150483484522184 0.3467054288288736 
0.2824 2 0.055904581665841495 0.28497421128570855 
0.4599 3 0.0795491485240942 0.3052196161760151 
0.0229 1 0.055329819230601915 0.191154561295987 
0.2185 2 0.04202576254198523 0.251858760535563 
0.6189 3 0.07275270429189032 0.380398196730445 
0.1351 1 0.06357639436182337 0.1484970922134334 
0.4511 3 0.08664815542366244 0.3361404229402939 
0.0377 1 0.04132437518681892 0.23852634491132543 
0.1594 1 0.07435125380055065 0.3657357055441028 
0.2563 2 0.054243271576475495 0.2485839146665027 
0.3366 2 0.07425617272362181 0.36858090025148976 
0.7183 3 0.06576581691720408 0.35737478650295235 
0.2932 2 0.10794660792387868 0.334028270947687 
0.0014 1 0.036680704495539306 0.19984620719732418 
0.0344 1 0.020384970947055076 0.17366476208407677 
0.4726 3 0.04367093758379985 0.23518339132255775 
0.1130 1 0.040604014066934126 0.21708728931275564 
0.0640 1 0.051763245528897245 0.23774691017658034 
0.0050 1 0.027876847893563695 0.16611084171151144 
0.2478 2 0.05606237040636214 0.19763305789252272 
0.0791 1 0.05108532129848267 0.28732039638885 
0.2628 2 0.0383490381338771 0.17024306482817456 
0.5875 3 0.055756572005030404 0.3564402698180017 
0.0141 1 0.050864451546673496 0.24305712402905683 
0.1587 1 0.027763959818188137 0.17300815179279888 
0.7958 3 0.06255505563466232 0.38070196100280707 
0.1677 1 0.07719565852813495 0.31384671632414257 
0.2044 2 0.05930374064208348 0.2440593084712937 
0.3006 2 0.030550235389512705 0.2039468759786282 
0.0086 1 0.0355705907965043 0.177148845626985 
0.1583 1 0.06782635372955667 0.33733675184774603 
0.4103 3 0.08037820533568725 0.25811817313770025 
0.6394 3 0.06408116809922554 0.2596035496706047 
0.2735 2 0.06856647080833256 0.19324347405086267 
0.3922 2 0.08691901076246172 0.23113830381998826 
0.7503 3 0.08232563118376199 0.3871511530281516 
0.0311 1 0.04638457780849382 0.17820389280286827 
0.4175 3 0.047827977184219286 0.28030077867584763 
0.3070 2 0.0683879883987304 0.29348136691905263 
0.0875 1 0.02641703299187605 0.1388461630089588 
0.3347 2 0.04523388385658883 0.26379891219771784 
0.0235 1 0.027785889727485587 0.17014873803792113 
0.2796 2 0.06975707497645259 0.2819302380984401 
0.3750 2 0.06363055794745787 0.2849226857304242 
0.1848 1 0.03721106766795034 0.154263007229601 
0.3664 2 0.10919055562283586 0.4422912205402893 
0.0553 1 0.05107844703596622 0.26546548216230975 
0.8124 3 0.054864477714858716 0.2711153796645146 
0.2669 2 0.02869898597673508 0.16822312626921485 
0.3055 2 0.1205346280563847 0.34883091802289695 
0.5485 3 0.07645944466029819 0.32479297366565557 
0.0487 1 0.07031341098294731 0.21909829413697263 
0.4218 3 0.06694680476741 0.33648931121865694 
0.1623 1 0.0433213216603334 0.18274017625394107 
0.3310 2 0.07215982776908121 0.24475967292924614 
0.3006 2 0.09203897114947755 0.3695487560975137 
0.0249 1 0.04652747140678939 0.3097485758858326 
0.2007 2 0.041645381915242696 0.2520643421024824 
0.0079 1 0.03350680250033715 0.15764333072686026 
0.3428 2 0.08314247190589624 0.22974845484813589 
0.1417 1 0.09185860008104604 0.26003212878410925 
0.6289 3 0.029213866290678528 0.21920517426546454 
0.0807 1 0.06180654799445135 0.16353433339929602 
0.2967 2 0.037336343983568304 0.16575075648560325 
0.5675 3 0.06635630263056183 0.3000397272617237 
0.7580 3 0.1288319982299392 0.41613923561812777 
0.6946 3 0.06115411040223828 0.35177422050762847 
0.2380 2 0.038944831603230715 0.22147725547983757 
0.5881 3 0.0597372458907903 0.32098254175320207 
0.0387 1 0.052512573761169815 0.29634824082274897 
0.3305 2 0.0522210169617662 0.2152437795269538 
0.3704 2 0.07183694891509795 0.32816058244108015 
0.3721 2 0.0763412620704407 0.30697798266663356 
0.1686 1 0.06642435105433445 0.30285496802107204 
0.3042 2 0.05004268874688688 0.26180065859876733 
0.2726 2 0.05863619814127322 0.27989823995819413 
0.6471 3 0.07855595292478713 0.2963663657374941 
0.1987 1 0.059616972201848355 0.275459530181614 
0.3433 2 0.051319913128698755 0.32590388069909865 
0.0307 1 0.03426122079040164 0.16202975798224387 
0.7600 3 0.08603863268046177 0.2798703186749639 
0.3998 2 0.055988890422979186 0.2955067156709239 
0.0736 1 0.024547036195525212 0.15715909348529014 
0.1210 1 0.03615341703686275 0.21449312294548145 
0.5644 3 0.09995005650614945 0.3462050666764012 
0.2408 2 0.05056170888940461 0.23216784854533806 
0.0048 1 0.04982644650087997 0.21893068382456074 
0.3450 2 0.06794429558937762 0.2935151383576144 
0.4481 3 0.04552247754647051 0.3052843386826872 
0.2377 2 0.06703658570645517 0.2956147408544495 
0.4216 3 0.03925729755212411 0.22745927273635438 
0.6771 3 0.08426950392109894 0.30870033756068704 
0.5677 3 0.06385070779900336 0.34627174307731606 
0.2531 2 0.07420227400212095 0.29206880128492085 
0.5704 3 0.04855753716340342 0.3133633109765822 
0.2445 2 0.05993888773471748 0.24899682804385748 
0.3068 2 0.05052388620933309 0.26675473535972194 
0.0140 1 0.04886496552508708 0.25341693451860603 
0.3972 2 0.06010861568485619 0.3368891429186222 
0.3063 2 0.045595138922287205 0.22809335464621433 
0.1836 1 0.08241219041099923 0.1805570174006092 
0.1624 1 0.028230394799585664 0.16915029231564332 
0.3020 2 0.04059688651867423 0.19669906762549005 
0.1709 1 0.07846326830460464 0.28552000099904096 
0.1288 1 0.04314185340250214 0.19220964113283606 
0.2283 2 0.08246816219789138 0.2879095502585021 
0.2642 2 0.10190856768339474 0.340477997075883 
0.8561 3 0.05846478144101481 0.36875151153028163 
0.3148 2 0.04570651322930879 0.2362729822727804 
0.8357 3 0.03511067608376875 0.2773003579257597 
0.1852 1 0.059801471503754304 0.2860108953139199 
0.5460 3 0.05084191254128146 0.2524083927154518 
0.2721 2 0.04690901081885436 0.2539854255243523 
0.0176 1 0.04423343172453009 0.21215889944072908 
0.0452 1 0.02883190835982174 0.13349553793571145 
0.3165 2 0.05229122680199782 0.25189317750850637 
0.3047 2 0.047259163518499105 0.24388718326067843 
0.1708 1 0.04385707515392225 0.13319111275910198 
0.0498 1 0.027536549623498958 0.2094990403439775 
0.0589 1 0.044049355828806466 0.22393821890147736 
0.0077 1 0.03667503122072276 0.1875560068319051 
0.2732 2 0.06902858102389269 0.2832936777976517 
0.3230 2 0.06462954345570691 0.3127642473856818 
0.3366 2 0.030963866524335724 0.1660797446296725 
0.4925 3 0.08087802462450014 0.36490158098286435 
0.3233 2 0.04499700931334969 0.26230896505084556 
0.4105 3 0.05090563831480241 0.32777937901897974 
0.3096 2 0.08345139567055505 0.293610740846764 
0.3645 2 0.044172362351601456 0.2679534139354732 
0.4482 3 0.03548720234186313 0.18779485839550122 
0.0999 1 0.043705675450081194 0.20056814326252317 
