0.0946 1 2.176079251982835E-5 1.260209999806028E-4 
0.6173 3 5.155607646068592E-5 3.251970000226256E-4 
0.1519 1 6.901440564974577E-5 2.549490000083976E-4 
0.0730 1 3.362524313630933E-5 1.3834099999947557E-4 
0.0106 1 4.0633009061909415E-5 3.149039999871484E-4 
0.1104 1 1.6105490549056914E-5 7.561899998040911E-5 
0.1331 1 2.3738336496469552E-5 9.95669999795501E-5 
0.4917 3 2.9955770933363382E-5 1.7714399999293473E-4 
0.0028 1 2.5657148034128404E-5 1.1933799997969619E-4 
0.1705 1 1.5945494749386476E-5 1.0178399998195253E-4 
0.2440 2 9.339787075867719E-6 5.410299998178658E-5 
0.7934 3 1.7529849732143214E-5 1.1160799998146675E-4 
0.7997 3 6.694458281420732E-5 3.6004700001379675E-4 
0.1528 1 1.745790529981455E-5 1.1953899997956264E-4 
0.0406 1 2.8525967991461305E-5 1.3405899999774373E-4 
0.6331 3 1.9654874843279656E-5 1.4039699998116272E-4 
0.7161 3 2.6630658853864404E-5 2.1134899997681255E-4 
0.0239 1 1.670576542988844E-5 8.717799997775E-5 
0.0441 1 2.0653317760944E-5 9.40449999828008E-5 
0.1194 1 4.250044851674216E-5 1.9985800000776877E-4 
0.1133 1 1.1733548276421567E-5 6.661099998199749E-5 
0.0528 1 1.2875742143100515E-5 6.520699998262547E-5 
0.2765 2 2.8070499531428944E-5 2.0139699997707706E-4 
0.6200 3 2.819279932773531E-5 1.036299999890522E-4 
0.1674 1 2.8859463259381098E-5 1.2174299999931915E-4 
0.6002 3 2.903360511934786E-5 1.6951799998816687E-4 
0.2506 2 2.868673164674717E-5 9.993400001058194E-5 
0.7525 3 3.4691329743314044E-5 3.161269999989669E-4 
0.2951 2 1.0611576770749715E-5 7.123799997985625E-5 
0.0772 1 1.758967426192177E-5 8.853399997859057E-5 
0.2205 2 1.331171580892819E-5 6.913199998384023E-5 
0.0602 1 2.532663922936734E-5 1.3162799997707976E-4 
0.4165 3 4.4793936372412994E-5 2.092190000023475E-4 
0.7126 3 2.025091849027047E-5 1.7811999998060824E-4 
0.3743 2 2.9849480992398998E-5 1.6902600000436862E-4 
0.0649 1 9.584235836858841E-6 4.444099997966688E-5 
0.3027 2 5.8425605057424455E-5 2.590350000013508E-4 
0.4879 3 3.953207848354673E-5 1.9516600000448747E-4 
0.3909 2 4.6486140916377446E-5 2.557920000099578E-4 
0.0707 1 1.421083910076774E-5 6.92999999782895E-5 
0.2584 2 2.1998064138143803E-5 1.2513299997656268E-4 
0.2874 2 9.764809035273799E-6 5.831599997789816E-5 
0.2616 2 1.1649922561783539E-5 5.315499998126416E-5 
0.0293 1 1.1558312402141137E-5 5.0396999980550916E-5 
0.0637 1 1.4602748928752861E-5 7.555799997545076E-5 
0.0134 1 1.2509680575776892E-5 5.7271999981045595E-5 
0.0494 1 2.3374009932837457E-5 1.0179799999809891E-4 
0.8100 3 1.8783393060220307E-5 1.797309999815644E-4 
0.2110 2 2.3398937182300178E-5 1.343569999777916E-4 
0.0271 1 1.4129451418838268E-5 7.843799998219492E-5 
0.4433 3 2.7835861944807328E-5 1.506249999964515E-4 
0.0398 1 2.3010038088901236E-5 1.5549699998009813E-4 
0.2853 2 3.055361678260604E-5 1.4009499997822417E-4 
0.1775 1 1.237768791649384E-5 6.109299997851814E-5 
0.1682 1 1.7510151038448648E-5 1.2870399997848557E-4 
0.0198 1 3.285013618613062E-5 3.074219999819938E-4 
0.2567 2 1.4956283174851928E-5 9.727799997749642E-5 
0.1891 1 3.3634112512815915E-5 1.6932300000600532E-4 
0.0243 1 2.9094653699156054E-5 1.3062499998226507E-4 
0.2637 2 2.0710790613778347E-5 1.072169999825956E-4 
0.4264 3 3.79389016216353E-5 2.5235199997672984E-4 
0.1637 1 2.3048258637611325E-5 9.891399999419903E-5 
0.0699 1 2.3053913049780592E-5 1.2467599998871036E-4 
0.4952 3 5.5123310444443685E-5 2.5866500002245105E-4 
0.7924 3 4.785941838267272E-5 2.82913999989165E-4 
0.4978 3 4.80057844362512E-5 1.9399600001670513E-4 
0.1275 1 3.608109645675132E-5 1.145819999909925E-4 
0.4800 3 4.303593199226029E-5 2.1274300000504454E-4 
0.2968 2 3.917925201925953E-5 2.97334999982346E-4 
0.2518 2 1.6969530457966103E-5 9.095099998688295E-5 
0.0376 1 2.1871085029331443E-5 1.2567199998443358E-4 
0.1463 1 2.5716416801201184E-5 1.0107899999181046E-4 
0.3990 2 2.786746202005936E-5 1.470339999773529E-4 
0.3041 2 3.427644921766286E-5 1.526480000061614E-4 
0.2657 2 4.137872581351293E-5 1.797070000003176E-4 
0.0044 1 1.7183608829705307E-5 7.330799997988802E-5 
0.3600 2 4.0214520806342346E-5 1.6908200000200768E-4 
0.0284 1 1.6984686148517017E-5 6.635399998911051E-5 
0.0674 1 1.833905777404977E-5 1.0494099997924167E-4 
0.1749 1 3.2238967524209965E-5 1.534819999995607E-4 
0.0490 1 2.458152416613508E-5 1.3571099998832548E-4 
0.5154 3 3.520511575290313E-5 1.786150000124609E-4 
0.0243 1 3.929451288338721E-5 1.9624599999616964E-4 
0.2028 2 2.576388040519747E-5 1.3853799997722848E-4 
0.1786 1 2.4791783569007324E-5 1.199099999847908E-4 
0.0332 1 2.4744204971664606E-5 1.1608599999299863E-4 
0.2086 2 2.9540735367386425E-5 1.129530000008483E-4 
0.2169 2 1.9564272328704334E-5 9.175299997594699E-5 
0.0080 1 1.1469827022754548E-5 5.7724999981689784E-5 
0.1281 1 2.442362775249489E-5 1.564889999870589E-4 
0.0969 1 1.58234918363138E-5 7.388299997839187E-5 
0.4598 3 7.536407395864345E-5 2.7359000000195535E-4 
0.0478 1 2.0358670154268844E-5 9.780499998424119E-5 
0.0192 1 1.721033860081663E-5 9.492899998115867E-5 
0.1327 1 1.7741243663471837E-5 8.219499998114443E-5 
0.3704 2 3.0815415311509096E-5 2.321369999760847E-4 
0.0347 1 1.6348793779908814E-5 8.176499997960551E-5 
0.2955 2 2.865958981018276E-5 1.4547799998494427E-4 
0.1473 1 3.11095194788043E-5 1.8475999997631388E-4 
0.4156 3 4.148622549601062E-5 2.479990000112453E-4 
0.0331 1 1.1963678598387891E-5 6.50179999851952E-5 
0.2920 2 2.6759657009072753E-5 1.3899399999188765E-4 
0.8367 3 3.636110505692987E-5 2.2506300000852965E-4 
0.1984 1 2.3830649673557285E-5 8.210599999971535E-5 
0.1193 1 2.3457267091018596E-5 1.395079999830573E-4 
0.3343 2 4.145103704942066E-5 2.8154599999745676E-4 
0.3143 2 2.8539928214739563E-5 1.732049999951135E-4 
0.2368 2 3.449328284697881E-5 1.790150000025692E-4 
0.1593 1 3.6896382031397376E-5 1.7705600000146316E-4 
0.8659 3 3.528193757603431E-5 1.776359999783983E-4 
0.2180 2 2.36964655904922E-5 1.8002899998479372E-4 
0.0317 1 2.0761854893495208E-5 8.489399997799741E-5 
0.1667 1 2.8886898707142665E-5 1.40243999986156E-4 
0.2195 2 3.833327034856182E-5 1.7776800000675054E-4 
0.3265 2 4.955127074488032E-5 2.6246400001281864E-4 
0.3238 2 5.001436926657508E-5 2.561519999887407E-4 
0.3039 2 3.326855802334715E-5 2.0426199998850868E-4 
0.4637 3 6.435929921460684E-5 2.415179999989858E-4 
0.1254 1 3.0056735873533256E-5 1.97005999978761E-4 
0.3383 2 4.707371303029459E-5 2.0442599999279665E-4 
0.0391 1 2.7479519701097677E-5 9.273899999655555E-5 
0.0182 1 2.1613541685343117E-5 1.4931899997985276E-4 
0.6771 3 4.837093146726517E-5 3.5105599999560864E-4 
0.2446 2 2.5797183677405202E-5 1.256470000025045E-4 
0.4114 3 6.132317835209684E-5 2.153769999851507E-4 
0.0523 1 2.1850670534398425E-5 1.1049299998175944E-4 
0.2456 2 3.6841984240846826E-5 2.2777699997886814E-4 
0.1658 1 2.809124413401584E-5 1.652609999859722E-4 
0.3503 2 5.4049095540341965E-5 3.5647600000732194E-4 
0.6210 3 3.0631988226406575E-5 2.6270399997629923E-4 
0.4550 3 6.906327237824371E-5 2.7331199999962584E-4 
0.0049 1 2.0969350243859562E-5 8.990799997994347E-5 
0.1632 1 2.3804887579499628E-5 1.641999999769439E-4 
0.3613 2 2.9900669039488512E-5 1.426709999894582E-4 
0.0591 1 1.798471333977311E-5 1.1515599998324078E-4 
0.0553 1 2.1926204286980717E-5 1.38117999983689E-4 
0.0247 1 2.315087977235885E-5 1.1682299997890499E-4 
0.2042 2 2.632895312717073E-5 1.2997099999247918E-4 
0.0234 1 3.321941344198477E-5 1.8290999999710512E-4 
0.0315 1 2.0035920096016867E-5 1.0051199997767047E-4 
0.6754 3 4.536502054545222E-5 2.9426400000089894E-4 
0.0123 1 1.5207092281418865E-5 7.743999997844586E-5 
0.0999 1 4.416700763651462E-5 1.902690000185725E-4 
0.8607 3 3.234433136999011E-5 2.696279999988116E-4 
0.1456 1 4.24890464716509E-5 1.4099300001526593E-4 
0.1541 1 1.6585567703759847E-5 8.590499997955803E-5 
0.6359 3 5.4318018061099976E-5 2.1313099999968886E-4 
0.0393 1 1.4154692307295054E-5 6.462099997808223E-5 
0.0733 1 3.164409557539594E-5 1.5964200000873063E-4 
0.4637 3 3.854034422697075E-5 1.705850000055964E-4 
0.6701 3 2.5591427474059232E-5 1.430189999875653E-4 
0.3872 2 2.6147450911880343E-5 1.217499999878413E-4 
0.2728 2 2.826074997215946E-5 1.5139099998713325E-4 
0.8180 3 4.3220517860899375E-5 3.375070000121161E-4 
0.0243 1 1.9169831962159177E-5 8.840499997933015E-5 
0.5595 3 2.343286346330823E-5 1.724969999771009E-4 
0.3301 2 3.5100598670494396E-5 2.0629500000364233E-4 
0.0385 1 1.9854064139689236E-5 9.153899997906833E-5 
0.0598 1 1.450984119456013E-5 9.11619999811597E-5 
0.0344 1 2.2078898268452026E-5 9.892299999214593E-5 
0.3559 2 4.811650438252986E-5 2.2090200000131067E-4 
0.5997 3 3.279364302762166E-5 1.9651999999261704E-4 
0.3185 2 2.861790188515196E-5 1.6647399997664624E-4 
0.7491 3 3.042385067163084E-5 3.2796099997971505E-4 
0.2991 2 2.6166607486400305E-5 1.5961199998748565E-4 
0.6699 3 2.4182691714912836E-5 1.3783199999342077E-4 
0.2500 2 1.4369263715990964E-5 7.50439999801733E-5 
0.2427 2 6.398109405438515E-5 2.0262800000523385E-4 
0.7094 3 3.2469611202657906E-5 1.8633199998143723E-4 
0.2118 2 2.233132176858282E-5 1.5466599997882025E-4 
0.3390 2 4.599909230074781E-5 2.9146800001091935E-4 
0.0985 1 1.2650436733546089E-5 6.542199997894294E-5 
0.5375 3 3.155779444749542E-5 2.3474800000597985E-4 
0.3086 2 4.427555890235841E-5 2.6229699998623344E-4 
0.0724 1 1.8271631879267085E-5 1.5991099997736402E-4 
0.4743 3 3.510820334255352E-5 1.2696200001607316E-4 
0.0120 1 1.3222789159369484E-5 6.371699998384273E-5 
0.2602 2 4.3618275171411164E-5 1.903250000088841E-4 
0.1687 1 3.702305879965753E-5 1.6636799998441808E-4 
0.7071 3 1.496243825579926E-5 1.0935399997811235E-4 
0.1888 1 3.1674205377348065E-5 1.0201300000265424E-4 
0.2014 2 2.7592321671347852E-5 1.2021099999728335E-4 
0.4823 3 3.451977303996728E-5 2.1072200000258335E-4 
0.8816 3 3.36782633373713E-5 2.67297999977445E-4 
0.5094 3 2.793176835940758E-5 1.7264999997690378E-4 
0.3823 2 1.441912574281438E-5 1.0358199998299345E-4 
0.3576 2 3.084533479602439E-5 1.8416600001764928E-4 
0.1951 1 1.7103377576505613E-5 7.904899998338877E-5 
0.1191 1 1.703676469730092E-5 1.0582999998138831E-4 
0.3554 2 3.341991085328188E-5 1.822929999798051E-4 
0.3501 2 5.686613467850054E-5 2.2302200000714478E-4 
0.1864 1 4.0966143288034175E-5 1.6267700000638374E-4 
0.3184 2 3.531536196602038E-5 1.4907200001692544E-4 
0.4044 3 3.404025572774217E-5 1.7782700000463781E-4 
0.6471 3 3.91595750272725E-5 2.1283400000531304E-4 
0.1972 1 3.109726901417725E-5 1.6567000000053956E-4 
0.2923 2 3.387546927229854E-5 2.0062699999643386E-4 
0.2144 2 1.0943130406929004E-5 6.35069999851412E-5 
0.6161 3 5.9673164911967135E-5 3.5947400000935215E-4 
0.0999 1 2.455648429480314E-5 1.2200999999245621E-4 
0.0560 1 3.370269086247393E-5 1.6315000000721724E-4 
0.3193 2 2.8479090128977554E-5 1.7087799999020435E-4 
0.5340 3 5.956026098573171E-5 2.449560000007178E-4 
0.3756 2 2.987922810703601E-5 1.5883600000126118E-4 
0.3856 2 2.605121618782304E-5 1.649489999783871E-4 
0.4650 3 3.09469476615953E-5 1.8848799999029441E-4 
0.4228 3 2.5953817766500953E-5 1.8158799999226093E-4 
0.0921 1 2.7858448433988717E-5 1.720119999995662E-4 
0.4775 3 2.3511467587288122E-5 1.283089999789988E-4 
0.5997 3 4.4956279228181336E-5 2.4129500001308647E-4 
0.6082 3 4.468887797668109E-5 2.8085899998551154E-4 
0.5236 3 5.948786435068239E-5 2.769490000125607E-4 
0.6099 3 3.487771101614343E-5 2.5247699998682817E-4 
0.3911 2 2.9688142107274923E-5 1.8400199998465095E-4 
0.2354 2 4.2412181836923035E-5 2.36375000014033E-4 
0.0156 1 2.4123617056732414E-5 1.2165699999795443E-4 
0.3173 2 2.5498564681188926E-5 1.6542399997980793E-4 
0.2820 2 2.9515712786603525E-5 1.683259999909703E-4 
0.1504 1 3.451308633153908E-5 1.4965500000336808E-4 
0.1145 1 8.426073371533181E-5 2.1627499999985478E-4 
0.3202 2 2.6094343942429175E-5 1.2512300000053767E-4 
0.3374 2 3.520927963438568E-5 1.9413899998037553E-4 
0.2037 2 3.13064029531667E-5 1.4561500000553895E-4 
0.2502 2 3.806182104446831E-5 1.9945899998676797E-4 
0.2544 2 5.032866139843457E-5 2.552040000127542E-4 
0.8935 3 3.4596558222470146E-5 2.586409999757233E-4 
0.2282 2 2.2693638761559445E-5 1.3933099997982535E-4 
0.9484 3 2.2513666986990788E-5 2.2369199998197863E-4 
0.0974 1 2.032812710880096E-5 1.0529099997831359E-4 
0.4829 3 3.205222708738542E-5 2.0057800000221614E-4 
0.3123 2 2.4494398861280555E-5 1.406199999770763E-4 
0.1725 1 2.5183965774518174E-5 1.5730999999317153E-4 
0.0149 1 1.687873368030275E-5 8.552099997918283E-5 
0.2149 2 3.256693962527894E-5 1.6940699997940455E-4 
0.4187 3 2.7995448203594605E-5 1.7172499999158487E-4 
0.2167 2 2.4576785334485766E-5 1.2092099999849726E-4 
0.0027 1 2.0552748513800755E-5 7.93879999788194E-5 
0.0154 1 1.589318672841546E-5 7.615299997818515E-5 
0.0286 1 1.7395516519922054E-5 7.999699997960353E-5 
0.2028 2 2.0350295071802963E-5 1.1957499997972132E-4 
0.3949 2 4.873965303300534E-5 2.2702400001481938E-4 
0.1683 1 1.798295464203798E-5 9.47769999798176E-5 
0.5328 3 5.83955736166555E-5 3.737950000167967E-4 
0.2929 2 2.971944921531622E-5 1.7372800000146072E-4 
0.2782 2 2.6844030210792648E-5 1.91937999977565E-4 
0.1170 1 3.00947917835025E-5 1.7090199998233136E-4 
0.3836 2 4.154272887428583E-5 1.8182600000598014E-4 
0.1757 1 1.859556253372965E-5 1.0464299998398374E-4 
0.1758 1 3.241879234482916E-5 1.356910000003486E-4 
