0.0875 1 0.04605314804911894 0.22726539819819785 
0.6407 3 0.07235603056676722 0.45858206846846866 
0.1044 1 0.08592028339415235 0.5467871999999999 
0.0862 1 0.04644399704433515 0.2583463207207205 
0.0265 1 0.040300032811124965 0.25189070990991014 
0.1144 1 0.03087199490887771 0.1739221765765768 
0.2718 2 0.0533862996245885 0.2912823351351351 
0.7167 3 0.10887430924891413 0.3538222270270272 
0.0047 1 0.04529784327274873 0.25606805045045034 
0.3309 2 0.07584462360145146 0.3045890018018019 
0.1551 1 0.02324122883324627 0.1606490234234234 
0.5778 3 0.0368409349061972 0.2518751279279279 
0.8866 3 0.10669716371834745 0.5842119927927927 
0.0909 1 0.03142404414434992 0.19189416936936962 
0.0458 1 0.04284409724438398 0.21934333693693714 
0.6401 3 0.058753122534861375 0.2744715243243242 
0.6734 3 0.09212451111332429 0.3995882666666665 
0.0340 1 0.03320532560312057 0.17722136216216203 
0.2332 2 0.04426884834593378 0.2705527063063061 
0.0869 1 0.05561950359480078 0.33394692612612603 
0.3178 2 0.031062935238494363 0.1895218738738737 
0.0285 1 0.03422534590787596 0.16572717837837847 
0.2340 2 0.04500962932569428 0.2603238630630632 
0.6215 3 0.052531649509169796 0.264140338738739 
0.2174 2 0.04692857693446513 0.2332288864864865 
0.6772 3 0.05951834103181365 0.32274521081081053 
0.1085 1 0.03622388179298452 0.23158632072072077 
0.4288 3 0.05763808651999112 0.4096148468468469 
0.4149 3 0.05374468189507083 0.2893365765765766 
0.1585 1 0.04847203350141637 0.2270454198198199 
0.4634 3 0.03209074671554369 0.17840266666666674 
0.1383 1 0.03310466449895443 0.18222239999999995 
0.4155 3 0.08645557736801258 0.47756005765765785 
0.6760 3 0.05204204397312371 0.30960332972972976 
0.3764 2 0.0663021909230716 0.38045238198198206 
0.1903 1 0.04961908419806856 0.27910864144144143 
0.3965 2 0.07190427758928464 0.45067225945945905 
0.7245 3 0.0769192126879025 0.40048441081081065 
0.2833 2 0.08998055690849326 0.4874050882882881 
0.3306 2 0.05024915917824077 0.2706764252252253 
0.4299 3 0.04659713624423009 0.2775016792792793 
0.1483 1 0.021024291492157166 0.11323746306306333 
0.0856 1 0.03394092136591101 0.1599507891891891 
0.1301 1 0.04258639482899423 0.23711352792792795 
0.0949 1 0.046469569427116955 0.22998954954954934 
0.0569 1 0.0417623341013029 0.19221801801801774 
0.0359 1 0.04965222956156391 0.2599378594594597 
0.1393 1 0.06189972896682515 0.2743582846846847 
0.1536 1 0.052430422587937967 0.2723605621621622 
0.4670 3 0.07632808348727155 0.3281700756756756 
0.5787 3 0.07559481609307728 0.3973061765765765 
0.3829 2 0.046583298786490965 0.23947648288288303 
0.3406 2 0.061467758041053866 0.35396211891891893 
0.1138 1 0.029319452428820697 0.16281685045045025 
0.4213 3 0.07907758441969219 0.39675409009009 
0.0731 1 0.144042073064361 0.7187108756756755 
0.4908 3 0.044135426455248296 0.28140774054054085 
0.2388 2 0.05705600995055824 0.36049798918918924 
0.0631 1 0.04253958697758172 0.23119901981981966 
0.3976 2 0.04657022721025035 0.2950382702702706 
0.6038 3 0.10612564602690115 0.5244432864864867 
0.3333 2 0.04103672044691827 0.2630085621621618 
0.0633 1 0.036038552221003405 0.21710352432432445 
0.5810 3 0.08159274313699369 0.5565636756756754 
0.8618 3 0.11055997303237418 0.5503687063063063 
0.4246 3 0.05223761055309619 0.31052652972972966 
0.0960 1 0.03080673656344845 0.1730381981981982 
0.7367 3 0.10900325174370093 0.6427145225225225 
0.4023 3 0.1229118509156562 0.5291713441441442 
0.2924 2 0.040497949545054965 0.1937807279279277 
0.0485 1 0.05202745271039157 0.24080877837837833 
0.5307 3 0.053415522475779284 0.32879524324324294 
0.3188 2 0.04718786926608824 0.2755774846846848 
0.3724 2 0.05191655281752324 0.2964691603603596 
0.2853 2 0.06527505497287138 0.34089284324324304 
0.1628 1 0.03689624951291016 0.2114608576576576 
0.3371 2 0.0736358100541782 0.41453627387387393 
0.1072 1 0.04286455414608579 0.21323795315315325 
0.3126 2 0.0324458888834743 0.1761521297297298 
0.1613 1 0.05973170022711459 0.3701631567567564 
0.0476 1 0.038727105537603085 0.27601696576576595 
0.4978 3 0.083259915093667 0.45782120360360395 
0.0398 1 0.06776510244139469 0.35834430270270307 
0.2564 2 0.06297147954430911 0.3475396468468464 
0.4209 3 0.05955132283938803 0.3386209873873875 
0.0458 1 0.04389954937697789 0.28858178018018027 
0.1785 1 0.05284998600860118 0.2325014342342345 
0.1928 1 0.04916763526002142 0.2614513873873875 
0.0055 1 0.029458855459643277 0.15181539459459464 
0.3159 2 0.05803892946799441 0.33070486486486506 
0.3316 2 0.029228767636940177 0.1540630918918917 
0.3836 2 0.04875013614223449 0.2694206558558557 
0.2138 2 0.09662242933775364 0.4161782342342345 
0.0921 1 0.039800534484995584 0.29836174414414407 
0.1494 1 0.029780412575541784 0.14078508108108115 
0.5495 3 0.12534770731542458 0.6230643171171172 
0.4475 3 0.07131186143003135 0.36535449369369377 
0.1974 1 0.04095819319984121 0.23997190630630638 
0.1622 1 0.05151477706729549 0.28645277117117146 
0.3640 2 0.07121564453177978 0.40167391711711725 
0.0413 1 0.043028957236229966 0.16591623783783774 
0.2659 2 0.04538805563018467 0.3054489945945947 
0.8774 3 0.12026069970703354 0.6216594738738737 
0.2101 2 0.06332248254655044 0.18539022702702712 
0.2815 2 0.05589575754867072 0.3172740180180179 
0.3785 2 0.1049575920186068 0.5542721297297296 
0.2463 2 0.048486689564468506 0.29774179459459504 
0.2522 2 0.09484523151630249 0.4628968648648648 
0.2218 2 0.05984110888795416 0.33197088288288285 
0.8384 3 0.06289729869130319 0.35890154954954956 
0.4208 3 0.07962156957304747 0.3770348108108106 
0.4562 3 0.046839881743028125 0.2614757477477475 
0.2913 2 0.04451287688382294 0.2526365117117114 
0.2880 2 0.052461165151715235 0.31605205045045076 
0.4058 3 0.09092298101012307 0.42140988828828807 
0.3787 2 0.07550474487112349 0.4244208720720722 
0.3815 2 0.03831770462647185 0.21351396036036002 
0.4987 3 0.0493437114668906 0.4160822054054054 
0.1154 1 0.050708858451394404 0.3143424864864867 
0.5373 3 0.05070506758252024 0.3251156036036033 
0.0640 1 0.043851757977293314 0.22771701621621646 
0.4814 3 0.048741159547034764 0.29350131891891884 
0.5609 3 0.06230310134023454 0.3661150270270265 
0.2567 2 0.03801863363923225 0.17581075315315312 
0.6302 3 0.05252476267140256 0.30542545585585584 
0.1984 1 0.05408072357565688 0.32165561081081095 
0.3182 2 0.09023630940351271 0.5271120864864867 
0.2954 2 0.049134896196713886 0.2741003675675679 
0.2354 2 0.13078865209119406 0.633006255855856 
0.6706 3 0.1310014000760021 0.6045373117117115 
0.4522 3 0.05092282092581516 0.27218355315315346 
0.1376 1 0.041602930042781025 0.21001885405405413 
0.0087 1 0.049478636467161184 0.2950128288288286 
0.4585 3 0.03950854893804418 0.17937532252252208 
0.2603 2 0.04052127925985348 0.21319398918918875 
0.2453 2 0.06609360535919295 0.3471635027027022 
0.0165 1 0.04327611492419707 0.25397305945945936 
0.3230 2 0.04094351518934402 0.1879734918918918 
0.0116 1 0.03854359165510067 0.2391133837837839 
0.1678 1 0.04729903906245107 0.2465736360360359 
0.6862 3 0.13471951250195496 0.68782781981982 
0.0956 1 0.02383341776137053 0.1624377657657658 
0.1538 1 0.051814200953373614 0.24934363963963949 
0.8206 3 0.12169121096427325 0.5036992144144143 
0.2027 2 0.05339977374496366 0.3126633513513516 
0.2495 2 0.03643652675245078 0.19873889729729738 
0.7567 3 0.0691612307941642 0.3457981117117117 
0.0399 1 0.037860485978560135 0.20757558198198214 
0.1255 1 0.05868625689132408 0.33779107747747755 
0.5519 3 0.07068569636661973 0.34725156036036076 
0.7193 3 0.0891017249499317 0.434977672072072 
0.2879 2 0.0475893916908733 0.2670177441441442 
0.4427 3 0.06164802074950362 0.37454881441441434 
0.8423 3 0.1486875815013165 0.6816550486486488 
0.1098 1 0.03864582097322854 0.23877555315315346 
0.6259 3 0.08116025545561487 0.4166091819819818 
0.5081 3 0.09674254246148212 0.525744288288288 
0.0999 1 0.039700650361764164 0.21885137297297313 
0.2932 2 0.05561096046144111 0.31774427387387394 
0.1576 1 0.04122115994107989 0.239023654054054 
0.2804 2 0.06911079554531827 0.3358075243243244 
0.6182 3 0.07881860737560123 0.4448490378378379 
0.3347 2 0.04074253959484259 0.2360405909909907 
0.7847 3 0.11123307470546019 0.5661562954954957 
0.2424 2 0.04492054869492818 0.279539473873874 
0.6560 3 0.03606732326445313 0.2405719207207207 
0.3981 2 0.0318411354708759 0.198477318918919 
0.2786 2 0.08807660327239071 0.39650072792792823 
0.3655 2 0.04907335756623477 0.3076327927927931 
0.4801 3 0.0545326412733475 0.33928501621621654 
0.5751 3 0.08737242204855464 0.4702777369369371 
0.5259 3 0.03350638021510125 0.19996923963963972 
0.5351 3 0.06725436362175284 0.37637948828828843 
0.3642 2 0.0766513023858201 0.4238489657657655 
0.2014 2 0.04168063088708023 0.24507829909909917 
0.4084 3 0.0268048880711164 0.15649148828828838 
0.0330 1 0.035625042930637396 0.18078071351351357 
0.3993 2 0.04860983426695777 0.23738278918918881 
0.4200 3 0.0641386107264869 0.312627906306307 
0.7183 3 0.05536822889673703 0.27259429189189177 
0.1744 1 0.05846171561099961 0.17539703063063058 
0.5828 3 0.044122221081754544 0.27365448648648655 
0.6813 3 0.0761764212724422 0.3829321513513511 
0.8330 3 0.1112400687890257 0.5558383135135136 
0.7143 3 0.1064235069467141 0.481861390990991 
0.5150 3 0.04249421054407909 0.23460554954954965 
0.4088 3 0.06283992036676794 0.41302764684684734 
0.1240 1 0.037859561685679624 0.23612246486486485 
0.3067 2 0.05965049026503579 0.2819968864864865 
0.4040 3 0.053111111514823395 0.3341341117117116 
0.5153 3 0.07714586455664693 0.44475687207207165 
0.2255 2 0.059066174972056754 0.26542454774774804 
0.4429 3 0.05540221063859065 0.3928399711711709 
0.3090 2 0.05669223289143038 0.33189587027027023 
0.6736 3 0.0832032093792584 0.3820821621621623 
0.2751 2 0.06494681898213649 0.3880885621621619 
0.4725 3 0.07822548401453362 0.4094462558558557 
0.7091 3 0.06040956649049689 0.3137843603603603 
0.6669 3 0.11631224673990069 0.590069261261261 
0.1959 1 0.051490740424175396 0.2846887495495495 
0.2814 2 0.04303674963872322 0.24144468468468494 
0.5175 3 0.05018894210814027 0.29449339099099114 
0.6228 3 0.07268148764311026 0.4912065153153152 
0.4229 3 0.03928915084554091 0.24420562162162146 
0.8156 3 0.12123116414604476 0.4687109621621621 
0.6671 3 0.09199735546349296 0.4900022774774775 
0.5457 3 0.09531389665172468 0.41502190990990984 
0.3437 2 0.07178406738890293 0.3501876324324321 
0.4494 3 0.04577247660853014 0.29056050450450466 
0.7282 3 0.09521150304442824 0.4706114882882882 
0.6723 3 0.10141930509067064 0.533546162162162 
0.4355 3 0.06543961056862896 0.37014121801801797 
0.8071 3 0.08587811194130983 0.5535804540540543 
0.8700 3 0.07343471352303052 0.4321240504504503 
0.2063 2 0.052747616556365756 0.37270888648648615 
0.0234 1 0.037474092071473314 0.18050414414414404 
0.2615 2 0.060806957551338574 0.3063194378378379 
0.3449 2 0.043303831628729826 0.25146387027027006 
0.1784 1 0.04969392486139621 0.21215012612612597 
0.2171 2 0.05492915008943543 0.2441402954954955 
0.4261 3 0.04617860996326785 0.2462635387387384 
0.2121 2 0.06183505718390477 0.3236369729729732 
0.6382 3 0.036219585204023755 0.23558312072072085 
0.1942 1 0.07432167102989247 0.3972364252252255 
0.4014 3 0.07344688431762367 0.4207084108108113 
0.9390 3 0.0960636221536926 0.5417199135135131 
0.4151 3 0.06414882376168288 0.4052360792792797 
0.8417 3 0.12200950339132925 0.5430685261261263 
0.2485 2 0.051336777770594304 0.2770081873873874 
0.6680 3 0.07851748070947402 0.3926554090090093 
0.3339 2 0.05184682373911189 0.3119469549549548 
0.4349 3 0.0557596318585376 0.2797351927927926 
0.0349 1 0.032970998079417654 0.17783681441441454 
0.2471 2 0.055927120502366076 0.32307374414414425 
0.5162 3 0.05082446956950108 0.2725960792792792 
0.3353 2 0.04298548051802622 0.17253809009009044 
0.1160 1 0.0323326843008713 0.18572475675675693 
0.1662 1 0.037966570163930104 0.2218002450450452 
0.0137 1 0.04139339041597604 0.21183371531531536 
0.4175 3 0.0650887657322225 0.3962514450450451 
0.3988 2 0.09097282712144177 0.46988178738738756 
0.2290 2 0.03786631617011831 0.20268769729729721 
0.5694 3 0.09522652742593092 0.5271372252252253 
0.3016 2 0.06920014932755149 0.3839932684684687 
0.3530 2 0.09991466099160076 0.5079967567567568 
0.2078 2 0.04857932375285801 0.26485940180180156 
0.5263 3 0.05171262325173434 0.3088313945945947 
0.5711 3 0.05229429102519343 0.3080007063063065 
0.5443 3 0.05021021529904261 0.2574634810810812 
