0.3471 2 0.07660889883419604 0.4649389806424806 
0.6155 3 0.0684897000301034 0.5011399645807979 
0.2534 2 0.07562022839680722 0.6511869046171487 
0.0632 1 0.14928511008697468 0.5048458142356103 
0.0156 1 0.06455022902459344 0.39363276420786864 
0.0434 1 0.07975044174576917 0.4366511644947895 
0.0814 1 0.09215172677634442 0.46331512749651294 
0.5720 3 0.14683139667192568 0.6339279431710528 
0.0137 1 0.06725577097119956 0.4719119925756095 
0.2370 2 0.09300163936292248 0.453529190755311 
0.4286 3 0.09641422428485577 0.7578373957733348 
0.2397 2 0.06818184905312571 0.6852048650098148 
0.7510 3 0.1193527243061848 0.740312990993254 
0.0148 1 0.07463199134521649 0.4480920413575514 
0.0552 1 0.06847939031921024 0.4175377689699234 
0.6662 3 0.08136946619994663 0.48060593086678993 
0.5585 3 0.09545415787413228 0.643444211137743 
0.0274 1 0.07872382475225215 0.411769412363181 
0.1269 1 0.08466891654626052 0.5001343346710783 
0.1079 1 0.10529968186545381 0.5361043482758686 
0.1182 1 0.06858183697795396 0.4014858254500286 
0.0058 1 0.07006428007586042 0.40468736593653 
0.0894 1 0.10240553023085062 0.4635708639880323 
0.6816 3 0.09577176242811339 0.49390999290768384 
0.1401 1 0.04695888854706461 0.3175547456120767 
0.7615 3 0.09552828583719766 0.45736672534987877 
0.1466 1 0.08120891770104133 0.5319153740058973 
0.4480 3 0.051478149209999616 0.3522794428398192 
0.3509 2 0.0780900539928563 0.46680929005877997 
0.1680 1 0.07993061192615933 0.4111623184956844 
0.3616 2 0.06861621805168107 0.43932324404407713 
0.2239 2 0.07923543991182366 0.40845859823610225 
0.3439 2 0.10446361981266288 0.5227976107312788 
0.5761 3 0.08100066577004235 0.5769689497406143 
0.4894 3 0.09973008979698661 0.5800124843036609 
0.0533 1 0.09442553259738867 0.5328700141991358 
0.2748 2 0.11931205487205582 0.702420012891831 
0.4954 3 0.13593640069840188 0.6292173666586168 
0.3686 2 0.11116470268486649 0.5386658080055203 
0.2012 2 0.08806858513157226 0.46568527803720644 
0.5063 3 0.09999951244245017 0.5588009020832541 
0.2479 2 0.10781222231294248 0.5029494288743082 
0.2292 2 0.07803890257224873 0.39136715748379364 
0.0674 1 0.10086591278326282 0.5682952475193306 
0.1439 1 0.08106964820850433 0.4476789574691358 
0.0510 1 0.09167205780671255 0.531528452229555 
0.0160 1 0.09581375677024993 0.47255178871398673 
0.6000 3 0.1502716414395549 0.5032632494160569 
0.1834 1 0.08728643779563706 0.8469340985903763 
0.2152 2 0.10248147221306797 0.49002716552357023 
0.5048 3 0.09517326454905088 0.4736580724399464 
0.1298 1 0.07534565702201476 0.3772117491773388 
0.2783 2 0.12558675537777578 0.6038274879061063 
0.3431 2 0.06399746393260862 0.4259168109992607 
0.2406 2 0.07797250126634361 0.5847767561366635 
0.0425 1 0.13639702208845536 0.6121404223263378 
0.4089 3 0.06624711393223255 0.4503564026498205 
0.2864 2 0.07622521082999309 0.5796812896371121 
0.0584 1 0.06112872446541463 0.39402864049113845 
0.4645 3 0.08379952084283752 0.5069268213474497 
0.4903 3 0.15593354782739152 0.561752719027776 
0.1718 1 0.08304971000988108 0.4790189286088715 
0.1905 1 0.08497138352952856 0.43920727354108385 
0.7115 3 0.09442209322028926 0.88802093725725 
0.9737 3 0.10188435863739921 0.8193762641558715 
0.4255 3 0.05412294253312702 0.3845681780759186 
0.3028 2 0.10977777889802019 0.8791913001092325 
0.6379 3 0.11423824599894813 0.8386891703847359 
0.3995 2 0.10029046870773432 0.6582866154921139 
0.3463 2 0.06249451563455778 0.3909970532062654 
0.0760 1 0.07072599626283876 0.4237540005196716 
0.0348 1 0.07980127678911253 0.5161189431973326 
0.3417 2 0.11369304009144389 0.5287942100196087 
0.3061 2 0.09675743627109966 0.4721167691356386 
0.3086 2 0.10826638218650737 0.5204030952330286 
0.0041 1 0.0741705732795479 0.3710986020498312 
0.1516 1 0.11290668453791276 0.547997914991618 
0.0131 1 0.10881695875591328 0.4770906115743129 
0.4235 3 0.08774432370028995 0.7338280994946835 
0.0635 1 0.07546489843933181 0.4172063309040531 
0.0229 1 0.07077848793502647 0.4713932510245651 
0.4885 3 0.08492053059813909 0.4635615191207327 
0.0335 1 0.0890989007459478 0.49308899556914537 
0.2771 2 0.11005301268298771 0.582111046462378 
0.1968 1 0.07157904906726101 0.4096966424163112 
0.0172 1 0.07078889638053956 0.4005608679178695 
0.3418 2 0.06520797718478633 0.43598967211865974 
0.1429 1 0.08431567139946423 0.4860688506477454 
0.0053 1 0.06290685580640669 0.45612244996493984 
0.3094 2 0.1753989015910056 0.6187403505612383 
0.4946 3 0.10484986324868098 0.5132575150257617 
0.2172 2 0.0814726043896843 0.788560433278035 
0.1579 1 0.14140534797242899 0.632769294992846 
0.1663 1 0.08763355547445104 0.5050575498291511 
0.2344 2 0.047120673974935585 0.32404868209706184 
0.5351 3 0.11159240584822648 0.7635515154408057 
0.3038 2 0.15559550452896406 0.5191962751656028 
0.4097 3 0.07042925819320899 0.39849838101327634 
0.2331 2 0.10103545065679438 0.5443174040335361 
0.3420 2 0.13144144654092219 0.6310678259975029 
0.0300 1 0.0775368616796634 0.4238001907408398 
0.2671 2 0.07697982154506045 0.5408246372703871 
0.8475 3 0.10530398632647694 0.8686484977126965 
0.2091 2 0.0855806189256597 0.33588770959903924 
0.1918 1 0.09334570388345768 0.572805263860122 
0.2975 2 0.10157026488541236 0.6032227851311835 
0.3313 2 0.09117118182657186 0.4577569131655254 
0.2160 2 0.12065236778566085 0.6361011375643504 
0.1225 1 0.10497722472401015 0.5651064306661793 
0.7873 3 0.1319933165222747 0.7134888934951522 
0.1944 1 0.08806254325082426 0.3299858867043731 
0.3868 2 0.11317976103508494 0.5341846376732866 
0.3104 2 0.0868161800310367 0.4984805710643559 
0.2425 2 0.08672503398572502 0.5056787328111241 
0.3273 2 0.10809226623646445 0.6191435345437349 
0.3967 2 0.09664305194452512 0.6280003077676375 
0.2653 2 0.04275682591187299 0.30693756216605844 
0.2286 2 0.07472568946975354 0.5788371838697641 
0.2161 2 0.08083134220644744 0.44391573744528434 
0.4182 3 0.0799483046090322 0.5344137433873112 
0.0132 1 0.06715988249071966 0.3862712363305837 
0.5047 3 0.06870676676896698 0.3957002013628227 
0.6464 3 0.16720919807657914 0.6714300486710345 
0.0966 1 0.07736459413144621 0.7533432967028058 
0.3201 2 0.12123664200397287 0.6204825919101205 
0.1025 1 0.13022513414673825 0.5556510034667154 
0.2373 2 0.1008300187936901 0.5326308677255438 
0.2382 2 0.09145845752767286 0.5009337708967652 
0.1067 1 0.11939229743741187 0.6151300497243355 
0.5314 3 0.12228854335484662 0.6269135116494946 
0.3647 2 0.0973414634441544 0.4817693123304417 
0.0052 1 0.07713134804250625 0.38944971691533276 
0.0381 1 0.0950495235023143 0.48041000448176063 
0.4181 3 0.11033718492366368 0.43273622418660673 
0.1754 1 0.09270893137528727 0.535872546074512 
0.1377 1 0.09190779609977533 0.419679348724865 
0.0047 1 0.07497079701558616 0.3958728581606556 
0.2386 2 0.08507270768625781 0.4335400101541236 
0.0099 1 0.10154525025397176 0.5277010329277402 
0.0664 1 0.11122084246519899 0.6051388995849704 
0.7118 3 0.11234352440413134 0.6186010139218705 
0.0060 1 0.10730139467689334 0.5162296595496881 
0.1419 1 0.08844950602868462 0.4553329485818612 
0.6414 3 0.13252706003818573 0.6321461656319153 
0.1712 1 0.10237634719798355 0.5888764768386463 
0.2299 2 0.10365619803770115 0.5007954842074833 
0.8823 3 0.14733783080849 0.45109795097888117 
0.0190 1 0.06224780348273764 0.3309297640044534 
0.1311 1 0.06848040000369073 0.5079799357334268 
0.5438 3 0.11295007092860399 0.5667175574511347 
0.5864 3 0.10917323563874054 0.5534703465427082 
0.3646 2 0.07841718015462476 0.41597632857088307 
0.2766 2 0.08235901816455848 0.47869678413606004 
0.8504 3 0.12123094809098849 0.5912869320134343 
0.0189 1 0.06624096923488487 0.3720431530203277 
0.5850 3 0.16701598513872437 0.5943870475334478 
0.4410 3 0.09925431040241743 0.5401018601993854 
0.0689 1 0.04889165117433731 0.4092972844797987 
0.5256 3 0.08381917695869155 0.5276335218616369 
0.0713 1 0.0656919067372757 0.3723578329614248 
0.3231 2 0.1091223726840151 0.5656703996446157 
0.5174 3 0.1099911336399278 0.5033042055897822 
0.4950 3 0.04957765507565301 0.4048052419095402 
0.6481 3 0.14558060388916114 0.6054206189740361 
0.4617 3 0.07360924718553886 0.4040515591776348 
0.7586 3 0.12582584215011264 0.5234955814939896 
0.2968 2 0.0784411864687838 0.4429751006462319 
0.1001 1 0.11494939465792207 0.6022525733215298 
0.7131 3 0.09563672614973097 0.5247888634248593 
0.1606 1 0.1259699410459932 0.6132028444742609 
0.7015 3 0.1083428947789365 0.5921319201262305 
0.4556 3 0.09379279447238877 0.5734951090236499 
0.3980 2 0.08466936904805245 0.4597041706446981 
0.2542 2 0.12082993475508169 0.749511886382068 
0.1946 1 0.11244260795699346 0.47117726565754137 
0.0675 1 0.03902371063415037 0.3430731844130351 
0.0063 1 0.06329295636663476 0.3806757005135224 
0.2816 2 0.10444139681841344 0.44016413609213495 
0.1705 1 0.09444617595941902 0.4951973892166934 
0.9167 3 0.07981228331102826 0.417530968913532 
0.3690 2 0.08026119726280154 0.3815029561720585 
0.0018 1 0.06592237663598857 0.3851019095569936 
0.5666 3 0.141277589532213 0.5986314968471996 
0.8082 3 0.11542150326430525 0.663192782629514 
0.5087 3 0.11669047410166485 0.5438897050235536 
0.3864 2 0.08210173069406955 0.4146253651136286 
0.4092 3 0.11024193966760615 0.5862080214875969 
0.1260 1 0.09945837971045468 0.5556995321674477 
0.2826 2 0.09187816969398856 0.48647275749623076 
0.3612 2 0.08938392111058026 0.5310718257640984 
0.4788 3 0.09758005617780109 0.5717157877140853 
0.1774 1 0.08494967849990367 0.5454246409770203 
0.2740 2 0.08664938441407734 0.478590850026747 
0.3799 2 0.08027364044352338 0.4340384569123126 
0.7165 3 0.12263939381489776 0.5918956513099983 
0.3418 2 0.11032149901445168 0.6485189358952848 
0.2620 2 0.07771510676766549 0.3848935943751422 
0.6153 3 0.13911449882807309 0.6490094612533068 
0.6423 3 0.12175668752101797 0.6695564951390043 
0.2862 2 0.08819521968351579 0.5452636130441387 
0.1939 1 0.09998216811655933 0.5521285303049153 
0.4299 3 0.07140651149520774 0.3794198836949071 
0.5588 3 0.08773156759807692 0.5582814500631358 
0.6582 3 0.10075096390146686 0.5007920419649163 
0.0555 1 0.062323782138087105 0.4098456239324588 
0.7034 3 0.12953212904438946 0.6751678825675118 
0.5147 3 0.12993240153738006 0.500458773614293 
0.1829 1 0.11785313189115929 0.6559796228792039 
0.3997 2 0.06898828812346072 0.4490400281573311 
0.5820 3 0.12055585790980157 0.6345650719064071 
0.5469 3 0.12462734589151157 0.614889012014064 
0.1972 1 0.07836823381111054 0.503956183158909 
0.7838 3 0.15530447483713256 0.7600074743383447 
0.9321 3 0.13670836106961617 0.6333746442636693 
0.1603 1 0.07926480409017271 0.4611518065712589 
0.0405 1 0.10382947237638238 0.506489747948217 
0.2731 2 0.11705337195179605 0.4277285437529936 
0.2551 2 0.1003344006838783 0.4384248810242715 
0.0637 1 0.08232879097002288 0.4293655741848707 
0.1988 1 0.08610183754949303 0.4509517553411205 
0.7063 3 0.08442363685422352 0.48620249198462984 
0.1701 1 0.12324695669946191 0.5671154904206706 
0.2077 2 0.05798555364124965 0.37683608425821885 
0.1540 1 0.10085769421101938 0.5204672056098569 
0.3039 2 0.11881758414718438 0.6486746685744 
0.9028 3 0.1383861669615292 0.7000635971431766 
0.4171 3 0.11127398120672967 0.577349928414318 
0.9151 3 0.13088020551322455 0.6053495134289406 
0.2272 2 0.09470826257380291 0.47302962271913573 
0.6065 3 0.09817255494860416 0.4924064546505398 
0.3405 2 0.09963462909316588 0.5332297572422685 
0.3040 2 0.12683460054012125 0.7023918967854552 
0.0832 1 0.07882012656564022 0.43085049054488617 
0.2048 2 0.07576480776658844 0.45327378971866705 
0.3908 2 0.07398237666407562 0.39839025675439915 
0.3148 2 0.10506585201417636 0.5102700090588115 
0.1223 1 0.06461877262492642 0.3994054059986666 
0.1543 1 0.09725686259319773 0.5423144402167746 
0.0219 1 0.07979564692094768 0.4408547388061196 
0.2813 2 0.11133334816680936 0.5970643602369892 
0.4063 3 0.08326604035275553 0.42641084694399617 
0.3227 2 0.08487075988840323 0.46630670647241634 
0.3866 2 0.12069171323869654 0.6381844324148551 
0.2998 2 0.08567980662930685 0.5321590007078048 
0.3603 2 0.10595978459246921 0.5489017399674629 
0.2235 2 0.10984029223111011 0.5297857401453948 
0.1565 1 0.0770679706477608 0.4633675495364661 
0.4189 3 0.10690429310414104 0.5616089700500452 
0.2959 2 0.08365266946310851 0.49320754834463143 
