0.2619 2 0.026629477695834455 0.11652249055101538 
0.6124 3 0.04178538166326646 0.2547686935930094 
0.2131 2 0.05458547322046539 0.3326035338916693 
0.1477 1 0.031650728863033266 0.1385122781716292 
0.0197 1 0.04787260363141468 0.19227423228500046 
0.1107 1 0.016372557705660633 0.09268081624177445 
0.1956 1 0.041481214755916554 0.23168586946295808 
0.6544 3 0.071949135805554 0.20364809298098754 
0.0073 1 0.02166669098488099 0.09170008614891223 
0.1223 1 0.03097549395327688 0.15089806302925107 
0.2279 2 0.022457974769708393 0.1389253396754602 
0.7555 3 0.03925326638079164 0.15293341266641952 
0.7920 3 0.07253243156561298 0.40324879308741873 
0.1045 1 0.021927984346830746 0.10331475506200785 
0.0535 1 0.021637324835760734 0.13813602968360933 
0.3612 2 0.054662635265628604 0.2279185661182889 
0.7929 3 0.04560132570230489 0.19423042698624918 
0.0175 1 0.015154680722920371 0.07769215617509545 
0.0691 1 0.020661466944740487 0.10602491452480448 
0.0417 1 0.040632327745512474 0.2010123852287123 
0.2567 2 0.011224235798100416 0.0596042892280191 
0.0181 1 0.007928981104056904 0.04088970535331758 
0.3925 2 0.051197624701894234 0.21237003727930043 
0.6658 3 0.0497809951590642 0.18821897464041462 
0.2347 2 0.01803345679103042 0.09673953133070126 
0.6258 3 0.03842371295335466 0.17759082040706864 
0.2709 2 0.040202110593526796 0.21047230969702002 
0.4325 3 0.06530849612196778 0.21904536670083746 
0.3764 2 0.022840955683691055 0.11976779557799928 
0.2227 2 0.026368964931500642 0.151316549876206 
0.2336 2 0.02386364448411736 0.10478213547907282 
0.2879 2 0.02913267555365968 0.12932701079640438 
0.4801 3 0.043762472300810214 0.22389663565303947 
0.6958 3 0.07120238427554104 0.290140028921672 
0.5568 3 0.023220600874517286 0.10370292154470784 
0.1260 1 0.029513307443553908 0.1600408769493991 
0.3774 2 0.032897405566188614 0.192678158611966 
0.4101 3 0.04239042381475648 0.22124490959033488 
0.2600 2 0.03790047540756667 0.19479673877517684 
0.2096 2 0.009602856384402735 0.06379757326804189 
0.3256 2 0.043871340732582746 0.21391378439171174 
0.4199 3 0.03557304189939213 0.1752336287057561 
0.2159 2 0.015664110515048377 0.09167916568408321 
0.0472 1 0.014390043481875362 0.07467403513859953 
0.1577 1 0.0180383543494956 0.08660809946695171 
0.0745 1 0.017922771706562268 0.08584407523811426 
0.0442 1 0.027600019704014395 0.14961269827965792 
0.1259 1 0.025905376019965155 0.1286246073043496 
0.2904 2 0.03959416320394517 0.19682966096602753 
0.5096 3 0.07292352181101021 0.24562278221203582 
0.6273 3 0.04631700014085608 0.2252277185648773 
0.5280 3 0.04098897208030802 0.19588269481011897 
0.4573 3 0.046788751017383765 0.27174057514851263 
0.1199 1 0.016665306601037974 0.08014730170686829 
0.3705 2 0.045491256945970504 0.15783571399949964 
0.0581 1 0.0859686974048195 0.41246088917211515 
0.3256 2 0.04205795255975084 0.2117822826842545 
0.2169 2 0.031072966424245944 0.17178957350876417 
0.0507 1 0.03007150174925155 0.1356910414440943 
0.1803 1 0.023954687124109832 0.12378182090600538 
0.6086 3 0.05730259945264794 0.2866239464026429 
0.2958 2 0.01823034931444132 0.1103870583634053 
0.2525 2 0.013217262561131052 0.06325593573797803 
0.4985 3 0.04380317546000764 0.24755739033935892 
0.8442 3 0.05070158803930119 0.20774087317674833 
0.5153 3 0.03235897548388144 0.20922275765047674 
0.2026 2 0.03132067032774712 0.1694166028712146 
0.6985 3 0.12672376349258177 0.6718863500619107 
0.4225 3 0.12569223802965768 0.32815856491252665 
0.4640 3 0.03776191714145399 0.20079010188058474 
0.0555 1 0.012150256651159775 0.05552752937884391 
0.2875 2 0.04799244031673461 0.21656443854755966 
0.3753 2 0.05774158038174794 0.31190383024546875 
0.3832 2 0.027753485125054836 0.14580901361059756 
0.2238 2 0.02175325946549361 0.11940221624609726 
0.0079 1 0.007211173826374146 0.03562231063082455 
0.4243 3 0.03437293170804624 0.1735521807087041 
0.0167 1 0.01899475586697833 0.0739037889342731 
0.4773 3 0.01969005613529572 0.0964690523624914 
0.2627 2 0.044972971255330486 0.2436254352229567 
0.0668 1 0.05337583221515447 0.14040202485451808 
0.5962 3 0.0325846003513402 0.17694246924518925 
0.0412 1 0.02285385086493804 0.1139599643400051 
0.1631 1 0.05435405089001959 0.2910278391132393 
0.3080 2 0.026915355950658637 0.13247963014484088 
0.0453 1 0.022290807658243546 0.11277508168808761 
0.3063 2 0.023400374865760565 0.10849202432713753 
0.1448 1 0.020622431670612482 0.10234987976144491 
0.0137 1 0.00897532310897978 0.04407226548300519 
0.3864 2 0.06095430383854748 0.2465581923292226 
0.2777 2 0.009810413442086757 0.039474026133276344 
0.4473 3 0.02424822229897949 0.1048658813356443 
0.2409 2 0.05735495622896783 0.2134826256208687 
0.0159 1 0.01069301092647332 0.05215901391629614 
0.1909 1 0.011954809944711558 0.053883958054436784 
0.5228 3 0.08104312445249505 0.37949353835365496 
0.1299 1 0.017673071928247144 0.09437595276228686 
0.3947 2 0.03307838271055421 0.1732711358026387 
0.2280 2 0.04064786055833385 0.1941050363921069 
0.5097 3 0.04426247001517951 0.20949010450766076 
0.0422 1 0.013695491762062506 0.06199042375237229 
0.3810 2 0.03923467028359332 0.21687278854524075 
0.9102 3 0.07222443581322795 0.3520249842732289 
0.1867 1 0.051271067614478895 0.14285105268763348 
0.2887 2 0.06033557005290342 0.27706249789432286 
0.3905 2 0.07303173910418626 0.29339414679091896 
0.4293 3 0.04846096031809543 0.24024409959145787 
0.2733 2 0.04245554121889875 0.19867188635504845 
0.2225 2 0.043541314877155485 0.23190095339041705 
0.9015 3 0.0595110720668389 0.31806552861645065 
0.4468 3 0.04851135771681914 0.1748789216035411 
0.1498 1 0.01825515991543159 0.10514141104652733 
0.4099 3 0.012666161222828584 0.06534705017571049 
0.2541 2 0.032552415530405554 0.170919635578528 
0.6509 3 0.061922797371423074 0.3260218752834578 
0.3326 2 0.030423751976685096 0.1746405634675747 
0.3015 2 0.008843746110273516 0.03855589740159181 
0.4787 3 0.028661344543580474 0.1798960065678075 
0.1604 1 0.02041556016322737 0.09546859989620027 
0.4580 3 0.03204831706538679 0.19511982092313976 
0.0078 1 0.02060778309020147 0.08069354599948615 
0.5002 3 0.020876885837847407 0.10684297607531401 
0.5685 3 0.06589353492314023 0.30451112972194005 
0.1951 1 0.014211081290425287 0.06901263189066444 
0.4743 3 0.028070976726592194 0.15272178070382514 
0.1796 1 0.018009204622032732 0.0875958578306211 
0.2291 2 0.08184755351279077 0.4249506408258221 
0.2484 2 0.01577848258183953 0.07827494467311973 
0.1746 1 0.11583228212439975 0.5236939829265694 
0.4914 3 0.07374774657864397 0.3394944028122611 
0.5479 3 0.024150815735155092 0.11480895740886314 
0.0131 1 0.015285372341367695 0.06194279092098328 
0.0112 1 0.04591955643202653 0.14474403237642977 
0.4021 3 0.016760620345995843 0.06742563242315498 
0.1538 1 0.0641722428936299 0.21620663165385795 
0.2443 2 0.020107906929051143 0.09380195830771032 
0.0233 1 0.026101362127833795 0.1401280420677045 
0.2357 2 0.013472754390045028 0.047204013628410216 
0.0917 1 0.01569384605245309 0.07955465042933019 
0.1291 1 0.026671496139533762 0.11449463548451673 
0.6345 3 0.06769858076130646 0.2689891869537179 
0.0565 1 0.04147964771186197 0.15121321375867353 
0.0955 1 0.01933199486736652 0.10634251956367453 
0.8143 3 0.08656768393232837 0.33824139287862237 
0.0754 1 0.04089213876729507 0.2183094461464316 
0.2474 2 0.011564303030612715 0.06315017135165404 
0.8334 3 0.053594708790117046 0.22258433592085108 
0.0155 1 0.01726700156015604 0.09641887222141403 
0.1344 1 0.03097963549717529 0.17517109785262952 
0.6003 3 0.03878324468127871 0.15373277322194007 
0.7768 3 0.06901264791073253 0.29867542835458327 
0.2965 2 0.02980807319504038 0.138107804714989 
0.3121 2 0.034925115013452496 0.17377628141641235 
0.7394 3 0.08023519708526428 0.33653879051542906 
0.5506 3 0.022525929791468304 0.08722608651614208 
0.6981 3 0.06236176287295666 0.19113938691158805 
0.4953 3 0.05744049897538225 0.31278055124172244 
0.0763 1 0.021855740993922686 0.12053749303270526 
0.3370 2 0.03543490690263719 0.17535039624935042 
0.0909 1 0.013108418700997082 0.04977252339943624 
0.3046 2 0.0581554260081166 0.23145887496621825 
0.6690 3 0.054589308859309404 0.2778020778223243 
0.4788 3 0.016732518995160883 0.08936560850627245 
0.7991 3 0.14673290067270234 0.4985065450948391 
0.1147 1 0.024115011508275122 0.1018586450002803 
0.3854 2 0.01737093180734376 0.12499749466872541 
0.3626 2 0.011613223140734978 0.048847967799571144 
0.2242 2 0.047238303310228276 0.24892729279488796 
0.5831 3 0.05258584621415354 0.2627528940216455 
0.2057 2 0.016176031191922353 0.08113730599403152 
0.4089 3 0.06471018364750934 0.3383492332888805 
0.0962 1 0.015736973456148884 0.07376657555733565 
0.5045 3 0.10247341263357072 0.40128671662852333 
0.3532 2 0.061977296883682684 0.31737963082467147 
0.0915 1 0.05073947401200306 0.1901119039352718 
0.3463 2 0.030730711921144047 0.16371886669134833 
0.0278 1 0.008734843326638842 0.05461932218883062 
0.3729 2 0.030667919394466645 0.12562154767305128 
0.3351 2 0.021253122586019687 0.08151680650743266 
0.5962 3 0.0231745288952291 0.10600392325494079 
0.0944 1 0.022414789386315713 0.089558087452671 
0.4604 3 0.028520884157585497 0.16108772314813682 
0.6284 3 0.0509572735098936 0.22031099406776802 
0.8672 3 0.0684720050141025 0.37987087849766027 
0.7566 3 0.05704028368513133 0.26798413626990814 
0.1886 1 0.06979326067272547 0.16537812847900174 
0.3989 2 0.031061853032997334 0.17775239696264886 
0.2501 2 0.02348479845736349 0.12391652258690589 
0.1398 1 0.007879428236990296 0.03594122088618383 
0.3484 2 0.024670773703480652 0.1259786407475072 
0.6734 3 0.058138372483690914 0.3546354777512898 
0.1667 1 0.03756185841580375 0.18396406661086984 
0.4779 3 0.03839287691205421 0.19562402382686525 
0.2707 2 0.027426555133088632 0.14633470038923602 
0.6194 3 0.03999702631841272 0.17476270555093376 
0.2750 2 0.030178102402380707 0.12613145299149633 
0.3570 2 0.04504047836236617 0.19860898666488908 
0.5911 3 0.012558695901108982 0.06290490830542003 
0.6171 3 0.039312716882187106 0.19196575501085925 
0.3639 2 0.024933180493897464 0.11100377585865906 
0.2542 2 0.020719762162211122 0.09795713433163675 
0.1077 1 0.037868442341460216 0.17482068718129454 
0.6713 3 0.047915144338397976 0.23987822156693714 
0.3361 2 0.014099202712139939 0.06788865753396979 
0.5310 3 0.03780785100793966 0.15518252744792374 
0.5934 3 0.021698618282489656 0.10660126570763273 
0.4983 3 0.029024735592657856 0.1337669951558469 
0.2928 2 0.02682345096920409 0.1369355138976017 
0.3202 2 0.025191524186934232 0.14696200955571212 
0.6709 3 0.032483138383530806 0.16468954013576775 
0.7441 3 0.04094461254234483 0.19947137621895572 
0.7578 3 0.03697668171628401 0.22433248772881081 
0.8635 3 0.06988290123898541 0.32060950515485437 
0.8376 3 0.017471324693849 0.09172599298592214 
0.1754 1 0.03493193900869448 0.18278599238764287 
0.0162 1 0.022071925315094703 0.09444638115252149 
0.3274 2 0.04068335877793681 0.17714541447673393 
0.2966 2 0.0132376854801545 0.061079008316555064 
0.1058 1 0.018396767957215097 0.09348280820572244 
0.3091 2 0.028621937136121864 0.1490075839567752 
0.4564 3 0.022475191040936194 0.09253124988146184 
0.1477 1 0.03109583119569366 0.138768296307897 
0.4682 3 0.02298991769606062 0.09841246511634105 
0.2496 2 0.04186484302000717 0.18091817893131473 
0.3259 2 0.045848613633623726 0.2598096413975509 
0.9046 3 0.061274343106944504 0.27409939085939 
0.4488 3 0.02782682204966031 0.14415501711968845 
0.7750 3 0.06495419907239834 0.31328054750646583 
0.3117 2 0.01921968999409708 0.09936691281595687 
0.6362 3 0.026034228631324555 0.12158211822056093 
0.3779 2 0.038536362079282675 0.19180097784227684 
0.3139 2 0.03216572754744527 0.13781592583795427 
0.0231 1 0.007865563599470105 0.03887507721027757 
0.3276 2 0.0366630721181607 0.18459406312337445 
0.5869 3 0.03668099195428119 0.16604073237054737 
0.2116 2 0.009924044026783941 0.04244475700333828 
0.1433 1 0.012234372543972746 0.061883735077155756 
0.0166 1 0.020907991785017444 0.09724879971064859 
0.0044 1 0.01791513932248203 0.07301891333029933 
0.2887 2 0.01550078096465239 0.08163092790652504 
0.3772 2 0.03817063523905856 0.2136612681815065 
0.1528 1 0.012170655431408647 0.05339619057575488 
0.5566 3 0.050938024512100166 0.24687404456247236 
0.4049 3 0.03532070106642136 0.16029402529066344 
0.3286 2 0.056876070181916566 0.2479129600860285 
0.1577 1 0.03086421489754865 0.16795063132106253 
0.1027 1 0.021231006239594476 0.09492754622493513 
0.3597 2 0.03485539655984573 0.16378213449363024 
0.1615 1 0.013240532916514777 0.054924421682206126 
