0.0751 1 0.03619654106367867 0.14782798172018274 0.08257975599310685 0.09583094445916444 0.09201226139193071 0.037746720717777044 1.1042595706725626 
0.1463 1 0.07037047593434168 0.4531680383196168 0.29682881587081134 0.34504306499524795 0.26176925712697924 0.18152200345883612 1.406762320319412 
0.0869 1 0.05902173066366439 0.44325154748452505 0.12853727610045826 0.1530630512864304 0.2511366390740947 0.09623038709004693 1.1290016028114047 
0.0030 1 0.05054284651244716 0.19017514824851808 0.04777151789249706 0.05926922317470281 0.12035899738048261 0.040362594045616026 1.0805207841232414 
0.2749 2 0.03498991294360729 0.1350433495665037 0.04711439210902074 0.055583929191848 0.0850166312550555 0.030179951138055133 1.059416588906781 
0.4194 3 0.1330262489336522 0.39016703832961674 0.23256521671440306 0.36623367296773324 0.2615966436316345 0.24503752602857334 1.9861823334122493 
0.0011 1 0.058533341866794465 0.3688207717922821 0.27280826107982503 0.34858311576081036 0.2136770568295383 0.16035329167167525 1.598721098965246 
0.2029 2 0.06946900579665989 0.3876392136078639 0.44412543007937194 0.520981893550355 0.2285541097022619 0.27088307510408377 5.640239289343759 
0.0878 1 0.02672227453308752 0.20220988790112093 0.07751144273507836 0.10270148932043832 0.11446608121710422 0.04412979769904113 1.0878052937241423 
0.7438 3 0.09232898841251408 0.40575467245327507 0.2303223504003048 0.2717621717872034 0.24904183043289457 0.17101317641567215 2.1227408394004037 
0.2310 2 0.03258904657460368 0.1866249337506623 0.10371185604271475 0.14959107094776405 0.10960699016263299 0.0630858826885998 1.2274522521165423 
0.0319 1 0.041845307744240286 0.17963669363306342 0.06279244702960599 0.08139032724625161 0.11074100068865185 0.04233709318109278 1.1015304194445732 
0.6889 3 0.04865169494832552 0.25408168918310803 0.4114454569244905 0.4543368562982728 0.15136669206571676 0.15817246787124462 2.9823646230034666 
0.0275 1 0.04307764260316375 0.19153599464005402 0.059370143940274865 0.07454859785701315 0.11730681862160888 0.04471327785958745 1.1075691802248868 
0.0707 1 0.03687411613673366 0.17422682773172266 0.056092088088931145 0.07001526907655985 0.10555047193422816 0.04073175984799357 1.0954159890976107 
1.0000 3 0.09972474979574726 0.3249397006029939 0.22619042723406088 0.34504344724142244 0.21233222519937056 0.17226571961902176 2.0940291497532986 
0.0066 1 0.05613395239608556 0.19428768712312838 0.24476212794144647 0.3123706567166717 0.12521081975960696 0.10118078272548087 1.7288453983707146 
0.3733 2 0.05956657300669488 0.32346544534554644 0.2904050469277205 0.3862493349699794 0.19151600917612066 0.1547290472161301 2.251999544018341 
0.5273 3 0.06528635476355116 0.38652473475265225 0.1648773062817458 0.2042502303813062 0.2259055447581017 0.11447334569393239 1.2716118854676886 
0.1920 1 0.034314635403672605 0.1843059469405305 0.09808399351881783 0.1225298053013085 0.10931029117210156 0.0532374574152884 1.1809847884861968 
0.5141 3 0.043063926837210914 0.22591238087619123 0.1319318382885994 0.15679801905511068 0.13448815385670107 0.07605705043109372 1.3441603683527745 
0.8642 3 0.15205255752146465 0.45153284467155375 0.15205847161234806 0.26468114639698553 0.3017927010965092 0.1961777604788439 1.9545400652769735 
0.3708 2 0.028704940332154334 0.20145037549624528 0.0837932145820039 0.12112955855010724 0.11507765791419981 0.06042276380226545 1.2156529038396937 
0.1126 1 0.03669475067789323 0.14854185458145427 0.052644665711483185 0.06848035063181583 0.09261830262967376 0.031809331256864734 1.0678615215387437 
0.2605 2 0.04087666886004986 0.13386693133068653 0.02556118087055418 0.03339102635347386 0.0873718000953682 0.022010402014895562 1.0268994766391772 
0.3362 2 0.04138709462659835 0.19636280637193612 0.11301320434736072 0.13933304813320035 0.11887495049926723 0.05782688862815123 1.2063155815685103 
0.7548 3 0.04209580464375567 0.23736672633273637 0.12647344556188492 0.18412681008886106 0.13973126548824602 0.08802844679520913 1.3877293092068792 
0.2886 2 0.031455040739720795 0.18822510774892262 0.13122454500030728 0.16945561153853048 0.10984007424432171 0.0632187325634491 1.2753144734372484 
0.2441 2 0.020001288551498696 0.11655827441725597 0.06797001303419965 0.09562062910607767 0.06827978148437733 0.031166581974271475 1.0867830430929706 
0.6099 3 0.07841934110157978 0.4220227897721024 0.7120884541117034 0.8139827821753178 0.2502210654368411 0.33247221887601436 10.241839359730221 
0.3308 2 0.07114006051307842 0.43348276517234857 0.19522554384373 0.24060940757264082 0.2523114128427135 0.1448507553963114 1.3757890637916004 
0.0172 1 0.019217154338596637 0.11092808071919294 0.08306654201661623 0.10626875506880373 0.06507261752889479 0.03108086969830985 1.0995484391070065 
0.2003 2 0.0376666003314195 0.1914965250347495 0.13414068781824373 0.17458016310951074 0.1145815626830845 0.06447080626934999 1.2491354106527806 
0.0756 1 0.01761237895047908 0.08422204777952216 0.05942924130269015 0.07862473633163704 0.05091721336500062 0.019650814974057004 1.0470324877327744 
0.0813 1 0.029266163738466636 0.1451874681253188 0.1622758305704293 0.20517674360900884 0.08722681593189271 0.05416670182938178 1.2314011009930053 
0.0432 1 0.02309751337472976 0.08457583424165782 0.049774314847262226 0.06532457820378193 0.05383667380819379 0.017918149379894287 1.0340931942470701 
0.0000 1 0.018491561736893862 0.07077973220267816 0.04581316849674308 0.055923908910704895 0.044635646969786016 0.01475025538923217 1.0277334331173829 
0.8529 3 0.04142953784869832 0.18583339166608306 0.11603958837180357 0.1837821373691623 0.1136314647573907 0.07234428202851921 1.2897759134800961 
0.1938 1 0.047494324562889656 0.2809228707712923 0.19461501630357037 0.2525934912257303 0.16420859766709098 0.09700514028760579 1.2262558396205236 
0.1059 1 0.09105263633062681 0.32665517344826556 0.27101619858897563 0.3312627661529076 0.2088539048894462 0.17018353667050778 2.593065461266649 
0.3383 2 0.0722635223282595 0.5034275357246424 0.7287420773575184 0.7567521826001123 0.28784552902645094 0.4290390304514781 39.355683427497624 
0.3114 2 0.05868252677464943 0.31754372456275426 0.2283262830418801 0.27289693480758065 0.18811312566870184 0.11305896442448206 1.3102562034715042 
0.1241 1 0.02172117501063008 0.09212303876961223 0.04808095338463507 0.0641209654769558 0.05692210689012115 0.01967603942048016 1.039495178926112 
0.1440 1 0.0554448404987568 0.28596570034299695 0.118507389435456 0.1770713748666525 0.17070527042087688 0.10257342110693161 1.436994630881257 
0.0659 1 0.04010034971182322 0.16821949780502188 0.2558245000325079 0.32696586605801603 0.10415992375842255 0.08104722774378384 1.4819477028082004 
0.4252 3 0.04763412934897231 0.21745139548604495 0.08665215416984565 0.11379050644342045 0.13254276241750862 0.05736366336864343 1.164385362896773 
0.0175 1 0.0543334898877596 0.3358057419425807 0.08550859852373263 0.10817645405807921 0.19506961591517016 0.0712082952808986 1.1464608730672605 
0.5019 3 0.05610780320882662 0.21728013719862832 0.04462037723076817 0.05571156837690529 0.13669397020372748 0.04332422911566168 1.0803431207033336 
0.3251 2 0.07572557671205388 0.4295388046119541 0.16967524670372625 0.2110112879865836 0.252632190662004 0.17168311990217727 2.260618332524629 
0.0400 1 0.03411170522328663 0.16229836701632996 0.059920309356062934 0.08364389740545275 0.0982050361198083 0.04405353563691431 1.1064241082805253 
0.5815 3 0.06767977510506415 0.3036272237277627 0.23253396985471533 0.26927571933931965 0.1856534994164134 0.12592135552533495 1.7526139747274736 
0.7745 3 0.0932191814278955 0.40657005429945714 0.1764783730988872 0.23285348856437998 0.2498946178636763 0.16526407379565491 2.1159924491177655 
0.5415 3 0.062249835984576785 0.35679468205317955 0.17910997400608067 0.21707561576218307 0.20952225901887817 0.11573598392602405 1.3703663844001683 
0.3890 2 0.09485106962238278 0.44554105458945414 0.14073176607512455 0.17392404001632675 0.27019606210591846 0.14368301681559062 1.6709819570842523 
0.2385 2 0.0803914402204207 0.4647569824301758 1.0169599197614572 1.185772148803263 0.27257421132529824 0.5574651841888308 31.655401838533884 
0.0407 1 0.01763658386215508 0.08935156648433523 0.04166464158051577 0.05510401089537299 0.053494075173245156 0.021028906380075558 1.0419441066729438 
0.0159 1 0.04608394507166604 0.2592381776182242 0.26669973740579983 0.3406626668249855 0.15266106134494511 0.10994988251668332 1.6911913306551398 
0.3484 2 0.07823326166499595 0.4215159048409517 0.225677441365358 0.28838227507033304 0.24987458325297382 0.16670341038457195 1.7201388497955232 
0.3305 2 0.10799869356722533 0.3765709242907559 0.05478674949771575 0.0712781573644725 0.24228480892899062 0.06527226332120839 1.1092565270549968 
0.1668 1 0.038288685687145635 0.18328390716092832 0.08498532604053007 0.11200503815370969 0.11078629642403698 0.04929905371412437 1.1500357473596352 
0.1105 1 0.0315284998432504 0.13463254367456307 0.047064879882793315 0.05573632922117454 0.08308052175890673 0.03042048286161874 1.0606686471557942 
0.0934 1 0.035511808783765426 0.15247374526254742 0.04364731708376545 0.057098223123742714 0.09399277702315642 0.0318131119025515 1.0614955234887085 
0.3469 2 0.051564111890344926 0.2614468355316446 0.1196507548201236 0.15655026342758815 0.15650547371099477 0.08416919685039873 1.3250285922439295 
0.2935 2 0.08791877656233989 0.49856188438115634 0.20425418179103383 0.2536415488692769 0.29324033047174813 0.1749505445522456 1.5785914036748814 
0.0373 1 0.039275619361568995 0.177811531884681 0.06721666924639699 0.09053782962695384 0.108543575623125 0.044672003229976505 1.1075494732284683 
0.0139 1 0.0742383829144378 0.5016206837931615 0.1261886204202456 0.148424081941772 0.28792953335379967 0.11819436495032717 1.2255039379841237 
0.0584 1 0.03998693216099042 0.2701173288267118 0.11900682246317709 0.20186036160631668 0.1550521304938511 0.10758924298465382 1.229981455761311 
0.0243 1 0.04296921083844559 0.2604111358886411 0.17323018582635286 0.22249097324186132 0.15169017336354335 0.08653920539731673 1.2492035876530725 
0.0598 1 0.031564591709923234 0.14718596814031776 0.07310601099420269 0.0895309222734539 0.0893752799251205 0.03823886827492863 1.106436566608459 
0.1955 1 0.03197014764708891 0.1604549154508455 0.11043673335398045 0.13790981064527805 0.09621253154896721 0.04605010757627038 1.1542436491558092 
0.0055 1 0.018288535944466687 0.09044409555904429 0.0638454770634638 0.08346715627156308 0.05436631575175549 0.022610790753471045 1.0566304052297641 
0.1157 1 0.1224524754135141 0.3161532184678152 0.18624541498559397 0.31951442122792 0.21930284694066465 0.17845738759440172 1.8869392588105542 
0.3197 2 0.0601774619559247 0.24339705602943992 0.08080063586421492 0.09950513500017069 0.1517872589926823 0.059106807409338304 1.1649438977190318 
0.1585 1 0.06842047593077027 0.3448738012619875 0.08340251896693257 0.1074033949350344 0.2066471385963789 0.09315782362151251 1.2994210556782968 
0.1310 1 0.04083331856551955 0.179434325656743 0.04910726913780796 0.06796841419319458 0.11013382211113128 0.04201182616305273 1.0876458959817235 
0.1358 1 0.03238836367846728 0.13053061469385258 0.06250251854838769 0.0786344256344861 0.08145948918615993 0.0290581502307977 1.0671837555730175 
0.3655 2 0.14817417794522936 0.518561744382557 0.25258834915280953 0.3126779328930551 0.33336796116389317 0.2550392730416915 3.9365050592975295 
0.2077 2 0.05024755415797969 0.19196580034199617 0.09239753793941279 0.11031467483504119 0.12110667724998793 0.047330867175286805 1.13006670716733 
0.1667 1 0.08102179423311341 0.49838990610093925 0.34511121487718216 0.42078659688995684 0.2897058501670263 0.2431122710322303 1.820975820268104 
0.2311 2 0.07301043484762033 0.42060022399775987 0.5242688485967099 0.6301915869454847 0.2468053294226901 0.2792735769166701 2.1868094784177523 
0.0338 1 0.022350431318555217 0.09603163968360291 0.05213622000033871 0.06406370198983857 0.05919103550107906 0.0214213565487387 1.045594380518301 
0.8139 3 0.051860888590131916 0.2283245267547323 0.22236897124090255 0.2716712534620684 0.14009270767243212 0.0980081702374626 1.548240000766214 
0.1430 1 0.025676976353769296 0.1737109828901709 0.07485197823863217 0.12167474613618201 0.0996939796219701 0.05748458366203186 1.161719773814168 
0.1375 1 0.043387548710377456 0.20259217407825933 0.16123288264586882 0.2132048275303398 0.12298986139431839 0.07928630657097514 1.3693129084292095 
0.3505 2 0.061017315822815346 0.35637354626453677 0.2484084590386398 0.3150982967270967 0.20869543104367605 0.14559541143925342 1.5266124895966673 
0.2782 2 0.0501973070405315 0.21840856591434096 0.12465809700583928 0.150209481082944 0.13430293647743624 0.06694141314219076 1.2416978370622187 
0.1571 1 0.1121756981685118 0.4297823521764784 0.3727899910416143 0.4162492146158164 0.2709790251724951 0.21532904825501983 2.7047745736319992 
0.7204 3 0.06268575201433346 0.37689765102348965 0.8164771401568388 0.9785145253625723 0.21979170151891156 0.3160144900704279 11.506202970737831 
0.2042 2 0.06777901224931414 0.22911157888421108 0.15430349252429076 0.22854914547436217 0.14844529556676261 0.1076194086144898 1.4418666546777659 
0.1497 1 0.04686625169549632 0.19070906290937023 0.0341221195528828 0.048808782810231544 0.11878765730243328 0.037046697437120114 1.0618975148954293 
0.1941 1 0.05964868766622514 0.253880111198888 0.08852875533184015 0.1073295986763808 0.15676439943255657 0.06795867934325571 1.206925608479713 
0.3154 2 0.0759491498253414 0.5368772812271874 0.68033978130927 0.7031404269212629 0.3064132155262644 0.4265607942676035 14.487421718092 
0.3672 2 0.11984148243532394 0.4498821411785882 0.1903454774591381 0.20904336804171655 0.2848618118069561 0.16143046360815677 1.854191101174169 
0.2477 2 0.03693664624416482 0.24810546894531113 0.10828253315829021 0.1433000245612869 0.142521057594738 0.08083988606045475 1.3391720691287097 
0.2023 2 0.04388668957854135 0.24684972150278517 0.11175504686494553 0.14618995558713332 0.14536820554066326 0.07495255065353024 1.2829683634337716 
0.3986 2 0.05656976235567377 0.2989367606323935 0.1304022749129667 0.1607582296851658 0.17775326149403364 0.09671422021845964 1.4253627302481824 
0.1510 1 0.06591497151894615 0.4200282797172032 0.13845899363103442 0.16598450324529354 0.24297162561807467 0.10953659542437351 1.237946975277709 
0.7570 3 0.12590910210249776 0.48388383116168826 0.3940423291081724 0.5136791936459973 0.304896466632093 0.33300703747219884 6.0136932340631155 
0.1336 1 0.022714950904865572 0.10673754262457387 0.055365505733635495 0.07250751117222504 0.06472624676471972 0.025005613855854175 1.0573731383757186 
0.3983 2 0.04907758711512027 0.22249583504164933 0.08793700874948077 0.11531412845478525 0.1357867110783848 0.057540516159396385 1.1667333343093262 
0.0463 1 0.03259167074560885 0.21523674763252415 0.09324954944166282 0.12410499366905817 0.1239142091890665 0.0657821969689483 1.243926060857268 
0.3162 2 0.06434974501850275 0.3219687403125975 0.11017913911877585 0.13696526496872455 0.19315924266555012 0.09365617770795845 1.3634726979202147 
0.3980 2 0.12389761588674221 0.6831716282837174 0.5031022548919157 0.605724143221404 0.4035346220852298 0.4352954694225455 8.498639147617185 
0.4356 3 0.11854778512682573 0.5387346326536736 0.41694978616910944 0.5434449787501345 0.32864120889024967 0.3803618468756897 8.502058786674475 
0.5285 3 0.08061876541829678 0.3381745882541172 0.12949835630808165 0.1523512133618476 0.209396676836207 0.09734262863148958 1.3684737885324323 
0.0106 1 0.023566527455918203 0.1334062259377403 0.051425573831797765 0.07933653271330605 0.07848637669682924 0.039030780400349754 1.0886152411191992 
0.3769 2 0.05621516315517981 0.2419705502944971 0.05846632953681597 0.0695668410172728 0.14909285672483846 0.06097689360762267 1.1536429797397296 
0.0946 1 0.03287160867595491 0.18322012779872227 0.1126376401273246 0.13926206060008725 0.10804586823733858 0.05811489165857425 1.23453231473983 
0.0648 1 0.03412104926901965 0.20587771122288773 0.08059596663565015 0.10806642602135598 0.11999938024595369 0.05930242836538123 1.1945141788489295 
0.2382 2 0.05032120022220616 0.211812691873081 0.059684871987144096 0.07439629171501765 0.13106694604764357 0.04808106884633966 1.113951368602506 
0.0206 1 0.050928340269875326 0.2580949990500099 0.08958575593833601 0.11507241376700657 0.1545116696599426 0.07498140257793426 1.255337577570086 
0.0124 1 0.03542992523421621 0.12746013539864637 0.059139452759904176 0.07173468061272234 0.08144503031643129 0.028248471319254956 1.0612180770992077 
0.5374 3 0.053091703559695634 0.3704831851681477 0.1238219589267224 0.16940280792787346 0.21178744436392166 0.13309876101209098 1.6852165243472597 
0.0902 1 0.05194648252962845 0.2989082309176908 0.09223682663490028 0.120800117265737 0.17542735672365964 0.08474916361566946 1.2589288253793443 
0.8772 3 0.08805063059034672 0.3276517634823656 0.24170274657141658 0.31579381613246343 0.20785119703635616 0.16001592332518866 2.1913849410717834 
0.1297 1 0.03095298583541721 0.17364443355566464 0.0954589806129922 0.11924052299665842 0.10229870969554092 0.053888780155131114 1.182816668853473 
0.0145 1 0.051985031074141264 0.3154451855481447 0.07879314961304373 0.10202173011875798 0.183715108311143 0.06532549966782551 1.1264390088295708 
0.0339 1 0.020229802022342695 0.08579337206627882 0.039473515984213434 0.05076050261619564 0.05301158704431076 0.017621629642531056 1.0312516197861634 
0.1053 1 0.04772782757284402 0.26876600233997683 0.12095149618163555 0.15210323595372294 0.1582469149564104 0.0658573276333514 1.1390279344606866 
0.4442 3 0.06299399877754404 0.3561361886381138 0.12551648145042507 0.14793375400145028 0.20956509370782891 0.08658359133009205 1.18072661423614 
0.6022 3 0.05417030442393697 0.35844122558774405 0.11043242065490895 0.15356860235133418 0.20630576500584052 0.08626218525130239 1.1447034190765335 
0.2406 2 0.05476743356232291 0.2471886081139191 0.07851917858395069 0.10322835125773598 0.150978020838121 0.059292865822404166 1.1469140146255903 
0.7601 3 0.1191333346113137 0.6456334836651634 1.1224262753287517 1.42146609190464 0.38238340913823854 0.8837482007322327 9.316820037871935 
0.0084 1 0.03726870392326697 0.21988077119228833 0.089001428391094 0.1188772735934739 0.12857473755777765 0.06961128082816996 1.2365353028994164 
0.4747 3 0.06679896479784465 0.30094906050939463 0.12123743809095931 0.18716969489075863 0.18387401265361963 0.12164500994632228 1.4948375293884084 
0.1537 1 0.058054120486300126 0.2545187348126515 0.06693927035093807 0.08366632317702755 0.1562864276494758 0.060547135834668656 1.1520348529979167 
0.2853 2 0.0385710735290653 0.20750388496115021 0.09405529784783073 0.12440432052278165 0.12303747924510776 0.05994123733471477 1.1895580222457078 
0.0615 1 0.02978901758965272 0.1484989150108494 0.08221038405565982 0.10369271835754369 0.08914396630025107 0.03927630567179031 1.1177930960571978 
0.3900 2 0.11651103897252646 0.3924969350306497 0.20104853984840404 0.26765082753191294 0.25450398700158805 0.14242606618276177 1.9084164640273376 
0.4915 3 0.04655545383706534 0.2154425755742448 0.08672822731575454 0.10956276616161056 0.13099901470565506 0.05453170678973083 1.1584524831968919 
0.7338 3 0.09932120689404093 0.4316046039539604 0.6268893630021662 0.7419208825681051 0.26546290542400064 0.3653156798660804 8.508665376168034 
0.2718 2 0.040888726921599484 0.2231109388906111 0.11295710295096538 0.13948411100231678 0.13199983290610529 0.06879748796163175 1.2693727442487355 
0.7722 3 0.08000540843627821 0.42924367756322457 0.2268686079343638 0.2795743391061378 0.2546245429997514 0.16350968082562817 1.6954969776313094 
0.1995 1 0.08070062534900688 0.3258753012469874 0.09237879322054492 0.11233266137145588 0.20328796329799714 0.07212929417540105 1.1617051200906623 
0.5462 3 0.0669548433827958 0.4459402605973942 0.5637938202501126 0.7072417889745478 0.256447551990095 0.2928185213523931 8.14313317896078 
0.3995 2 0.08216118274535354 0.3912719772802272 0.27032556871001845 0.3326784191002855 0.2367165800127904 0.19076501537609467 2.3708418875769888 
0.2071 2 0.05755836419762197 0.3812244177558225 0.3077416347385549 0.4482136872189306 0.21939139097672222 0.2134674820469313 1.4691938476690074 
0.3956 2 0.03671522589819103 0.19710734892651066 0.10055639002837963 0.1315823381112041 0.11691128741235085 0.06426736004607307 1.2221742322482825 
0.3680 2 0.1532663939497921 0.6836693033069674 0.6036382513027648 0.6685104449284985 0.41846784862837977 0.5012657211971087 9.946618159859845 
0.1211 1 0.06844557678121596 0.4671797782022182 0.1853712667530987 0.23565738141848033 0.26781267749171705 0.15392960755873808 1.3659728205054884 
0.0665 1 0.05519028711310204 0.25240565594344044 0.1389148451697698 0.19534295775808794 0.15379797152827124 0.09886977756791902 1.499383390689361 
0.3085 2 0.049297198282867265 0.23596695033049722 0.10789897846956718 0.13772684005993474 0.14263207430668223 0.06913727463013822 1.236720025888349 
0.3200 2 0.05138503030616298 0.2086715532844674 0.09136732161077826 0.11315662808491579 0.1300282917953152 0.05338841916702569 1.1529495562160814 
0.7929 3 0.03109749814649457 0.14230099699003002 0.04416932737106426 0.05541307261313152 0.08669924756826229 0.031690519994982694 1.0626752743086048 
0.1964 1 0.049321802592315264 0.30803983960160414 0.051871690160294436 0.07812964338990722 0.1786808210969597 0.05967581148481171 1.1121387237699845 
0.4799 3 0.06393983270782863 0.31522599774002313 0.22162081258659136 0.2501242457606768 0.1895829152239259 0.13923483010067542 2.013588491645041 
0.7126 3 0.0710384921020846 0.3095650343496569 0.21547577922010186 0.271227362916693 0.19030176322587072 0.1337732985208012 1.8398105366901554 
0.6164 3 0.07846060737912582 0.4475734042659568 0.15287133800791686 0.20480008630605537 0.26301700582254134 0.17218925405861074 2.1192185834881427 
0.4434 3 0.035792572431913174 0.2742916270837289 0.09708948957947992 0.14092263334963587 0.15504209975782104 0.08988431640108549 1.367221144857186 
0.0963 1 0.02123828217568005 0.09589618103818982 0.04239295881918252 0.05874534266360571 0.05856723160693494 0.01992379597728149 1.0378883000864911 
0.2142 2 0.05282270704979574 0.2570882691173088 0.1255623218169616 0.17620665053520962 0.15495548808355228 0.09369152137709012 1.395922354641119 
0.3641 2 0.07606551997147142 0.33963884361156416 0.11941492706168763 0.1487166412027965 0.2078521817915178 0.10003931404810833 1.356203664108374 
0.2404 2 0.06874338507335205 0.3595733442665572 0.06267708824244986 0.07814965313148557 0.2141583646699546 0.05269440277527664 1.0619993956279075 
0.2193 2 0.04875430581171622 0.2318654913450861 0.12580030538273176 0.1516414304154844 0.14030989857840115 0.0694504202569102 1.2545596043739016 
0.5165 3 0.05552408661414025 0.2839422405775939 0.09975138645741806 0.11992748377087503 0.16973316359586707 0.08297347006937636 1.2975218658045997 
0.5834 3 0.04088815396543859 0.21026891731082661 0.0950523505967102 0.11046946830293564 0.1255785356381326 0.06516679292035249 1.2495998604105236 
0.3549 2 0.031496267379917973 0.23699029009709865 0.05710708228910161 0.08902318374221653 0.1342432787385083 0.06586034345983052 1.18178993259506 
0.0035 1 0.02147806591611889 0.12414714852851483 0.07141768860712083 0.09890058184169315 0.07281260722231686 0.03494426603096503 1.095804930549808 
0.5531 3 0.08598464556139165 0.429690813091869 0.17245441057678024 0.21251127018964538 0.25783772932663035 0.16381172681100534 2.0000867185076463 
0.1395 1 0.05553307841178037 0.2189486405135957 0.05648182286427276 0.06937582908581252 0.13724085946268805 0.0424584323319779 1.0838571007348234 
0.0434 1 0.044114355965363596 0.17381001189988082 0.04381946465279015 0.053550087804086585 0.1089621839326222 0.035459047387568214 1.0654472435330302 
0.6045 3 0.07045372095069549 0.44857390426095745 0.2402860861460886 0.30652344188450553 0.25951381260582645 0.16966471925785603 1.6253513981323564 
0.2366 2 0.04207099827363599 0.21442486575134206 0.05753568668023 0.08256073144459983 0.12824793201248902 0.05514774894271462 1.130608737999274 
0.2857 2 0.04281942047306217 0.1890154398456016 0.08467632111259542 0.13954827428207522 0.11591743015933188 0.07729113991700716 1.2344576480137939 
0.5309 3 0.059392465421280904 0.28223153768462306 0.17136406756450825 0.21167380042419115 0.17081200155295198 0.10575934321098218 1.5658784649284296 
0.1386 1 0.0464053454815435 0.21149818501815001 0.17029114371545662 0.20830713582407012 0.12895176524984675 0.08021844630936356 1.4196388843005854 
0.2680 2 0.0503361332925917 0.1894061259387409 0.06567493833591134 0.0819684193419674 0.1198711296156663 0.04071354137801374 1.0900584392502206 
0.5403 3 0.07666699723089639 0.3706356536434635 0.18208413780130395 0.2214284019472555 0.22365132543717994 0.15033614166823503 1.9219934237244571 
0.5068 3 0.0574945077562452 0.3526884131158684 0.1339013978862338 0.17663728864810957 0.2050914604360568 0.1256467340821034 1.6547959664068823 
0.6919 3 0.11714956057798165 0.4779202507974924 0.28341800093820874 0.3501579649802901 0.297534905687737 0.24001594528162332 3.341657887467122 
0.8507 3 0.16753797888152328 0.5468076619233807 0.2292798458989562 0.3274353808489489 0.357172820402452 0.26815431920063243 3.4534274661310604 
0.1796 1 0.05478307871518947 0.2532862971370283 0.09723555213566172 0.12477623328292843 0.1540346879261089 0.06997119405191939 1.2236328130022707 
0.0126 1 0.05332242454633309 0.20305711942880533 0.05961754860472925 0.07693484174607979 0.1281897719875692 0.04740140235713798 1.1112662129928244 
0.1863 1 0.04353447668183849 0.20277950220497795 0.05350728052416219 0.06868964995512482 0.12315698944340822 0.04739913701983018 1.1069094605608438 
0.0734 1 0.049261549708604094 0.16884549154508474 0.046687254512616044 0.059287320122566926 0.10905352062684442 0.03464251256209213 1.0658540736053739 
0.1067 1 0.06956760789551991 0.3305131948680514 0.08618538215389866 0.11459991743518429 0.20004040138178567 0.08415786589148061 1.2455078968859528 
0.4041 3 0.05050828196292055 0.2206991630083694 0.1263078637143465 0.1427512817086063 0.13560372248564498 0.07166349855833401 1.303308953646025 
0.3747 2 0.05715468203237246 0.330452345476545 0.13078974149159633 0.17230600993796238 0.19380351375445873 0.09353470495212202 1.2398102885730489 
0.1463 1 0.10011901087572896 0.3941970880291188 0.1592678458158267 0.1959187835294426 0.24715804945242387 0.1308108315585242 1.6027946190460325 
0.2628 2 0.0871036218381336 0.38022256777432223 0.15305944150847772 0.1796737969838221 0.2336630948062279 0.12713706134800848 1.6195310809144805 
0.7331 3 0.07596241545197732 0.5817219127808722 0.9032596648747168 1.1543195730042117 0.32884216411642475 0.664796759633898 34.266473481881214 
0.9306 3 0.12430444851405192 0.4229320706792934 0.304831455305574 0.42657096164402103 0.27361825959667263 0.2599523258995871 4.016028970044586 
0.0224 1 0.05485593453721187 0.2184845551544476 0.09684274498059593 0.11478857586968233 0.13667024484582974 0.05392563051553405 1.1518259440744665 
0.5165 3 0.05438000896216585 0.35189179108208846 0.11515191342986102 0.1535226476683962 0.20313590002212714 0.11011846721201954 1.4741980584558414 
0.2303 2 0.030913717586073003 0.14704347956520425 0.06885191671478245 0.09256716629756175 0.08897859857563863 0.03584053807712919 1.0932786979986207 
0.0711 1 0.02283124095191658 0.10577691223087764 0.057013917362105905 0.07179787989284525 0.06430407659139711 0.025263455841620642 1.0595658352645334 
0.2103 2 0.07731111006647493 0.29978306216937806 0.08223808167937278 0.10225376831403234 0.18854708611792648 0.07148201457800779 1.1864906433040983 
0.4247 3 0.07819961147405195 0.3564298757012433 0.5890473814697897 0.6494836556363038 0.21731474358764763 0.26917698925225375 7.5547664964233965 
0.1972 1 0.0487499617312576 0.1577795122048772 0.02621628874687377 0.03310848961777744 0.1032647369680674 0.028590580724332237 1.0362517604615573 
0.0014 1 0.023546506511252938 0.13342738572614266 0.08782181214115564 0.11239155051343724 0.0784869461186978 0.039397761225711016 1.1277611066668842 
0.0820 1 0.027861130434634535 0.12229510704892928 0.055187982065927295 0.06893177064219348 0.07507811874178191 0.028069222213786646 1.0629985197682401 
0.2762 2 0.08963045113180905 0.559982790172098 0.562107876946395 0.6072865557271641 0.3248066206519535 0.3662204634952763 23.56621018410561 
0.3485 2 0.0788028929857252 0.3551388686113142 0.07929188754068975 0.11049680296619757 0.2169708807985197 0.0860776729291989 1.233277073325472 
0.4543 3 0.08369658696594667 0.4096653533464668 0.179805037431934 0.2171485735793519 0.24668097015620674 0.15977101797299836 2.0677037363350896 
0.1265 1 0.0621969748819788 0.26691412085879146 0.06586625167943276 0.08264129617946119 0.16455554787038512 0.06176611665736669 1.1542542071398352 
0.2256 2 0.045109513232105894 0.28754499455005467 0.13806224888257076 0.17358179405464663 0.16632725389108027 0.10324031657118198 1.536564950552059 
0.1501 1 0.051133178239186776 0.21859298407015845 0.0678299154460643 0.08254446026919725 0.1348630811546726 0.05184371832610417 1.1319508497222717 
0.5496 3 0.068472446485797 0.2964766352336481 0.06827079786981255 0.07991882950592057 0.18247454085972253 0.0716129823836306 1.1886159988278073 
0.5819 3 0.08139219920819195 0.308095109048909 0.055822272998222504 0.07073536108057508 0.1947436541285505 0.06423093453289883 1.1374044656883624 
