0.0751 1 0.03619654106367867 0.14782798172018274 0.08257975599310685 0.09583094445916444 0.09201226139193071 0.037746720717777044 1.1042595706725626 
0.5161 3 0.12686094038129603 0.43958870411295886 0.6606925251968405 0.8497365126108631 0.2832248222471274 0.44058557932107406 7.041443136291588 
0.0869 1 0.05902173066366439 0.44325154748452505 0.12853727610045826 0.1530630512864304 0.2511366390740947 0.09623038709004693 1.1290016028114047 
0.0030 1 0.05054284651244716 0.19017514824851808 0.04777151789249706 0.05926922317470281 0.12035899738048261 0.040362594045616026 1.0805207841232414 
0.2749 2 0.03498991294360729 0.1350433495665037 0.04711439210902074 0.055583929191848 0.0850166312550555 0.030179951138055133 1.059416588906781 
0.2255 2 0.04211096128609665 0.14248493515064892 0.0659132891869368 0.08012257459959486 0.09229794821837278 0.02962349367095388 1.0621036469266079 
0.0011 1 0.058533341866794465 0.3688207717922821 0.27280826107982503 0.34858311576081036 0.2136770568295383 0.16035329167167525 1.598721098965246 
0.2029 2 0.06946900579665989 0.3876392136078639 0.44412543007937194 0.520981893550355 0.2285541097022619 0.27088307510408377 5.640239289343759 
0.0878 1 0.02672227453308752 0.20220988790112093 0.07751144273507836 0.10270148932043832 0.11446608121710422 0.04412979769904113 1.0878052937241423 
0.0909 1 0.02173444321434366 0.14070021299787 0.06789892127504375 0.10497179161820841 0.08121732810610682 0.04210888389743212 1.1161089081048061 
0.2310 2 0.03258904657460368 0.1866249337506623 0.10371185604271475 0.14959107094776405 0.10960699016263299 0.0630858826885998 1.2274522521165423 
0.0319 1 0.041845307744240286 0.17963669363306342 0.06279244702960599 0.08139032724625161 0.11074100068865185 0.04233709318109278 1.1015304194445732 
0.6889 3 0.04865169494832552 0.25408168918310803 0.4114454569244905 0.4543368562982728 0.15136669206571676 0.15817246787124462 2.9823646230034666 
0.6946 3 0.06947016273682756 0.3057215627843721 0.1567293618595189 0.22408396582441217 0.18759586276059984 0.12240004237888194 1.6162923273072731 
0.0707 1 0.03687411613673366 0.17422682773172266 0.056092088088931145 0.07001526907655985 0.10555047193422816 0.04073175984799357 1.0954159890976107 
1.0000 3 0.09972474979574726 0.3249397006029939 0.22619042723406088 0.34504344724142244 0.21233222519937056 0.17226571961902176 2.0940291497532986 
0.0066 1 0.05613395239608556 0.19428768712312838 0.24476212794144647 0.3123706567166717 0.12521081975960696 0.10118078272548087 1.7288453983707146 
0.0200 1 0.03228672244267105 0.13075223247767545 0.057933224898737916 0.07058150228775004 0.08151947746017325 0.02775617493257611 1.0594484480521362 
0.5273 3 0.06528635476355116 0.38652473475265225 0.1648773062817458 0.2042502303813062 0.2259055447581017 0.11447334569393239 1.2716118854676886 
0.1920 1 0.034314635403672605 0.1843059469405305 0.09808399351881783 0.1225298053013085 0.10931029117210156 0.0532374574152884 1.1809847884861968 
0.5141 3 0.043063926837210914 0.22591238087619123 0.1319318382885994 0.15679801905511068 0.13448815385670107 0.07605705043109372 1.3441603683527745 
0.0901 1 0.027486002325157733 0.12578997210027923 0.06996185220710331 0.0880013997633651 0.07663798721271849 0.03139932187119262 1.0832492470512614 
0.3708 2 0.028704940332154334 0.20145037549624528 0.0837932145820039 0.12112955855010724 0.11507765791419981 0.06042276380226545 1.2156529038396937 
0.1126 1 0.03669475067789323 0.14854185458145427 0.052644665711483185 0.06848035063181583 0.09261830262967376 0.031809331256864734 1.0678615215387437 
0.2605 2 0.04087666886004986 0.13386693133068653 0.02556118087055418 0.03339102635347386 0.0873718000953682 0.022010402014895562 1.0268994766391772 
0.1937 1 0.05592903293553196 0.261139338606614 0.12191660427974053 0.14466204850820985 0.15853418577107298 0.0775626365849213 1.2898840880763796 
0.7548 3 0.04209580464375567 0.23736672633273637 0.12647344556188492 0.18412681008886106 0.13973126548824602 0.08802844679520913 1.3877293092068792 
0.2886 2 0.031455040739720795 0.18822510774892262 0.13122454500030728 0.16945561153853048 0.10984007424432171 0.0632187325634491 1.2753144734372484 
0.2441 2 0.020001288551498696 0.11655827441725597 0.06797001303419965 0.09562062910607767 0.06827978148437733 0.031166581974271475 1.0867830430929706 
0.3317 2 0.05238756017678852 0.2581197088029125 0.1483140698598404 0.17820114412867025 0.15525363448985052 0.08418499635524687 1.3548295891085163 
0.3308 2 0.07114006051307842 0.43348276517234857 0.19522554384373 0.24060940757264082 0.2523114128427135 0.1448507553963114 1.3757890637916004 
0.0172 1 0.019217154338596637 0.11092808071919294 0.08306654201661623 0.10626875506880373 0.06507261752889479 0.03108086969830985 1.0995484391070065 
0.2003 2 0.0376666003314195 0.1914965250347495 0.13414068781824373 0.17458016310951074 0.1145815626830845 0.06447080626934999 1.2491354106527806 
0.0001 1 0.017382337180274685 0.07387663123368757 0.03686704020141017 0.0472696208461057 0.045629484206981125 0.015410854285005103 1.0264004072409039 
0.0813 1 0.029266163738466636 0.1451874681253188 0.1622758305704293 0.20517674360900884 0.08722681593189271 0.05416670182938178 1.2314011009930053 
0.0432 1 0.02309751337472976 0.08457583424165782 0.049774314847262226 0.06532457820378193 0.05383667380819379 0.017918149379894287 1.0340931942470701 
0.0000 1 0.018491561736893862 0.07077973220267816 0.04581316849674308 0.055923908910704895 0.044635646969786016 0.01475025538923217 1.0277334331173829 
0.0167 1 0.03720391722405314 0.16353498465015345 0.15628105293489136 0.19082706260763932 0.1003694509371033 0.057093990835881604 1.2430552936242942 
0.1938 1 0.047494324562889656 0.2809228707712923 0.19461501630357037 0.2525934912257303 0.16420859766709098 0.09700514028760579 1.2262558396205236 
0.1059 1 0.09105263633062681 0.32665517344826556 0.27101619858897563 0.3312627661529076 0.2088539048894462 0.17018353667050778 2.593065461266649 
0.3383 2 0.0722635223282595 0.5034275357246424 0.7287420773575184 0.7567521826001123 0.28784552902645094 0.4290390304514781 39.355683427497624 
0.0368 1 0.07761320417207629 0.2858609713902863 0.24725890710407308 0.311377763194042 0.1817370877811813 0.1390422335258694 2.1371482254958853 
0.1241 1 0.02172117501063008 0.09212303876961223 0.04808095338463507 0.0641209654769558 0.05692210689012115 0.01967603942048016 1.039495178926112 
0.1440 1 0.0554448404987568 0.28596570034299695 0.118507389435456 0.1770713748666525 0.17070527042087688 0.10257342110693161 1.436994630881257 
0.0659 1 0.04010034971182322 0.16821949780502188 0.2558245000325079 0.32696586605801603 0.10415992375842255 0.08104722774378384 1.4819477028082004 
0.0635 1 0.02692870774660287 0.13687269127308724 0.0894462367594336 0.11672838776383837 0.08190069950984505 0.03797189356748135 1.1172024673402448 
0.0175 1 0.0543334898877596 0.3358057419425807 0.08550859852373263 0.10817645405807921 0.19506961591517016 0.0712082952808986 1.1464608730672605 
0.5019 3 0.05610780320882662 0.21728013719862832 0.04462037723076817 0.05571156837690529 0.13669397020372748 0.04332422911566168 1.0803431207033336 
0.3251 2 0.07572557671205388 0.4295388046119541 0.16967524670372625 0.2110112879865836 0.252632190662004 0.17168311990217727 2.260618332524629 
0.1828 1 0.04513542614942761 0.2211468885311148 0.0632064982275863 0.07928615470879244 0.1331411573402712 0.054915900271239285 1.147813244179896 
0.5815 3 0.06767977510506415 0.3036272237277627 0.23253396985471533 0.26927571933931965 0.1856534994164134 0.12592135552533495 1.7526139747274736 
0.7745 3 0.0932191814278955 0.40657005429945714 0.1764783730988872 0.23285348856437998 0.2498946178636763 0.16526407379565491 2.1159924491177655 
0.5415 3 0.062249835984576785 0.35679468205317955 0.17910997400608067 0.21707561576218307 0.20952225901887817 0.11573598392602405 1.3703663844001683 
0.0386 1 0.027973211825887974 0.13637734622653816 0.04596480453437029 0.061485089250871226 0.08217527902621306 0.031779412948680544 1.0663394803906807 
0.2385 2 0.0803914402204207 0.4647569824301758 1.0169599197614572 1.185772148803263 0.27257421132529824 0.5574651841888308 31.655401838533884 
0.0407 1 0.01763658386215508 0.08935156648433523 0.04166464158051577 0.05510401089537299 0.053494075173245156 0.021028906380075558 1.0419441066729438 
0.0159 1 0.04608394507166604 0.2592381776182242 0.26669973740579983 0.3406626668249855 0.15266106134494511 0.10994988251668332 1.6911913306551398 
0.2347 2 0.05849132658043965 0.250398646013539 0.0864746684744776 0.10944334944030507 0.15444498629698933 0.0645595382775992 1.1840079044832272 
0.3305 2 0.10799869356722533 0.3765709242907559 0.05478674949771575 0.0712781573644725 0.24228480892899062 0.06527226332120839 1.1092565270549968 
0.1668 1 0.038288685687145635 0.18328390716092832 0.08498532604053007 0.11200503815370969 0.11078629642403698 0.04929905371412437 1.1500357473596352 
0.1105 1 0.0315284998432504 0.13463254367456307 0.047064879882793315 0.05573632922117454 0.08308052175890673 0.03042048286161874 1.0606686471557942 
0.2812 2 0.07188222527732416 0.4666341536584633 0.15558339830209225 0.20581740203245555 0.2692581894678937 0.14204441472418533 1.313488270273208 
0.3469 2 0.051564111890344926 0.2614468355316446 0.1196507548201236 0.15655026342758815 0.15650547371099477 0.08416919685039873 1.3250285922439295 
0.2935 2 0.08791877656233989 0.49856188438115634 0.20425418179103383 0.2536415488692769 0.29324033047174813 0.1749505445522456 1.5785914036748814 
0.0373 1 0.039275619361568995 0.177811531884681 0.06721666924639699 0.09053782962695384 0.108543575623125 0.044672003229976505 1.1075494732284683 
0.5467 3 0.05847806306726413 0.2917784622153778 0.2333116514049302 0.2708897885001547 0.17512826264132095 0.11423818821270211 1.506900252894972 
0.0584 1 0.03998693216099042 0.2701173288267118 0.11900682246317709 0.20186036160631668 0.1550521304938511 0.10758924298465382 1.229981455761311 
0.0243 1 0.04296921083844559 0.2604111358886411 0.17323018582635286 0.22249097324186132 0.15169017336354335 0.08653920539731673 1.2492035876530725 
0.0598 1 0.031564591709923234 0.14718596814031776 0.07310601099420269 0.0895309222734539 0.0893752799251205 0.03823886827492863 1.106436566608459 
0.1341 1 0.04484037842331205 0.15056926430735643 0.05097678877853977 0.06527606317823145 0.09770482136533423 0.03138427731952663 1.0605423406690062 
0.0055 1 0.018288535944466687 0.09044409555904429 0.0638454770634638 0.08346715627156308 0.05436631575175549 0.022610790753471045 1.0566304052297641 
0.1157 1 0.1224524754135141 0.3161532184678152 0.18624541498559397 0.31951442122792 0.21930284694066465 0.17845738759440172 1.8869392588105542 
0.3197 2 0.0601774619559247 0.24339705602943992 0.08080063586421492 0.09950513500017069 0.1517872589926823 0.059106807409338304 1.1649438977190318 
0.4336 3 0.09327067113510222 0.44173680263197407 0.1437447598117267 0.17405163639559754 0.2675037368835381 0.13974204770482337 1.5719529634461267 
0.1310 1 0.04083331856551955 0.179434325656743 0.04910726913780796 0.06796841419319458 0.11013382211113128 0.04201182616305273 1.0876458959817235 
0.1358 1 0.03238836367846728 0.13053061469385258 0.06250251854838769 0.0786344256344861 0.08145948918615993 0.0290581502307977 1.0671837555730175 
0.3655 2 0.14817417794522936 0.518561744382557 0.25258834915280953 0.3126779328930551 0.33336796116389317 0.2550392730416915 3.9365050592975295 
0.4047 3 0.04965381230876511 0.34001166988330056 0.07740091326568052 0.11458973305251668 0.19483274109603282 0.101530815508614 1.3638628581780772 
0.1667 1 0.08102179423311341 0.49838990610093925 0.34511121487718216 0.42078659688995684 0.2897058501670263 0.2431122710322303 1.820975820268104 
0.2311 2 0.07301043484762033 0.42060022399775987 0.5242688485967099 0.6301915869454847 0.2468053294226901 0.2792735769166701 2.1868094784177523 
0.0338 1 0.022350431318555217 0.09603163968360291 0.05213622000033871 0.06406370198983857 0.05919103550107906 0.0214213565487387 1.045594380518301 
0.1141 1 0.05040598241237727 0.22622806771932255 0.14905167110446474 0.20320418818722275 0.13831702506584992 0.09052496299627405 1.3974891750924576 
0.1430 1 0.025676976353769296 0.1737109828901709 0.07485197823863217 0.12167474613618201 0.0996939796219701 0.05748458366203186 1.161719773814168 
0.1375 1 0.043387548710377456 0.20259217407825933 0.16123288264586882 0.2132048275303398 0.12298986139431839 0.07928630657097514 1.3693129084292095 
0.3505 2 0.061017315822815346 0.35637354626453677 0.2484084590386398 0.3150982967270967 0.20869543104367605 0.14559541143925342 1.5266124895966673 
0.3098 2 0.06171387916778608 0.3366156638433616 0.1732326958004581 0.21563884316865276 0.19916477150557385 0.11931283692797738 1.4432002353369653 
0.1571 1 0.1121756981685118 0.4297823521764784 0.3727899910416143 0.4162492146158164 0.2709790251724951 0.21532904825501983 2.7047745736319992 
0.7204 3 0.06268575201433346 0.37689765102348965 0.8164771401568388 0.9785145253625723 0.21979170151891156 0.3160144900704279 11.506202970737831 
0.2042 2 0.06777901224931414 0.22911157888421108 0.15430349252429076 0.22854914547436217 0.14844529556676261 0.1076194086144898 1.4418666546777659 
0.0912 1 0.03345779886432767 0.14160594394056095 0.07246607496682994 0.0835823547781148 0.08753187140244431 0.04026799928512113 1.1160487480907355 
0.1941 1 0.05964868766622514 0.253880111198888 0.08852875533184015 0.1073295986763808 0.15676439943255657 0.06795867934325571 1.206925608479713 
0.3154 2 0.0759491498253414 0.5368772812271874 0.68033978130927 0.7031404269212629 0.3064132155262644 0.4265607942676035 14.487421718092 
0.3672 2 0.11984148243532394 0.4498821411785882 0.1903454774591381 0.20904336804171655 0.2848618118069561 0.16143046360815677 1.854191101174169 
0.2825 2 0.041562834009776256 0.22717471825281707 0.0655012726076028 0.08460839869714522 0.13436877613129666 0.05865934402247576 1.164928736348458 
0.2023 2 0.04388668957854135 0.24684972150278517 0.11175504686494553 0.14618995558713332 0.14536820554066326 0.07495255065353024 1.2829683634337716 
0.3986 2 0.05656976235567377 0.2989367606323935 0.1304022749129667 0.1607582296851658 0.17775326149403364 0.09671422021845964 1.4253627302481824 
0.1510 1 0.06591497151894615 0.4200282797172032 0.13845899363103442 0.16598450324529354 0.24297162561807467 0.10953659542437351 1.237946975277709 
0.3415 2 0.04070549892659746 0.21614883851161482 0.08000772757389125 0.10307722974211753 0.12842716871910614 0.059504034714047346 1.1861764040877045 
0.1336 1 0.022714950904865572 0.10673754262457387 0.055365505733635495 0.07250751117222504 0.06472624676471972 0.025005613855854175 1.0573731383757186 
0.3983 2 0.04907758711512027 0.22249583504164933 0.08793700874948077 0.11531412845478525 0.1357867110783848 0.057540516159396385 1.1667333343093262 
0.0463 1 0.03259167074560885 0.21523674763252415 0.09324954944166282 0.12410499366905817 0.1239142091890665 0.0657821969689483 1.243926060857268 
0.1491 1 0.07784074836909677 0.48697432025679743 0.7853048840380211 0.9748698748032886 0.2824075343129471 0.43484263890541214 7.511356824862734 
0.3980 2 0.12389761588674221 0.6831716282837174 0.5031022548919157 0.605724143221404 0.4035346220852298 0.4352954694225455 8.498639147617185 
0.4356 3 0.11854778512682573 0.5387346326536736 0.41694978616910944 0.5434449787501345 0.32864120889024967 0.3803618468756897 8.502058786674475 
0.5285 3 0.08061876541829678 0.3381745882541172 0.12949835630808165 0.1523512133618476 0.209396676836207 0.09734262863148958 1.3684737885324323 
0.0027 1 0.0826719378355348 0.36044113558864405 0.14763902984538876 0.18069000630343482 0.2215565367120894 0.11769916285314547 1.5234558805352274 
0.3769 2 0.05621516315517981 0.2419705502944971 0.05846632953681597 0.0695668410172728 0.14909285672483846 0.06097689360762267 1.1536429797397296 
0.0946 1 0.03287160867595491 0.18322012779872227 0.1126376401273246 0.13926206060008725 0.10804586823733858 0.05811489165857425 1.23453231473983 
0.0648 1 0.03412104926901965 0.20587771122288773 0.08059596663565015 0.10806642602135598 0.11999938024595369 0.05930242836538123 1.1945141788489295 
0.0095 1 0.03079162522953696 0.1724058859411403 0.08443796963041647 0.11498212551566261 0.10159875558533864 0.0487777404877685 1.1513115438011838 
0.0206 1 0.050928340269875326 0.2580949990500099 0.08958575593833601 0.11507241376700657 0.1545116696599426 0.07498140257793426 1.255337577570086 
0.0124 1 0.03542992523421621 0.12746013539864637 0.059139452759904176 0.07173468061272234 0.08144503031643129 0.028248471319254956 1.0612180770992077 
0.5374 3 0.053091703559695634 0.3704831851681477 0.1238219589267224 0.16940280792787346 0.21178744436392166 0.13309876101209098 1.6852165243472597 
0.0078 1 0.040144934134779986 0.20345332546674516 0.13110398091896971 0.159832313158203 0.12179912980076257 0.052069421270845906 1.1104437525519086 
0.8772 3 0.08805063059034672 0.3276517634823656 0.24170274657141658 0.31579381613246343 0.20785119703635616 0.16001592332518866 2.1913849410717834 
0.1297 1 0.03095298583541721 0.17364443355566464 0.0954589806129922 0.11924052299665842 0.10229870969554092 0.053888780155131114 1.182816668853473 
0.0145 1 0.051985031074141264 0.3154451855481447 0.07879314961304373 0.10202173011875798 0.183715108311143 0.06532549966782551 1.1264390088295708 
0.3111 2 0.06419613460054326 0.49774246257537474 0.209699403986404 0.278176943087811 0.280969298587959 0.17963484602915275 1.382698158208703 
0.1053 1 0.04772782757284402 0.26876600233997683 0.12095149618163555 0.15210323595372294 0.1582469149564104 0.0658573276333514 1.1390279344606866 
0.4442 3 0.06299399877754404 0.3561361886381138 0.12551648145042507 0.14793375400145028 0.20956509370782891 0.08658359133009205 1.18072661423614 
0.6022 3 0.05417030442393697 0.35844122558774405 0.11043242065490895 0.15356860235133418 0.20630576500584052 0.08626218525130239 1.1447034190765335 
0.2914 2 0.06826660421981094 0.350909050909491 0.08151629593672682 0.09872161150839849 0.20958782756465097 0.06040483958447345 1.0825756480678692 
0.7601 3 0.1191333346113137 0.6456334836651634 1.1224262753287517 1.42146609190464 0.38238340913823854 0.8837482007322327 9.316820037871935 
0.0084 1 0.03726870392326697 0.21988077119228833 0.089001428391094 0.1188772735934739 0.12857473755777765 0.06961128082816996 1.2365353028994164 
0.4747 3 0.06679896479784465 0.30094906050939463 0.12123743809095931 0.18716969489075863 0.18387401265361963 0.12164500994632228 1.4948375293884084 
0.3747 2 0.04399313369222138 0.23924919750802495 0.1318098190348533 0.1723679806904562 0.14162116560012317 0.08177121265469905 1.3308704716023896 
0.2853 2 0.0385710735290653 0.20750388496115021 0.09405529784783073 0.12440432052278165 0.12303747924510776 0.05994123733471477 1.1895580222457078 
0.0615 1 0.02978901758965272 0.1484989150108494 0.08221038405565982 0.10369271835754369 0.08914396630025107 0.03927630567179031 1.1177930960571978 
0.3900 2 0.11651103897252646 0.3924969350306497 0.20104853984840404 0.26765082753191294 0.25450398700158805 0.14242606618276177 1.9084164640273376 
0.6039 3 0.06332959964090379 0.38991145088549095 0.22863970955102483 0.27744764661885163 0.22662052526319737 0.150146686064557 1.5440054659866607 
0.7338 3 0.09932120689404093 0.4316046039539604 0.6268893630021662 0.7419208825681051 0.26546290542400064 0.3653156798660804 8.508665376168034 
0.2718 2 0.040888726921599484 0.2231109388906111 0.11295710295096538 0.13948411100231678 0.13199983290610529 0.06879748796163175 1.2693727442487355 
0.7722 3 0.08000540843627821 0.42924367756322457 0.2268686079343638 0.2795743391061378 0.2546245429997514 0.16350968082562817 1.6954969776313094 
0.2039 2 0.07380417362623543 0.4041648583514165 0.3718479599712131 0.44968673092050293 0.23898451598882597 0.20400571202510542 2.1245209323815795 
0.5462 3 0.0669548433827958 0.4459402605973942 0.5637938202501126 0.7072417889745478 0.256447551990095 0.2928185213523931 8.14313317896078 
0.3995 2 0.08216118274535354 0.3912719772802272 0.27032556871001845 0.3326784191002855 0.2367165800127904 0.19076501537609467 2.3708418875769888 
0.2071 2 0.05755836419762197 0.3812244177558225 0.3077416347385549 0.4482136872189306 0.21939139097672222 0.2134674820469313 1.4691938476690074 
0.5400 3 0.06716601703136489 0.4022838571614281 0.12812610663656326 0.1461570355357767 0.2347249370963965 0.09746230322213961 1.2156939545215857 
0.3680 2 0.1532663939497921 0.6836693033069674 0.6036382513027648 0.6685104449284985 0.41846784862837977 0.5012657211971087 9.946618159859845 
0.1211 1 0.06844557678121596 0.4671797782022182 0.1853712667530987 0.23565738141848033 0.26781267749171705 0.15392960755873808 1.3659728205054884 
0.0665 1 0.05519028711310204 0.25240565594344044 0.1389148451697698 0.19534295775808794 0.15379797152827124 0.09886977756791902 1.499383390689361 
0.0057 1 0.02147730171892764 0.1139311306886934 0.03877150064883117 0.056275945741178085 0.06770421620381052 0.02906284198885142 1.054887960742218 
0.3200 2 0.05138503030616298 0.2086715532844674 0.09136732161077826 0.11315662808491579 0.1300282917953152 0.05338841916702569 1.1529495562160814 
0.7929 3 0.03109749814649457 0.14230099699003002 0.04416932737106426 0.05541307261313152 0.08669924756826229 0.031690519994982694 1.0626752743086048 
0.1964 1 0.049321802592315264 0.30803983960160414 0.051871690160294436 0.07812964338990722 0.1786808210969597 0.05967581148481171 1.1121387237699845 
0.2066 2 0.04240382580989139 0.2425141048589517 0.09299223759951376 0.12802925666501042 0.14245896533442154 0.07237430373247007 1.252740382270424 
0.7126 3 0.0710384921020846 0.3095650343496569 0.21547577922010186 0.271227362916693 0.19030176322587072 0.1337732985208012 1.8398105366901554 
0.6164 3 0.07846060737912582 0.4475734042659568 0.15287133800791686 0.20480008630605537 0.26301700582254134 0.17218925405861074 2.1192185834881427 
0.4434 3 0.035792572431913174 0.2742916270837289 0.09708948957947992 0.14092263334963587 0.15504209975782104 0.08988431640108549 1.367221144857186 
0.4657 3 0.062249296469059356 0.3145028149718504 0.19575906590159708 0.2565281984360775 0.18837605572045488 0.1278911589221732 1.6992243088832895 
0.2142 2 0.05282270704979574 0.2570882691173088 0.1255623218169616 0.17620665053520962 0.15495548808355228 0.09369152137709012 1.395922354641119 
0.3641 2 0.07606551997147142 0.33963884361156416 0.11941492706168763 0.1487166412027965 0.2078521817915178 0.10003931404810833 1.356203664108374 
0.2404 2 0.06874338507335205 0.3595733442665572 0.06267708824244986 0.07814965313148557 0.2141583646699546 0.05269440277527664 1.0619993956279075 
0.1529 1 0.057131435308000744 0.3936332036679637 0.10822975329855923 0.13583988417230983 0.22538231948798224 0.08823194254087008 1.1562530186916744 
0.5165 3 0.05552408661414025 0.2839422405775939 0.09975138645741806 0.11992748377087503 0.16973316359586707 0.08297347006937636 1.2975218658045997 
0.5834 3 0.04088815396543859 0.21026891731082661 0.0950523505967102 0.11046946830293564 0.1255785356381326 0.06516679292035249 1.2495998604105236 
0.3549 2 0.031496267379917973 0.23699029009709865 0.05710708228910161 0.08902318374221653 0.1342432787385083 0.06586034345983052 1.18178993259506 
0.2552 2 0.06695812243720409 0.38395974040259606 0.28139409699795487 0.3411467031630786 0.2254589314199001 0.17104042209211343 1.618524150989296 
0.5531 3 0.08598464556139165 0.429690813091869 0.17245441057678024 0.21251127018964538 0.25783772932663035 0.16381172681100534 2.0000867185076463 
0.1395 1 0.05553307841178037 0.2189486405135957 0.05648182286427276 0.06937582908581252 0.13724085946268805 0.0424584323319779 1.0838571007348234 
0.0434 1 0.044114355965363596 0.17381001189988082 0.04381946465279015 0.053550087804086585 0.1089621839326222 0.035459047387568214 1.0654472435330302 
0.0402 1 0.03171621262036201 0.2179192308076919 0.0891211420281993 0.14494380367377566 0.12481772171402696 0.07075362850307408 1.2344031343776602 
0.2366 2 0.04207099827363599 0.21442486575134206 0.05753568668023 0.08256073144459983 0.12824793201248902 0.05514774894271462 1.130608737999274 
0.2857 2 0.04281942047306217 0.1890154398456016 0.08467632111259542 0.13954827428207522 0.11591743015933188 0.07729113991700716 1.2344576480137939 
0.5309 3 0.059392465421280904 0.28223153768462306 0.17136406756450825 0.21167380042419115 0.17081200155295198 0.10575934321098218 1.5658784649284296 
0.4368 3 0.04790845090866201 0.3066424935750643 0.09290001023057345 0.13292382445858839 0.17727547224186316 0.09413210309403872 1.3383216735647012 
0.2680 2 0.0503361332925917 0.1894061259387409 0.06567493833591134 0.0819684193419674 0.1198711296156663 0.04071354137801374 1.0900584392502206 
0.5403 3 0.07666699723089639 0.3706356536434635 0.18208413780130395 0.2214284019472555 0.22365132543717994 0.15033614166823503 1.9219934237244571 
0.5068 3 0.0574945077562452 0.3526884131158684 0.1339013978862338 0.17663728864810957 0.2050914604360568 0.1256467340821034 1.6547959664068823 
0.2416 2 0.08099008257951365 0.3651784482155179 0.2859512747364565 0.3551005790873877 0.2230842653975158 0.1948416621218966 2.934872599019931 
0.8507 3 0.16753797888152328 0.5468076619233807 0.2292798458989562 0.3274353808489489 0.357172820402452 0.26815431920063243 3.4534274661310604 
0.1796 1 0.05478307871518947 0.2532862971370283 0.09723555213566172 0.12477623328292843 0.1540346879261089 0.06997119405191939 1.2236328130022707 
0.0126 1 0.05332242454633309 0.20305711942880533 0.05961754860472925 0.07693484174607979 0.1281897719875692 0.04740140235713798 1.1112662129928244 
0.3770 2 0.058414030082935296 0.34909047909520907 0.20414659502570714 0.2769061322880153 0.20375225458907217 0.1442188679515547 1.493343386265017 
0.0734 1 0.049261549708604094 0.16884549154508474 0.046687254512616044 0.059287320122566926 0.10905352062684442 0.03464251256209213 1.0658540736053739 
0.1067 1 0.06956760789551991 0.3305131948680514 0.08618538215389866 0.11459991743518429 0.20004040138178567 0.08415786589148061 1.2455078968859528 
0.4041 3 0.05050828196292055 0.2206991630083694 0.1263078637143465 0.1427512817086063 0.13560372248564498 0.07166349855833401 1.303308953646025 
0.0897 1 0.0831094965018456 0.4745032649673506 0.2684974155838907 0.3597685201501959 0.2788063807345981 0.19390637094973223 2.5933470399696867 
0.1463 1 0.10011901087572896 0.3941970880291188 0.1592678458158267 0.1959187835294426 0.24715804945242387 0.1308108315585242 1.6027946190460325 
0.2628 2 0.0871036218381336 0.38022256777432223 0.15305944150847772 0.1796737969838221 0.2336630948062279 0.12713706134800848 1.6195310809144805 
0.7331 3 0.07596241545197732 0.5817219127808722 0.9032596648747168 1.1543195730042117 0.32884216411642475 0.664796759633898 34.266473481881214 
0.2425 2 0.02981243467134037 0.1865419545804544 0.08317796838962974 0.13567947368905428 0.10817719462589738 0.0633041659141692 1.1882510346799657 
0.0224 1 0.05485593453721187 0.2184845551544476 0.09684274498059593 0.11478857586968233 0.13667024484582974 0.05392563051553405 1.1518259440744665 
0.5165 3 0.05438000896216585 0.35189179108208846 0.11515191342986102 0.1535226476683962 0.20313590002212714 0.11011846721201954 1.4741980584558414 
0.2303 2 0.030913717586073003 0.14704347956520425 0.06885191671478245 0.09256716629756175 0.08897859857563863 0.03584053807712919 1.0932786979986207 
0.1791 1 0.055853909974464044 0.37086275137248637 0.11536820186084334 0.15419958235298817 0.2133583306734752 0.09372579044884319 1.1952914678572344 
0.2103 2 0.07731111006647493 0.29978306216937806 0.08223808167937278 0.10225376831403234 0.18854708611792648 0.07148201457800779 1.1864906433040983 
0.4247 3 0.07819961147405195 0.3564298757012433 0.5890473814697897 0.6494836556363038 0.21731474358764763 0.26917698925225375 7.5547664964233965 
0.1972 1 0.0487499617312576 0.1577795122048772 0.02621628874687377 0.03310848961777744 0.1032647369680674 0.028590580724332237 1.0362517604615573 
0.1279 1 0.046542868194624096 0.2697161828381714 0.08791679367723293 0.12249183532068708 0.15812952551639775 0.07966247994188311 1.2779535503469137 
0.0820 1 0.027861130434634535 0.12229510704892928 0.055187982065927295 0.06893177064219348 0.07507811874178191 0.028069222213786646 1.0629985197682401 
0.2762 2 0.08963045113180905 0.559982790172098 0.562107876946395 0.6072865557271641 0.3248066206519535 0.3662204634952763 23.56621018410561 
0.3485 2 0.0788028929857252 0.3551388686113142 0.07929188754068975 0.11049680296619757 0.2169708807985197 0.0860776729291989 1.233277073325472 
0.0854 1 0.03394553061892665 0.16065667343326467 0.05654884474679929 0.07221437169173553 0.09730110202609565 0.03868618569401529 1.090766754350236 
0.1265 1 0.0621969748819788 0.26691412085879146 0.06586625167943276 0.08264129617946119 0.16455554787038512 0.06176611665736669 1.1542542071398352 
0.2256 2 0.045109513232105894 0.28754499455005467 0.13806224888257076 0.17358179405464663 0.16632725389108027 0.10324031657118198 1.536564950552059 
0.1501 1 0.051133178239186776 0.21859298407015845 0.0678299154460643 0.08254446026919725 0.1348630811546726 0.05184371832610417 1.1319508497222717 
0.2634 2 0.03746783164354123 0.2554905850941484 0.11577157286023682 0.1481504866143835 0.14647920836884482 0.08639372012772883 1.3805078962285429 
0.5819 3 0.08139219920819195 0.308095109048909 0.055822272998222504 0.07073536108057508 0.1947436541285505 0.06423093453289883 1.1374044656883624 
