0.0946 1 2.176079251982835E-5 1.260209999806028E-4 1.9139135950038425E-5 2.6197702958509717E-5 7.389089625021558E-5 2.6174249794861886E-5 1.0000000342796938 
0.6173 3 5.155607646068592E-5 3.251970000226256E-4 3.7985925238256877E-5 5.584821050454267E-5 1.8837653824165575E-4 5.580767353433216E-5 1.0000001557683504 
0.1519 1 6.901440564974577E-5 2.549490000083976E-4 2.8413987657746946E-5 3.358753983284161E-5 1.619817028290717E-4 3.356127241609844E-5 1.0000000563399685 
0.0730 1 3.362524313630933E-5 1.3834099999947557E-4 1.7880269150280803E-5 2.3743043172452138E-5 8.598312156789245E-5 2.372203472318917E-5 1.0000000281563248 
0.0106 1 4.0633009061909415E-5 3.149039999871484E-4 6.330141238796202E-5 8.478828789915025E-5 1.777685045245289E-4 8.47241619947235E-5 1.0000003590498354 
0.1104 1 1.6105490549056914E-5 7.561899998040911E-5 1.0817188935133977E-5 1.4214670408821578E-5 4.586224526473301E-5 1.4201370596819134E-5 1.000000010092282 
0.1331 1 2.3738336496469552E-5 9.95669999795501E-5 1.4762660503139648E-5 1.7861452239136233E-5 6.165266823800982E-5 1.7845053588078815E-5 1.000000015934785 
0.4917 3 2.9955770933363382E-5 1.7714399999293473E-4 1.9687863727931177E-5 3.32827598015409E-5 1.0354988546314906E-4 3.3256830850308524E-5 1.0000000553265795 
0.0028 1 2.5657148034128404E-5 1.1933799997969619E-4 1.9215093996844882E-5 2.3193377355290353E-5 7.24975740069123E-5 2.3172402605543716E-5 1.0000000268681668 
0.1705 1 1.5945494749386476E-5 1.0178399998195253E-4 1.3622694092895526E-5 2.232062805822494E-5 5.8864747365669505E-5 2.2301398257419754E-5 1.000000024884135 
0.2440 2 9.339787075867719E-6 5.410299998178658E-5 8.688684397805488E-6 1.1351942606949162E-5 3.172139352882715E-5 1.1341110193993679E-5 1.0000000064367485 
0.7934 3 1.7529849732143214E-5 1.1160799998146675E-4 1.625306378217772E-5 2.2617724376274903E-5 6.456892485680499E-5 2.2597240762498108E-5 1.0000000255513404 
0.7997 3 6.694458281420732E-5 3.6004700001379675E-4 6.721955121222949E-5 8.091402407885456E-5 2.1349579141400203E-4 8.085425615337596E-5 1.000000326966095 
0.1528 1 1.745790529981455E-5 1.1953899997956264E-4 1.8178240899517305E-5 2.51508367472078E-5 6.84984526396886E-5 2.5128122287329247E-5 1.000000031595 
0.0406 1 2.8525967991461305E-5 1.3405899999774373E-4 2.0020399533501076E-5 2.60051621916831E-5 8.129248399460251E-5 2.5981984146672712E-5 1.0000000337772263 
0.6331 3 1.9654874843279656E-5 1.4039699998116272E-4 3.9884767839837834E-5 4.64674826966583E-5 8.002593741222119E-5 4.642548915148757E-5 1.000000107848113 
0.7161 3 2.6630658853864404E-5 2.1134899997681255E-4 3.107041581619596E-5 4.502418937685709E-5 1.1898982941533848E-4 4.498696502635537E-5 1.000000101248764 
0.0239 1 1.670576542988844E-5 8.717799997775E-5 1.1884091789251604E-5 1.5833769327282807E-5 5.194188270381922E-5 1.5819029909702047E-5 1.0000000125224107 
0.0441 1 2.0653317760944E-5 9.40449999828008E-5 1.3510221589428108E-5 1.7155814696533103E-5 5.73491588718724E-5 1.7140037631940162E-5 1.0000000147006596 
0.1194 1 4.250044851674216E-5 1.9985800000776877E-4 2.682700931874898E-5 3.487674353788657E-5 1.2117922426225547E-4 3.48479833129235E-5 1.000000060751605 
0.1133 1 1.1733548276421567E-5 6.661099998199749E-5 1.0555952970302688E-5 1.3910386505174529E-5 3.917227412920953E-5 1.3897229558408514E-5 1.0000000096650186 
0.0528 1 1.2875742143100515E-5 6.520699998262547E-5 9.402980635271229E-6 1.2374565569399446E-5 3.904137106286299E-5 1.2362913083842445E-5 1.0000000076486535 
0.2765 2 2.8070499531428944E-5 2.0139699997707706E-4 2.983124277583598E-5 4.169471503884378E-5 1.14733749754253E-4 4.165948443465417E-5 1.0000000868280527 
0.6200 3 2.819279932773531E-5 1.036299999890522E-4 1.4206076816658314E-5 1.7182119500106332E-5 6.591139965839375E-5 1.716648053468178E-5 1.0000000147456642 
0.1674 1 2.8859463259381098E-5 1.2174299999931915E-4 1.667666399878782E-5 2.1439058850832816E-5 7.530123162935013E-5 2.1419718827344693E-5 1.0000000229571249 
0.6002 3 2.903360511934786E-5 1.6951799998816687E-4 3.782641674383852E-5 4.331902926659751E-5 9.927580255375737E-5 4.328033826638275E-5 1.0000000937261373 
0.2506 2 2.868673164674717E-5 9.993400001058194E-5 1.1849824215446115E-5 1.4847842417510153E-5 6.431036582866456E-5 1.4834279964807678E-5 1.000000011011279 
0.7525 3 3.4691329743314044E-5 3.161269999989669E-4 3.671970101043119E-5 6.491000869251214E-5 1.7540916487114046E-4 6.486355313311298E-5 1.0000002104274672 
0.2951 2 1.0611576770749715E-5 7.123799997985625E-5 9.457481004273229E-6 1.392718334686461E-5 4.0924788375302984E-5 1.3914097025679628E-5 1.0000000096883357 
0.0772 1 1.758967426192177E-5 8.853399997859057E-5 1.2292272440072474E-5 1.6472979374067912E-5 5.306183712025617E-5 1.6457707717689362E-5 1.0000000135537914 
0.2205 2 1.331171580892819E-5 6.913199998384023E-5 9.956923149985172E-6 1.2968105785284858E-5 4.1221857896384205E-5 1.295591212746392E-5 1.0000000083999094 
0.0602 1 2.532663922936734E-5 1.3162799997707976E-4 2.257450699629963E-5 2.798233734034864E-5 7.847731960322355E-5 2.795717557189088E-5 1.0000000391090142 
0.4165 3 4.4793936372412994E-5 2.092190000023475E-4 3.2950212379342196E-5 4.1091022500228314E-5 1.2700646818738026E-4 4.10564063226706E-5 1.0000000843298098 
0.7126 3 2.025091849027047E-5 1.7811999998060824E-4 2.2087168917375456E-5 3.578635972058873E-5 9.918545923543936E-5 3.575610630005149E-5 1.000000063964599 
0.3743 2 2.9849480992398998E-5 1.6902600000436862E-4 2.771127746378489E-5 3.567495481474987E-5 9.94377404983838E-5 3.5643817576166074E-5 1.0000000635663104 
0.0649 1 9.584235836858841E-6 4.444099997966688E-5 6.938529605478876E-6 8.651650410283446E-6 2.701261790826286E-5 8.643306238732767E-6 1.0000000037386827 
0.3027 2 5.8425605057424455E-5 2.590350000013508E-4 5.0483811918224795E-5 5.76993474507607E-5 1.5873030252938763E-4 5.765244571167165E-5 1.0000001662744373 
0.4879 3 3.953207848354673E-5 1.9516600000448747E-4 2.551356427146769E-5 3.389788640668548E-5 1.173490392440171E-4 3.386945783495896E-5 1.0000000573897143 
0.3909 2 4.6486140916377446E-5 2.557920000099578E-4 3.62135443941197E-5 4.754407787798293E-5 1.5113907046316764E-4 4.750573723281603E-5 1.0000001128944747 
0.0707 1 1.421083910076774E-5 6.92999999782895E-5 8.578775474742468E-6 1.172273740014099E-5 4.175541953952862E-5 1.1711700498941371E-5 1.000000006864081 
0.2584 2 2.1998064138143803E-5 1.2513299997656268E-4 1.9054888420344993E-5 2.4942075691748184E-5 7.356553205735324E-5 2.4919518396126813E-5 1.0000000310723696 
0.2874 2 9.764809035273799E-6 5.831599997789816E-5 9.213633043225102E-6 1.2370197074709225E-5 3.404040450658598E-5 1.2358451538238409E-5 1.0000000076432307 
0.2616 2 1.1649922561783539E-5 5.315499998126416E-5 7.22260375727504E-6 9.387462005354341E-6 3.240246127152385E-5 9.378488846565348E-6 1.0000000044017356 
0.0293 1 1.1558312402141137E-5 5.0396999980550916E-5 8.47085119319477E-6 1.0258026485643918E-5 3.097765619134602E-5 1.0248169127267439E-5 1.000000005255911 
0.0637 1 1.4602748928752861E-5 7.555799997545076E-5 1.0661879406989939E-5 1.4404832962528087E-5 4.508037445210181E-5 1.4391364543763994E-5 1.000000010364162 
0.0134 1 1.2509680575776892E-5 5.7271999981045595E-5 7.916897061088928E-6 1.03256738308595E-5 3.489084027841124E-5 1.031587462530188E-5 1.000000005325518 
0.0494 1 2.3374009932837457E-5 1.0179799999809891E-4 1.3281289291924116E-5 1.753567030926635E-5 6.258600496546818E-5 1.7519546138497076E-5 1.000000015358728 
0.8100 3 1.8783393060220307E-5 1.797309999815644E-4 2.0443988482222054E-5 3.607302046393179E-5 9.925719652089235E-5 3.604279365723455E-5 1.0000000649934118 
0.2110 2 2.3398937182300178E-5 1.343569999777916E-4 1.8141575249883343E-5 2.5922612830182085E-5 7.887796858004589E-5 2.589980423171277E-5 1.0000000335634542 
0.0271 1 1.4129451418838268E-5 7.843799998219492E-5 1.199719580482833E-5 1.662127419688014E-5 4.628372570051659E-5 1.6606081488235772E-5 1.0000000137989717 
0.4433 3 2.7835861944807328E-5 1.506249999964515E-4 2.5125158345841235E-5 3.161939654133315E-5 8.923043097062942E-5 3.159129469579572E-5 1.000000049935726 
0.0398 1 2.3010038088901236E-5 1.5549699998009813E-4 4.488666574034453E-5 4.9783194290025706E-5 8.925351903449969E-5 4.973839986862331E-5 1.000000123787199 
0.2853 2 3.055361678260604E-5 1.4009499997822417E-4 2.1837670144135504E-5 2.578594468508527E-5 8.53243083804151E-5 2.576295512891826E-5 1.0000000332100063 
0.1775 1 1.237768791649384E-5 6.109299997851814E-5 8.945742028048366E-6 1.1514847883575818E-5 3.673534394750599E-5 1.1503882219300026E-5 1.0000000066227879 
0.1682 1 1.7510151038448648E-5 1.2870399997848557E-4 1.825039626163203E-5 2.7811362695049865E-5 7.310707550846712E-5 2.778706675455515E-5 1.0000000386325536 
0.0198 1 3.285013618613062E-5 3.074219999819938E-4 4.8980157896363514E-5 6.890401119647561E-5 1.7013606808406222E-4 6.884972937374427E-5 1.0000002371241654 
0.2567 2 1.4956283174851928E-5 9.727799997749642E-5 1.580986024711503E-5 2.1266598713696194E-5 5.6117141576174176E-5 2.1247079266618692E-5 1.000000022589759 
0.1891 1 3.3634112512815915E-5 1.6932300000600532E-4 2.8610677245909725E-5 3.577511406527185E-5 1.0147855625941061E-4 3.574387210967132E-5 1.0000000639234239 
0.0243 1 2.9094653699156054E-5 1.3062499998226507E-4 1.7633526153511543E-5 2.18922063243468E-5 7.985982684071056E-5 2.187258331322366E-5 1.000000023937819 
0.2637 2 2.0710790613778347E-5 1.072169999825956E-4 1.6318274020785424E-5 2.1728369557278814E-5 6.396389529818697E-5 2.1708848142848918E-5 1.00000002358128 
0.4264 3 3.79389016216353E-5 2.5235199997672984E-4 4.241283344422667E-5 5.719865635644506E-5 1.4514545079918258E-4 5.7152076763930584E-5 1.0000001634023796 
0.1637 1 2.3048258637611325E-5 9.891399999419903E-5 1.3027790799093283E-5 1.72075226617401E-5 6.098112931590518E-5 1.7191752092011162E-5 1.0000000147893293 
0.0699 1 2.3053913049780592E-5 1.2467599998871036E-4 1.871068289203566E-5 2.546917283925386E-5 7.386495651924548E-5 2.5446402275755262E-5 1.0000000323996534 
0.4952 3 5.5123310444443685E-5 2.5866500002245105E-4 3.133934488484381E-5 3.9784000895874504E-5 1.5689415523344736E-4 3.9752541871562176E-5 1.0000000790466423 
0.7924 3 4.785941838267272E-5 2.82913999989165E-4 4.045489649283126E-5 5.392053193774602E-5 1.6538670918591887E-4 5.3879142959964644E-5 1.0000001452046359 
0.4978 3 4.80057844362512E-5 1.9399600001670513E-4 2.1570792859238992E-5 2.778375108945647E-5 1.2100089222647817E-4 2.776057001560872E-5 1.000000038553528 
0.1275 1 3.608109645675132E-5 1.145819999909925E-4 1.211497604368825E-5 1.5717235873442325E-5 7.533154822387191E-5 1.570326384886958E-5 1.0000000123384178 
0.4800 3 4.303593199226029E-5 2.1274300000504454E-4 3.48755272164481E-5 4.343447181663591E-5 1.278894659986524E-4 4.339823346367248E-5 1.000000094223254 
0.2968 2 3.917925201925953E-5 2.97334999982346E-4 6.237319692592474E-5 8.280548478489684E-5 1.6825712600080278E-4 8.273869225075552E-5 1.0000003424556503 
0.2518 2 1.6969530457966103E-5 9.095099998688295E-5 1.2800736576560715E-5 1.7163704680785595E-5 5.3960265222424526E-5 1.714791609459525E-5 1.0000000147143675 
0.0376 1 2.1871085029331443E-5 1.2567199998443358E-4 1.5670134271385433E-5 2.4023937304134217E-5 7.377154250688251E-5 2.4003051133861238E-5 1.0000000288266504 
0.1463 1 2.5716416801201184E-5 1.0107899999181046E-4 1.3414511309073337E-5 1.6693093171587535E-5 6.339770839650582E-5 1.6677855773421927E-5 1.0000000139183043 
0.3990 2 2.786746202005936E-5 1.470339999773529E-4 2.2814829653450448E-5 2.88613384280987E-5 8.745073099870613E-5 2.8835615810369207E-5 1.0000000416039616 
0.3041 2 3.427644921766286E-5 1.526480000061614E-4 2.0607006225196215E-5 2.7294989568278164E-5 9.346222461191213E-5 2.7271132296410077E-5 1.0000000372105748 
0.2657 2 4.137872581351293E-5 1.797070000003176E-4 2.4580536598477188E-5 3.1472757983107445E-5 1.1054286290691526E-4 3.144583970523987E-5 1.000000049472414 
0.0044 1 1.7183608829705307E-5 7.330799997988802E-5 9.648615593923996E-6 1.2449709359743727E-5 4.524580440479666E-5 1.2438036566075876E-5 1.000000007741675 
0.3600 2 4.0214520806342346E-5 1.6908200000200768E-4 2.3765296873864024E-5 3.0725907659844794E-5 1.0464826040417501E-4 3.0699494574490904E-5 1.0000000471526655 
0.0284 1 1.6984686148517017E-5 6.635399998911051E-5 8.294286533588117E-6 1.0744182830317227E-5 4.1669343068813765E-5 1.0734024816206233E-5 1.0000000057659741 
0.0674 1 1.833905777404977E-5 1.0494099997924167E-4 1.5888500790993053E-5 2.1775183915628702E-5 6.164002887664572E-5 2.1755427744267572E-5 1.0000000236829216 
0.1749 1 3.2238967524209965E-5 1.534819999995607E-4 2.768479822798854E-5 3.231067367988462E-5 9.286048376188533E-5 3.228192588579733E-5 1.0000000521426324 
0.0490 1 2.458152416613508E-5 1.3571099998832548E-4 1.639011628874905E-5 2.775643270611731E-5 8.014626207723028E-5 2.773401021829298E-5 1.000000038478954 
0.5154 3 3.520511575290313E-5 1.786150000124609E-4 3.054265993796513E-5 3.71767580717248E-5 1.0691005788268201E-4 3.71442994595599E-5 1.0000000690299737 
0.0243 1 3.929451288338721E-5 1.9624599999616964E-4 2.911432045722243E-5 3.732010373744262E-5 1.1777025643977842E-4 3.728865230632065E-5 1.0000000695631603 
0.2028 2 2.576388040519747E-5 1.3853799997722848E-4 2.2314267976138008E-5 2.810906888627821E-5 8.215094019121297E-5 2.8083841154485117E-5 1.000000039463835 
0.1786 1 2.4791783569007324E-5 1.199099999847908E-4 1.806320531774292E-5 2.2883306018660747E-5 7.235089177689905E-5 2.2862572567902293E-5 1.000000026154526 
0.0332 1 2.4744204971664606E-5 1.1608599999299863E-4 1.958274782001524E-5 2.35954428209178E-5 7.041510248233162E-5 2.357385225730094E-5 1.0000000278077341 
0.2086 2 2.9540735367386425E-5 1.129530000008483E-4 1.6506809919333566E-5 1.98196760730907E-5 7.124686768411736E-5 1.9801636126494754E-5 1.0000000196201255 
0.2169 2 1.9564272328704334E-5 9.175299997594699E-5 1.3039426619484978E-5 1.6621642076263633E-5 5.565863615232566E-5 1.660627480573359E-5 1.0000000137994727 
0.0080 1 1.1469827022754548E-5 5.7724999981689784E-5 7.546132244679729E-6 1.0317830650573579E-5 3.459741350222216E-5 1.0308027644730176E-5 1.0000000053173481 
0.1281 1 2.442362775249489E-5 1.564889999870589E-4 2.5066030209779614E-5 3.44832565396052E-5 9.045631386977689E-5 3.445307314134253E-5 1.0000000593912433 
0.0969 1 1.58234918363138E-5 7.388299997839187E-5 1.0132506105457367E-5 1.3296207104175883E-5 4.4853245907352836E-5 1.3283692884681669E-5 1.000000008830314 
0.4598 3 7.536407395864345E-5 2.7359000000195535E-4 3.977018732108835E-5 4.881629552176621E-5 1.744770369802994E-4 4.8778302397009566E-5 1.0000001190146384 
0.0478 1 2.0358670154268844E-5 9.780499998424119E-5 1.4241740449119395E-5 1.8142637129545513E-5 5.9081835069255016E-5 1.8125980688572257E-5 1.000000016440501 
0.0192 1 1.721033860081663E-5 9.492899998115867E-5 1.2499284667987772E-5 1.7280697559766477E-5 5.6069669290987644E-5 1.7264830891917992E-5 1.000000014915495 
0.1327 1 1.7741243663471837E-5 8.219499998114443E-5 1.0174131561766128E-5 1.3608097356471391E-5 4.9968121822308134E-5 1.359546175135372E-5 1.0000000092493606 
0.3704 2 3.0815415311509096E-5 2.321369999760847E-4 4.216515595924184E-5 5.6222068063980794E-5 1.314762076437969E-4 5.6175597710712735E-5 1.0000001578730242 
0.0347 1 1.6348793779908814E-5 8.176499997960551E-5 1.2203782565086444E-5 1.5806274521476132E-5 4.905689687975716E-5 1.5791540749189216E-5 1.0000000124790192 
0.2955 2 2.865958981018276E-5 1.4547799998494427E-4 2.0078238758273728E-5 2.66289203479062E-5 8.706879489756352E-5 2.6605663440578428E-5 1.000000035416957 
0.1473 1 3.11095194788043E-5 1.8475999997631388E-4 3.122746911206272E-5 3.9679752953571885E-5 1.0793475972755909E-4 3.964567933157855E-5 1.000000078638688 
0.4156 3 4.148622549601062E-5 2.479990000112453E-4 3.95917573852467E-5 5.094613827249166E-5 1.4474261275362795E-4 5.090413907771563E-5 1.0000001296305525 
0.0331 1 1.1963678598387891E-5 6.50179999851952E-5 9.52469931969272E-6 1.2717685546639449E-5 3.849083929179155E-5 1.2705673473621803E-5 1.0000000080786502 
0.2920 2 2.6759657009072753E-5 1.3899399999188765E-4 1.7378969717383068E-5 2.4480161251689016E-5 8.28768285004802E-5 2.4458750335024153E-5 1.0000000299318474 
0.8367 3 3.636110505692987E-5 2.2506300000852965E-4 4.419663228181615E-5 5.609968005728573E-5 1.3071205253272974E-4 5.60524179962325E-5 1.0000001571845065 
0.1984 1 2.3830649673557285E-5 8.210599999971535E-5 9.582538788020183E-6 1.197046706058977E-5 5.2968324836636314E-5 1.1959346449075493E-5 1.0000000071570545 
0.1193 1 2.3457267091018596E-5 1.395079999830573E-4 1.987596689045375E-5 2.723647471569347E-5 8.148263353703795E-5 2.721217814450521E-5 1.0000000370517133 
0.3343 2 4.145103704942066E-5 2.8154599999745676E-4 4.405322561844674E-5 6.034053438663634E-5 1.6149851852343872E-4 6.0293965391927505E-5 1.0000001818447828 
0.3143 2 2.8539928214739563E-5 1.732049999951135E-4 2.7940078092925776E-5 3.7452123836432746E-5 1.0087246410492653E-4 3.742031503786372E-5 1.000000070056718 
0.2368 2 3.449328284697881E-5 1.790150000025692E-4 2.931835716932994E-5 3.695616381528015E-5 1.0675414142477402E-4 3.692432556299045E-5 1.0000000682132855 
0.1593 1 3.6896382031397376E-5 1.7705600000146316E-4 2.845999770935289E-5 3.488584868408074E-5 1.0697619101643027E-4 3.485560427549424E-5 1.0000000607844783 
0.8659 3 3.528193757603431E-5 1.776359999783983E-4 3.4556282146511E-5 4.200268794734414E-5 1.064589687772163E-4 4.196530014984575E-5 1.0000000881152322 
0.2180 2 2.36964655904922E-5 1.8002899998479372E-4 2.7556146541828404E-5 4.041844583340505E-5 1.0186273278764297E-4 4.038448730428822E-5 1.0000000815947656 
0.0317 1 2.0761854893495208E-5 8.489399997799741E-5 1.2362294332943566E-5 1.4819687756738272E-5 5.282792743574631E-5 1.4805882355924126E-5 1.0000000109696634 
0.1667 1 2.8886898707142665E-5 1.40243999986156E-4 2.2932781342586826E-5 2.8713331860066697E-5 8.456544934664933E-5 2.8687914185876483E-5 1.00000004117893 
0.2195 2 3.833327034856182E-5 1.7776800000675054E-4 2.542801510704803E-5 3.2536714488557485E-5 1.0805063517765618E-4 3.250886348263215E-5 1.000000052873885 
0.3265 2 4.955127074488032E-5 2.6246400001281864E-4 4.5447278204423434E-5 5.3794540141525284E-5 1.5600763537884947E-4 5.375036440396521E-5 1.0000001445288835 
0.3238 2 5.001436926657508E-5 2.561519999887407E-4 3.660802532023108E-5 4.7500602859549203E-5 1.530831846276579E-4 4.7463420532038035E-5 1.0000001126902631 
0.3039 2 3.326855802334715E-5 2.0426199998850868E-4 3.3462336434812944E-5 4.3027080397710875E-5 1.1876527900592792E-4 4.2990811852739576E-5 1.0000000924653993 
0.4637 3 6.435929921460684E-5 2.415179999989858E-4 2.212227899876485E-5 3.2624347422661384E-5 1.5293864960679634E-4 3.259876145115823E-5 1.000000053156299 
0.1254 1 3.0056735873533256E-5 1.97005999978761E-4 2.7415503433900566E-5 3.96323778906438E-5 1.1353136792614713E-4 3.959958373341023E-5 1.0000000784504295 
0.3383 2 4.707371303029459E-5 2.0442599999279665E-4 2.6939795687549043E-5 3.6437383189076095E-5 1.257498565115456E-4 3.6407119286192115E-5 1.0000000663105735 
0.0391 1 2.7479519701097677E-5 9.273899999655555E-5 1.1711616456125398E-5 1.4385041171613008E-5 6.0109259848826616E-5 1.4371807087458697E-5 1.0000000103355644 
0.0182 1 2.1613541685343117E-5 1.4931899997985276E-4 1.8395286659284996E-5 2.8027052093078326E-5 8.546627083259794E-5 2.800269972670401E-5 1.0000000392339592 
0.6771 3 4.837093146726517E-5 3.5105599999560864E-4 7.066746395225215E-5 9.376534306576448E-5 1.997134657314369E-4 9.369632996731318E-5 1.0000004390920847 
0.2446 2 2.5797183677405202E-5 1.256470000025045E-4 1.6414440233141644E-5 2.1964412941192777E-5 7.572209183995485E-5 2.1944689793747592E-5 1.0000000240961178 
0.4114 3 6.132317835209684E-5 2.153769999851507E-4 2.3034848624766735E-5 3.221717643742243E-5 1.3835008916862377E-4 3.219070230284327E-5 1.000000051839033 
0.0523 1 2.1850670534398425E-5 1.1049299998175944E-4 1.6021969022063896E-5 2.076939251275483E-5 6.617183525807893E-5 2.07505569667909E-5 1.0000000215457163 
0.2456 2 3.6841984240846826E-5 2.2777699997886814E-4 4.503369726769596E-5 5.461075959357821E-5 1.3230949210985747E-4 5.4564987418752125E-5 1.0000001489524364 
0.1658 1 2.809124413401584E-5 1.652609999859722E-4 2.593120650216592E-5 3.363188586098604E-5 9.667612205999402E-5 3.3602503594495174E-5 1.000000056494211 
0.3503 2 5.4049095540341965E-5 3.5647600000732194E-4 7.034782474794837E-5 8.529268670939137E-5 2.0526254777383194E-4 8.52277655262972E-5 1.000000363323996 
0.6210 3 3.0631988226406575E-5 2.6270399997629923E-4 4.360479532233751E-5 6.547500085308108E-5 1.466679941013529E-4 6.542363851964888E-5 1.0000002141119877 
0.4550 3 6.906327237824371E-5 2.7331199999962584E-4 3.378170676554081E-5 4.385931388696108E-5 1.7118763618893478E-4 4.382551646789076E-5 1.000000096070411 
0.0049 1 2.0969350243859562E-5 8.990799997994347E-5 1.1654786927706905E-5 1.490776945575564E-5 5.5438675111901516E-5 1.4893957510865927E-5 1.0000000111004317 
0.1632 1 2.3804887579499628E-5 1.641999999769439E-4 2.158963929373127E-5 3.107957790374784E-5 9.400244377822177E-5 3.105231639013472E-5 1.0000000482451858 
0.3613 2 2.9900669039488512E-5 1.426709999894582E-4 2.2058259105340964E-5 2.7481389541570607E-5 8.628583451447336E-5 2.7457077138361608E-5 1.0000000377211753 
0.0591 1 1.798471333977311E-5 1.1515599998324078E-4 1.736736327028163E-5 2.3568862451214597E-5 6.657035666150695E-5 2.354757567999352E-5 1.0000000277454104 
0.0553 1 2.1926204286980717E-5 1.38117999983689E-4 2.0400386245699542E-5 2.8730694258130525E-5 8.002210213533486E-5 2.8705719748596542E-5 1.000000041228705 
0.0247 1 2.315087977235885E-5 1.1682299997890499E-4 1.6420418326692194E-5 2.242381186739115E-5 6.998693987563192E-5 2.2403581965048006E-5 1.000000025114692 
0.2042 2 2.632895312717073E-5 1.2997099999247918E-4 1.837734340750711E-5 2.3860767849001306E-5 7.814997655982496E-5 2.383942276675385E-5 1.0000000284364676 
0.0234 1 3.321941344198477E-5 1.8290999999710512E-4 2.7516058179117315E-5 3.613104939703956E-5 1.0806470671954495E-4 3.610004137978288E-5 1.0000000652017818 
0.0315 1 2.0035920096016867E-5 1.0051199997767047E-4 1.6082642769057634E-5 1.994248714463035E-5 6.0273960036843666E-5 1.9924070323114978E-5 1.0000000198642611 
0.6754 3 4.536502054545222E-5 2.9426400000089894E-4 5.450369534120893E-5 6.9458119070211E-5 1.6981451027317559E-4 6.940387252391138E-5 1.0000002409484674 
0.0123 1 1.5207092281418865E-5 7.743999997844586E-5 1.3060054009811826E-5 1.6309411719795158E-5 4.6323546129932364E-5 1.6294061836064115E-5 1.0000000132861249 
0.0999 1 4.416700763651462E-5 1.902690000185725E-4 2.9261805198411832E-5 3.5627498464988154E-5 1.1721800382754356E-4 3.559706559450055E-5 1.000000063395533 
0.8607 3 3.234433136999011E-5 2.696279999988116E-4 4.024625176945993E-5 6.028910404532681E-5 1.5098616568440086E-4 6.0241715556419606E-5 1.000000181536878 
0.1456 1 4.24890464716509E-5 1.4099300001526593E-4 1.709702878886963E-5 2.154576076092036E-5 9.174102324345842E-5 2.1526797277374197E-5 1.0000000231857715 
0.1541 1 1.6585567703759847E-5 8.590499997955803E-5 1.3037819530380659E-5 1.7010859043160223E-5 5.124528384165894E-5 1.6995060427097678E-5 1.0000000144534062 
0.6359 3 5.4318018061099976E-5 2.1313099999968886E-4 2.5124018867682114E-5 3.332448560981926E-5 1.337245090303944E-4 3.329684249056423E-5 1.0000000554635666 
0.0393 1 1.4154692307295054E-5 6.462099997808223E-5 8.084073538567201E-6 1.0893016395943082E-5 3.9387846142688644E-5 1.0882732785515857E-5 1.000000005926797 
0.0733 1 3.164409557539594E-5 1.5964200000873063E-4 1.9022103250647397E-5 2.7949571159341437E-5 9.56430477920633E-5 2.792565361779477E-5 1.0000000390165502 
0.4637 3 3.854034422697075E-5 1.705850000055964E-4 2.6759445048683046E-5 3.2579377339324305E-5 1.0456267211628357E-4 3.255090909545468E-5 1.0000000530128994 
0.6701 3 2.5591427474059232E-5 1.430189999875653E-4 1.9138372568625147E-5 2.6961506572967894E-5 8.430521373081226E-5 2.6937981929373145E-5 1.0000000363071742 
0.3872 2 2.6147450911880343E-5 1.217499999878413E-4 1.6452391340061737E-5 2.1672295438460997E-5 7.394872544986082E-5 2.1652801176626773E-5 1.0000000234594393 
0.2728 2 2.826074997215946E-5 1.5139099998713325E-4 2.3143976872498805E-5 3.0365085110321404E-5 8.982587497964636E-5 3.033866330616169E-5 1.0000000460528362 
0.8180 3 4.3220517860899375E-5 3.375070000121161E-4 4.677031002940908E-5 6.967274715409092E-5 1.9036375893650772E-4 6.96220032249448E-5 1.0000002424372167 
0.0243 1 1.9169831962159177E-5 8.840499997933015E-5 1.2264027143706758E-5 1.587254549030587E-5 5.3787415970744664E-5 1.585786193934156E-5 1.0000000125836974 
0.5595 3 2.343286346330823E-5 1.724969999771009E-4 2.3329232895630315E-5 3.658122360265857E-5 9.796493172020456E-5 3.6551372988409747E-5 1.0000000668364613 
0.3301 2 3.5100598670494396E-5 2.0629500000364233E-4 2.8712914407879486E-5 4.016877653037386E-5 1.2069779933706836E-4 4.013560485767194E-5 1.000000080587755 
0.0385 1 1.9854064139689236E-5 9.153899997906833E-5 1.3569350015987815E-5 1.7095475419923947E-5 5.5696532059378784E-5 1.707958322836373E-5 1.0000000145974568 
0.0598 1 1.450984119456013E-5 9.11619999811597E-5 1.1985606879920623E-5 1.747446332823657E-5 5.2835920587859915E-5 1.7458454279312367E-5 1.0000000152519821 
0.0344 1 2.2078898268452026E-5 9.892299999214593E-5 1.510308634099038E-5 1.878754292124936E-5 6.050094913029898E-5 1.8770203991116613E-5 1.0000000176299373 
0.3559 2 4.811650438252986E-5 2.2090200000131067E-4 2.9832596591535056E-5 3.886244548969803E-5 1.3450925219192026E-4 3.883043985741115E-5 1.0000000754301805 
0.5997 3 3.279364302762166E-5 1.9651999999261704E-4 3.292761907996788E-5 4.350451233254605E-5 1.1465682151011935E-4 4.346765603545247E-5 1.0000000945292997 
0.3185 2 2.861790188515196E-5 1.6647399997664624E-4 2.5073262769850772E-5 3.355806351945362E-5 9.75459509308991E-5 3.35289437948916E-5 1.0000000562464517 
0.7491 3 3.042385067163084E-5 3.2796099997971505E-4 3.9413207845664504E-5 7.141207989073393E-5 1.7919242532567296E-4 7.136401149477584E-5 1.0000002546934212 
0.2991 2 2.6166607486400305E-5 1.5961199998748565E-4 2.1248150086795504E-5 3.0515536882400047E-5 9.288930373694298E-5 3.0489003127865282E-5 1.0000000465098509 
0.6699 3 2.4182691714912836E-5 1.3783199999342077E-4 2.100610034929401E-5 2.789186540524759E-5 8.10073458541668E-5 2.7867016107986245E-5 1.00000003885621 
0.2500 2 1.4369263715990964E-5 7.50439999801733E-5 1.0393182389096116E-5 1.390236994897476E-5 4.470663184808213E-5 1.38893462453415E-5 1.0000000096538124 
0.2427 2 6.398109405438515E-5 2.0262800000523385E-4 2.24509633533028E-5 2.6360204760619876E-5 1.333045470298095E-4 2.6338321183625354E-5 1.000000034703664 
0.7094 3 3.2469611202657906E-5 1.8633199998143723E-4 2.943146158512006E-5 3.8607661690813915E-5 1.0940080559204757E-4 3.857402450240528E-5 1.0000000744461046 
0.2118 2 2.233132176858282E-5 1.5466599997882025E-4 2.148218497582698E-5 3.087641366342598E-5 8.849866087370153E-5 3.084978920378068E-5 1.00000004761658 
0.3390 2 4.599909230074781E-5 2.9146800001091935E-4 4.217242033639185E-5 5.84939824068084E-5 1.6873354615583357E-4 5.844898095722558E-5 1.000000170881937 
0.0985 1 1.2650436733546089E-5 6.542199997894294E-5 9.278077022025268E-6 1.270460427010691E-5 3.9036218356244514E-5 1.2692653563054226E-5 1.0000000080620388 
0.5375 3 3.155779444749542E-5 2.3474800000597985E-4 3.842745422530499E-5 5.393313145445299E-5 1.3315289722673764E-4 5.388967149833004E-5 1.000000145278009 
0.3086 2 4.427555890235841E-5 2.6229699998623344E-4 4.758505304773128E-5 5.924250108156073E-5 1.5328627944429592E-4 5.9193156509315166E-5 1.000000175286281 
0.0724 1 1.8271631879267085E-5 1.5991099997736402E-4 2.8354352507224894E-5 3.9318084315463965E-5 8.909131592831555E-5 3.9283469740040597E-5 1.0000000772136393 
0.4743 3 3.510820334255352E-5 1.2696200001607316E-4 1.374871099858891E-5 1.800973453575157E-5 8.103510167931334E-5 1.799376976833499E-5 1.000000016200045 
0.0120 1 1.3222789159369484E-5 6.371699998384273E-5 9.007971088051299E-6 1.1533063812271149E-5 3.846989457160611E-5 1.1522156347279882E-5 1.0000000066437957 
0.2602 2 4.3618275171411164E-5 1.903250000088841E-4 2.426096721783129E-5 3.16374811114478E-5 1.1697163759014763E-4 3.161119470333257E-5 1.0000000499909687 
0.1687 1 3.702305879965753E-5 1.6636799998441808E-4 2.8286015688628114E-5 3.318922152660866E-5 1.0169552939203781E-4 3.316017789597577E-5 1.0000000550164228 
0.7071 3 1.496243825579926E-5 1.0935399997811235E-4 1.4512646633106424E-5 2.377686048476624E-5 6.21582191169558E-5 2.3756049014941622E-5 1.0000000282370007 
0.1888 1 3.1674205377348065E-5 1.0201300000265424E-4 1.200399676917284E-5 1.4750374371027483E-5 6.684360269000115E-5 1.4736849322778112E-5 1.0000000108671154 
0.2014 2 2.7592321671347852E-5 1.2021099999728335E-4 1.3716856071813764E-5 1.8891582888256216E-5 7.39016608343156E-5 1.8874728029670765E-5 1.0000000178256307 
0.4823 3 3.451977303996728E-5 2.1072200000258335E-4 4.817971229902078E-5 5.766751987491471E-5 1.2262088652127532E-4 5.7618593122562454E-5 1.0000001660953368 
0.8816 3 3.36782633373713E-5 2.67297999977445E-4 5.747020061186905E-5 7.312781607012663E-5 1.5048813165740815E-4 7.306868908979366E-5 1.000000267089083 
0.5094 3 2.793176835940758E-5 1.7264999997690378E-4 2.894804311827525E-5 3.8237246081012114E-5 1.0029088416815569E-4 3.820437908793018E-5 1.0000000730253331 
0.3823 2 1.441912574281438E-5 1.0358199998299345E-4 1.3557057824345292E-5 2.299555133313846E-5 5.9000562862903914E-5 2.2975717205886653E-5 1.0000000264118338 
0.3576 2 3.084533479602439E-5 1.8416600001764928E-4 2.33860844597647E-5 3.5245504992497945E-5 1.0750566740683684E-4 3.521639940047962E-5 1.000000062043972 
0.1951 1 1.7103377576505613E-5 7.904899998338877E-5 1.0777925757898822E-5 1.4088139785891902E-5 4.807618877994719E-5 1.4075029655351694E-5 1.0000000099134365 
0.1191 1 1.703676469730092E-5 1.0582999998138831E-4 1.3529569064087164E-5 2.110892570822335E-5 6.143338233934461E-5 2.1090335922256936E-5 1.000000022255806 
0.3554 2 3.341991085328188E-5 1.822929999798051E-4 2.384851001527E-5 3.3035982476439476E-5 1.0785645541654348E-4 3.300791057130433E-5 1.0000000545098444 
0.3501 2 5.686613467850054E-5 2.2302200000714478E-4 3.08655335937744E-5 3.8154103009771836E-5 1.3994406734282264E-4 3.812283959699239E-5 1.000000072704521 
0.1864 1 4.0966143288034175E-5 1.6267700000638374E-4 2.2574572222310098E-5 2.791285784566085E-5 1.0182157164720897E-4 2.7888517313696916E-5 1.0000000389138006 
0.3184 2 3.531536196602038E-5 1.4907200001692544E-4 2.5746573062454217E-5 3.087548664394127E-5 9.21936809914729E-5 3.084809347336523E-5 1.0000000476128788 
0.4044 3 3.404025572774217E-5 1.7782700000463781E-4 2.6537521343531422E-5 3.373666079021195E-5 1.0593362786618999E-4 3.370749856172582E-5 1.0000000568462482 
0.6471 3 3.91595750272725E-5 2.1283400000531304E-4 4.040888050092737E-5 4.8356140472062844E-5 1.2599678751629276E-4 4.8314800662079455E-5 1.0000001167865604 
0.1972 1 3.109726901417725E-5 1.6567000000053956E-4 2.7949353836419464E-5 3.4173570118008256E-5 9.838363450735841E-5 3.4143247310940005E-5 1.0000000583283921 
0.2923 2 3.387546927229854E-5 2.0062699999643386E-4 2.8669573385001015E-5 3.845494497633188E-5 1.172512346343662E-4 3.84225355035905E-5 1.000000073858232 
0.2144 2 1.0943130406929004E-5 6.35069999851412E-5 9.492475149785696E-6 1.283609208157869E-5 3.7225065196035104E-5 1.2823934571977538E-5 1.0000000082297773 
0.6161 3 5.9673164911967135E-5 3.5947400000935215E-4 6.911286348289463E-5 8.471928265939998E-5 2.0957358246065963E-4 8.46566020888829E-5 1.0000003584509036 
0.0999 1 2.455648429480314E-5 1.2200999999245621E-4 2.1390578105146423E-5 2.5762005279369977E-5 7.328324214362967E-5 2.5738503876430506E-5 1.0000000331487628 
0.0560 1 3.370269086247393E-5 1.6315000000721724E-4 2.5432692549333988E-5 3.207157826245799E-5 9.842634543484559E-5 3.204341647791748E-5 1.0000000513735847 
0.3193 2 2.8479090128977554E-5 1.7087799999020435E-4 2.93485698163245E-5 3.722525262781229E-5 9.967854505959096E-5 3.7192218458020295E-5 1.0000000692111641 
0.5340 3 5.956026098573171E-5 2.449560000007178E-4 2.8940435309651282E-5 3.626702229748253E-5 1.5225813049322476E-4 3.623787184125238E-5 1.000000065689342 
0.3756 2 2.987922810703601E-5 1.5883600000126118E-4 2.402268616267442E-5 3.1170333571863655E-5 9.43576140541486E-5 3.1143004104200774E-5 1.0000000485269145 
0.3856 2 2.605121618782304E-5 1.649489999783871E-4 2.3256113708394106E-5 3.2875554481744115E-5 9.550010808310506E-5 3.284764385858768E-5 1.0000000539817837 
0.4650 3 3.09469476615953E-5 1.8848799999029441E-4 3.054911590712299E-5 4.0982940524497946E-5 1.0971747382594485E-4 4.094866676311394E-5 1.0000000838881438 
0.4228 3 2.5953817766500953E-5 1.8158799999226093E-4 2.334718167284217E-5 3.540384087889298E-5 1.0377090887938094E-4 3.5374248774292714E-5 1.0000000626037195 
0.0921 1 2.7858448433988717E-5 1.720119999995662E-4 3.307891077948407E-5 4.049888722081142E-5 9.993522421677745E-5 4.0463273068979845E-5 1.000000081919679 
0.4775 3 2.3511467587288122E-5 1.283089999789988E-4 1.68328462984597E-5 2.4434861248933604E-5 7.591023378314346E-5 2.4413610239241688E-5 1.0000000298212672 
0.5997 3 4.4956279228181336E-5 2.4129500001308647E-4 3.981893827169569E-5 5.104635776666983E-5 1.431256396206339E-4 5.100475011932456E-5 1.0000001301409078 
0.6082 3 4.468887797668109E-5 2.8085899998551154E-4 6.847327785146336E-5 7.960903522989489E-5 1.627739389810963E-4 7.954375073417375E-5 1.0000003165272455 
0.5236 3 5.948786435068239E-5 2.769490000125607E-4 3.1910413489210514E-5 3.993754595728743E-5 1.6821843218162155E-4 3.990644686600774E-5 1.000000079656812 
0.6099 3 3.487771101614343E-5 2.5247699998682817E-4 4.4239008817491314E-5 5.943148164261581E-5 1.436773555014858E-4 5.938359262641229E-5 1.0000001764097541 
0.3911 2 2.9688142107274923E-5 1.8400199998465095E-4 2.8529339856786716E-5 3.746029003077054E-5 1.0684507104596293E-4 3.7428148980021124E-5 1.0000000700878937 
0.2354 2 4.2412181836923035E-5 2.36375000014033E-4 3.5471645612501184E-5 4.683563027949899E-5 1.39393590925478E-4 4.6797119573692154E-5 1.0000001095563045 
0.0156 1 2.4123617056732414E-5 1.2165699999795443E-4 2.0765609397558862E-5 2.5763468029237362E-5 7.289030852734342E-5 2.5739993859724786E-5 1.0000000331525623 
0.3173 2 2.5498564681188926E-5 1.6542399997980793E-4 2.2460518129576802E-5 3.227974163099289E-5 9.546128233049843E-5 3.225187338260874E-5 1.0000000520433416 
0.2820 2 2.9515712786603525E-5 1.683259999909703E-4 2.4708745292715243E-5 3.294252713201276E-5 9.892085638878692E-5 3.29140025282662E-5 1.0000000542019134 
0.1504 1 3.451308633153908E-5 1.4965500000336808E-4 1.9137876109761626E-5 2.5317775049378445E-5 9.208404316745357E-5 2.5295717946318804E-5 1.000000032014884 
0.1145 1 8.426073371533181E-5 2.1627499999985478E-4 2.0224168885335273E-5 2.502681086657344E-5 1.502678668575933E-4 2.5006807402012247E-5 1.0000000312815414 
0.3202 2 2.6094343942429175E-5 1.2512300000053767E-4 2.2290312879177687E-5 2.6432037199115154E-5 7.560867197148342E-5 2.6407907198987878E-5 1.0000000348952929 
0.3374 2 3.520927963438568E-5 1.9413899998037553E-4 3.287979066773543E-5 4.134662438420753E-5 1.146741398073806E-4 4.1311423526123E-5 1.0000000853840267 
0.2037 2 3.13064029531667E-5 1.4561500000553895E-4 1.6261942979557594E-5 2.491521294113651E-5 8.846070147935283E-5 2.4894116903290338E-5 1.0000000310045873 
0.2502 2 3.806182104446831E-5 1.9945899998676797E-4 3.263029183599695E-5 4.037197513577884E-5 1.1876041051561814E-4 4.033756506622612E-5 1.000000081405435 
0.2544 2 5.032866139843457E-5 2.552040000127542E-4 3.601070452038011E-5 4.55736068296753E-5 1.527663307055944E-4 4.553675079502188E-5 1.0000001037296504 
0.8935 3 3.4596558222470146E-5 2.586409999757233E-4 4.988444325739446E-5 6.438854687558986E-5 1.4661877909909673E-4 6.433603831933486E-5 1.0000002070658247 
0.2282 2 2.2693638761559445E-5 1.3933099997982535E-4 1.714718522534155E-5 2.601476689160322E-5 8.10123193706924E-5 2.5992172411019328E-5 1.0000000338023218 
0.9484 3 2.2513666986990788E-5 2.2369199998197863E-4 3.0717233766283706E-5 5.014942469775996E-5 1.231028334844847E-4 5.0108890641651056E-5 1.0000001256120774 
0.0974 1 2.032812710880096E-5 1.0529099997831359E-4 1.3836611670774055E-5 1.88684626466359E-5 6.280956354355728E-5 1.8851210490630625E-5 1.000000017782269 
0.4829 3 3.205222708738542E-5 2.0057800000221614E-4 2.7394782314401664E-5 3.833145808825166E-5 1.1631511354480079E-4 3.8299162590937445E-5 1.000000073384557 
0.3123 2 2.4494398861280555E-5 1.406199999770763E-4 2.144944158144216E-5 2.8024033335973164E-5 8.255719941917843E-5 2.799917431464576E-5 1.0000000392254755 
0.1725 1 2.5183965774518174E-5 1.5730999999317153E-4 2.0671561577553058E-5 3.0722195009040134E-5 9.124698288384486E-5 3.0695574741573944E-5 1.0000000471421835 
0.0149 1 1.687873368030275E-5 8.552099997918283E-5 1.3082665624898095E-5 1.6818058029346513E-5 5.119986682974279E-5 1.6802404963929963E-5 1.0000000141277114 
0.2149 2 3.256693962527894E-5 1.6940699997940455E-4 3.1607431296238345E-5 3.8229634153865985E-5 1.0098696980234174E-4 3.819620850343838E-5 1.0000000729965117 
0.4187 3 2.7995448203594605E-5 1.7172499999158487E-4 3.729104290036796E-5 4.538989316113983E-5 9.986022409758974E-5 4.53500781459363E-5 1.0000001029015444 
0.2167 2 2.4576785334485766E-5 1.2092099999849726E-4 1.6798415731479838E-5 2.2557488662757093E-5 7.274889266649151E-5 2.2537180564726766E-5 1.000000025414951 
0.0027 1 2.0552748513800755E-5 7.93879999788194E-5 1.0758290606086315E-5 1.3360081453034571E-5 4.9970374246310073E-5 1.3347609138252071E-5 1.0000000089152965 
0.0154 1 1.589318672841546E-5 7.615299997818515E-5 1.2368344311401692E-5 1.5165967287008318E-5 4.6023093353300306E-5 1.515169227880243E-5 1.0000000114884382 
0.0286 1 1.7395516519922054E-5 7.999699997960353E-5 1.1654825915799557E-5 1.4760954547077837E-5 4.869625824976279E-5 1.474718348764751E-5 1.000000010882905 
0.2028 2 2.0350295071802963E-5 1.1957499997972132E-4 1.8330327102068297E-5 2.4462980162234532E-5 6.996264752576214E-5 2.4440838952944096E-5 1.0000000298902998 
0.3949 2 4.873965303300534E-5 2.2702400001481938E-4 3.551969635500756E-5 4.338553460429333E-5 1.3788182652391237E-4 4.334958018339891E-5 1.0000000940096914 
0.1683 1 1.798295464203798E-5 9.47769999798176E-5 1.767363664539527E-5 2.1101947837371067E-5 5.6379977310927786E-5 2.1082360219121383E-5 1.0000000222414516 
0.5328 3 5.83955736166555E-5 3.737950000167967E-4 7.260369869085811E-5 8.96703931709097E-5 2.160952868167261E-4 8.96043168930225E-5 1.0000004015716226 
0.2929 2 2.971944921531622E-5 1.7372800000146072E-4 3.0129283081676134E-5 3.7972226409418945E-5 1.0172372460838847E-4 3.793895486317848E-5 1.0000000720165252 
0.2782 2 2.6844030210792648E-5 1.91937999977565E-4 3.5317760988465176E-5 4.5561393589998626E-5 1.0939101509417882E-4 4.5522216909731125E-5 1.0000001036801307 
0.1170 1 3.00947917835025E-5 1.7090199998233136E-4 2.5217180853689273E-5 3.32674988389569E-5 1.0049839588291693E-4 3.323879822892698E-5 1.000000055276625 
0.3836 2 4.154272887428583E-5 1.8182600000598014E-4 2.2981863666543155E-5 3.096472818814044E-5 1.1168436444013299E-4 3.0938338461307396E-5 1.0000000478879245 
0.1757 1 1.859556253372965E-5 1.0464299998398374E-4 1.790043953164083E-5 2.279848284347743E-5 6.16192812588567E-5 2.277754837328199E-5 1.0000000259613895 
0.1758 1 3.241879234482916E-5 1.356910000003486E-4 1.938890534249729E-5 2.4495488126042684E-5 8.405489617258889E-5 2.4473690750257673E-5 1.0000000299693999 
