0.0000 1 0.6687148157 0.6765037349183319 
0.0000 1 0.6822701082200002 1.272149581722601 
0.0000 1 0.72436228309 1.3196902000319006 
0.0000 1 0.5854321372600001 0.3445954466440122 
0.0000 1 0.72266245247 1.5883437162128045 
0.0000 1 0.65773617546 0.8590603172027291 
0.0000 1 0.7143552709199998 0.9092608982714155 
0.0000 1 0.7536154876900001 1.3513745493149678 
0.0000 1 0.6910648094300006 0.7218181529182158 
0.0000 1 0.75659368188 0.8398633657926177 
0.1769 1 0.6045840962900002 1.1466729654773216 
0.1218 1 0.6764356490299999 1.2273165656635312 
0.5184 3 0.7218614825200003 3.650853994865795 
0.0656 1 0.72996972029 0.8464751504663613 
0.0182 1 0.6581927679199997 0.6717375857969446 
0.3582 2 0.5711043277200001 1.926870977234304 
0.6488 3 0.6891068655999999 2.007863582234863 
0.0273 1 0.6612488806999998 1.4814169945158497 
0.1342 1 0.7400805329799998 0.7340006088488177 
0.0848 1 0.7374953529699997 0.6593558628952115 
0.1374 1 0.75102853985 1.0454104505549808 
0.0262 1 0.6818945295499999 0.9355238455610982 
0.1730 1 0.6264424551099999 1.5646932531591613 
0.5807 3 0.80678347577 1.3668522762245912 
0.2988 2 0.7228110476599998 0.8026591570638797 
0.5976 3 0.7956511907099999 1.6711381742432059 
0.1017 1 0.6450507415899999 1.2248209612669123 
0.3323 2 0.59705248846 1.2428705159788545 
0.2747 2 0.7670636961400001 1.141958928423654 
0.0833 1 0.7437115156900002 0.6962030055514996 
0.0430 1 0.6706102114999998 0.8729769607333879 
0.1507 1 0.7328924479000002 0.9757477393626506 
0.4231 3 0.6070876536399998 1.0176877684156589 
0.7780 3 0.5832653940000001 2.0142636746802927 
0.3726 2 0.76704998614 0.9272282096024668 
0.2059 2 0.6352951536000001 0.9126562997385942 
0.4141 3 0.6410224862599999 0.9767358279829251 
0.6750 3 0.6780926740600001 1.8422091672542904 
0.6539 3 0.7767010861199999 0.8131228423695971 
0.1012 1 0.5905720544899997 1.069129201459812 
0.3468 2 0.79302456112 1.5529994179690145 
0.1738 1 0.5952389386699999 0.8992440213015915 
0.0815 1 0.6595973076500001 0.7984778017388157 
0.1491 1 0.6727680584899999 1.424773154900362 
0.0667 1 0.72621209376 0.9292402767905633 
0.0233 1 0.7202913157699996 0.9638028592112219 
0.0273 1 0.5854918362199999 0.7019556116138563 
0.0136 1 0.7691494532500001 1.2538117338508175 
0.1867 1 0.7267087945899997 1.504851299760037 
0.1168 1 0.46446853864 1.4317205480805457 
0.4360 3 0.7255626660299999 1.356533437378238 
0.0145 1 0.5000907442699998 1.1484948118648735 
0.1048 1 0.7483448283800002 1.8403522220237503 
0.1163 1 0.6459457504099999 1.1832455144715754 
0.2078 2 0.7463407936700002 2.1393266932020985 
0.0296 1 0.7662674685299998 3.809309216220502 
0.2097 2 0.7289386743 1.534080944900331 
0.2431 2 0.6382744264900003 0.8972785551788278 
0.1081 1 0.609573193 0.84196727868126 
0.2570 2 0.6997503021399999 0.7643290058972735 
0.1946 1 0.76438090642 1.3101841887110575 
0.0783 1 0.63130446662 0.5234315101673697 
0.0409 1 0.61427945343 0.6019925192691912 
0.5366 3 0.7191666646299997 2.1769769355324624 
0.6623 3 0.7058851162500002 2.5660007520281916 
0.3347 2 0.7238701069400001 1.8406219819450258 
0.1353 1 0.7619289584100002 1.172795403386897 
0.5010 3 0.7417273443899999 2.206029391078012 
0.3787 2 0.67936854679 3.053262163035627 
0.3288 2 0.7125791903300003 0.9439009846825082 
0.0819 1 0.5962742501700002 0.6215029919207193 
0.0430 1 0.70199060549 0.7345532369850859 
0.1841 1 0.7544935490499999 1.7327195274954286 
0.2609 2 0.7591673477999998 0.7922266589421147 
0.3574 2 0.7070335644400002 0.7792492616134126 
0.0118 1 0.5132433441099999 0.8433883988290485 
0.3301 2 0.7696462813699997 0.9956108111047686 
0.0004 1 0.69417378122 0.5586158005248781 
0.0631 1 0.6861229972099998 1.2216707144942864 
0.1501 1 0.6244966745099998 1.0684001764875564 
0.0447 1 0.5139898134800001 0.8921751191013161 
0.4453 3 0.78339588846 1.3359624570248938 
0.0245 1 0.7376721937400001 1.1201823338016998 
0.2687 2 0.7896096009800002 1.2427709966870357 
0.2376 2 0.75913207106 0.7877788930215425 
0.0183 1 0.6850696911299996 0.9032093604379611 
0.2430 2 0.71347128163 0.5357405704984255 
0.1434 1 0.6960828777099998 0.7149613357099035 
0.0027 1 0.7306302618299998 0.6719411574206594 
0.1754 1 0.7595047174299999 1.831685260540932 
0.1244 1 0.6473031951999999 0.5813400091889699 
0.2959 2 0.7487514074200002 0.7892123760960515 
0.0195 1 0.6786090953700001 1.0462026674694807 
0.0791 1 0.5856457150499996 0.6587836239769559 
0.1365 1 0.69505353712 0.7508622789868911 
0.3831 2 0.7447794556899999 1.8938499506627051 
0.0176 1 0.71220719777 0.8866136783651685 
0.4474 3 0.72496874284 1.0060538971342248 
0.1241 1 0.61461999771 1.110602735192953 
0.3199 2 0.7097361442200001 1.033618269268039 
0.0596 1 0.7574628914900001 0.8151333641191535 
0.3346 2 0.6161424921999997 0.7941122501597228 
0.8679 3 0.75795874943 2.100708580998034 
0.2142 2 0.7004342602300001 0.48979377525628454 
0.0917 1 0.75517541901 2.037354307518781 
0.1529 1 0.7370341701900002 0.8474936965536986 
0.1318 1 0.5322846427500002 1.060789965074937 
0.2695 2 0.6860128640700003 0.9409754884870608 
0.2561 2 0.75188898949 1.5571187262528496 
0.6573 3 0.7489441208999998 2.116164285448668 
0.1530 1 0.64036784849 1.1221971826097434 
0.1416 1 0.7084981654899998 0.9584587748909116 
0.1664 1 0.6772118791099999 0.7445013499445657 
0.2542 2 0.7394382950299998 0.692157160650829 
0.2724 2 0.84511235 1.5126839381420483 
0.0745 1 0.6899575844899998 1.3246434926596509 
0.2782 2 0.6935941854499998 0.7385064378110153 
0.4671 3 0.8244481338499998 1.0778079855937848 
0.2218 2 0.6060999713300002 1.3864126471416176 
0.2433 2 0.60402708563 0.4760110759769576 
0.0113 1 0.7372742571299999 0.5318619628647313 
0.1620 1 0.6181592386900001 0.981461563503761 
0.7359 3 0.7406782712500001 2.8789477881469683 
0.2393 2 0.7430443518400001 0.7905728278148326 
0.3754 2 0.7348773373100002 0.7502877522424874 
0.0563 1 0.74341563069 1.0621986077250332 
0.1168 1 0.70977613711 1.335937286865766 
0.1539 1 0.6782302987300002 1.0686363012521334 
0.3306 2 0.8270988129599998 1.5134965577099917 
0.6085 3 0.6753387385199999 2.0439086104267847 
0.5058 3 0.7457363187300003 0.49830174119301224 
0.0028 1 0.6704449484399999 0.8267543361342274 
0.0354 1 0.7039723450299998 1.5510257722380092 
0.1304 1 0.75043735917 1.0081813171567107 
0.0291 1 0.6101631879600002 0.7987359289296755 
0.0519 1 0.7464079416599999 0.8719787020296871 
0.0163 1 0.6270460112699999 0.8305969191079758 
0.2069 2 0.5910333164500001 0.5058620014210238 
0.0123 1 0.7057962770899998 1.015061557035776 
0.0502 1 0.64099417087 0.9291531363028285 
0.5074 3 0.7255879760299999 1.4563153246852423 
0.0078 1 0.73029491836 0.9310978354932321 
0.1051 1 0.6801633559500002 0.9525912153263297 
0.6066 3 0.69300177662 1.5562561226263867 
0.0770 1 0.7385423425300001 0.9819151658866748 
0.1233 1 0.74740275683 0.8046488584136903 
0.6407 3 0.6055504125300002 1.4727957338750324 
0.0296 1 0.7092704372500002 0.6389535443342703 
0.1652 1 0.6957058909500001 0.7799380801192988 
0.5640 3 0.7007793421100001 0.5696883724746519 
0.0322 1 0.74801659928 1.1466769746690917 
0.2685 2 0.66245633496 0.7214624973697836 
0.2921 2 0.7799362599000003 1.5015796812659705 
0.7402 3 0.8086172595500003 2.1853718529129984 
0.0257 1 0.7018806866300001 0.9342085424745148 
0.5801 3 0.52097371266 1.6497864250190997 
0.4398 3 0.6748132673 0.9005637797931922 
0.0804 1 0.6468806980099997 0.5849008225509176 
0.2403 2 0.7057692687500001 1.24936842167383 
0.1834 1 0.7953851082900001 0.9507464731676641 
0.3487 2 0.7140217775100001 0.671549251889458 
0.5016 3 0.6506688475300001 2.2061627060527873 
0.4045 3 0.7388330795000002 1.410831484930118 
0.6969 3 0.6217201629500002 2.4863119104428724 
0.2465 2 0.7460859442000001 0.9219708398807696 
0.4308 3 0.7363131238699999 1.4210869513223878 
0.1470 1 0.7164212801699998 0.6850944453739605 
0.1450 1 0.77590728603 0.8004591113761771 
0.5711 3 0.7567900589100001 2.1084233331640787 
0.2590 2 0.6636749490000001 0.9144848141509062 
0.5662 3 0.7560552424 1.394347791363382 
0.0668 1 0.6690505827900002 1.030110038062129 
0.3036 2 0.6067803035800001 0.950812059189996 
0.2312 2 0.7927760475300001 2.3754094461692152 
0.0314 1 0.6384622859999998 1.1601785716257964 
0.5265 3 0.5665310087499998 1.634956635358112 
0.0507 1 0.6510962581799998 1.1142384533599057 
0.2189 2 0.74398691397 0.6120170003416298 
0.3792 2 0.6251243968899999 1.109422217620965 
0.8875 3 0.5798364797900001 2.081534621905864 
0.2318 2 0.6235603673999994 0.2381934406204353 
0.0455 1 0.7115679210400001 0.6682051103531507 
0.3944 2 0.7311752302100001 1.1819806864258742 
0.6433 3 0.8386182326399998 2.1792524966066242 
0.2629 2 0.70611646994 1.136968241065937 
0.2280 2 0.5862147776100002 1.2692224860465273 
0.3840 2 0.7704993819699996 1.4867814787818723 
0.0658 1 0.7311464899900002 0.6644426525192253 
0.2127 2 0.74918857329 1.473166950277905 
0.1660 1 0.8103356721600002 1.334113596035025 
0.4400 3 0.6814466099499995 0.9701645562135064 
0.1486 1 0.72632607386 0.7473322448386515 
0.2824 2 0.7716146340200003 1.026121662947516 
0.3334 2 0.7780034505000001 1.001391855174664 
0.3848 2 0.81178613703 1.637436152560482 
0.4821 3 0.6448379452899998 1.4012469183339646 
0.2875 2 0.7028385312700001 1.696172331040504 
0.0135 1 0.70398626713 0.8672249217866693 
0.6821 3 0.8288191191800001 2.646055380060042 
0.1754 1 0.71792807679 0.8320601333731047 
0.0503 1 0.6879715998600001 0.792923609150455 
0.2327 2 0.6639284571799999 1.044799537993685 
0.4882 3 0.8324731993400002 1.3170797712971025 
0.0279 1 0.5945141117299999 2.5690482806102515 
0.1860 1 0.5219415167400001 1.4654321451082342 
0.3086 2 0.71613346813 1.2054059887865038 
0.5185 3 0.7547878315899997 1.4458372645944242 
0.1070 1 0.6771669445899999 0.995691431243414 
0.3044 2 0.75467851996 0.8039428523137327 
0.5786 3 0.7121862447999998 1.101503839861473 
0.4247 3 0.7765916718399999 1.392683849104055 
0.5526 3 0.75506243015 2.38328427252888 
0.5795 3 0.81305985582 1.8908080544287014 
0.6580 3 0.8002087577100003 1.0250754970334688 
0.2180 2 0.7081179906000001 1.2819227480086934 
0.1088 1 0.7580425288199996 0.858813033273364 
0.0015 1 0.6837554119800002 0.6211095969662023 
0.4057 3 0.6207678679399998 1.1325291295176885 
0.1857 1 0.6888056152299997 0.5842738627660625 
0.1826 1 0.7296199996499999 1.4513034958701279 
0.4350 3 0.6498324464899999 1.1181047888247084 
0.1866 1 0.73739510726 1.0647648398132825 
0.1586 1 0.63296977344 0.9264607239762971 
0.2457 2 0.7238209066700001 1.0437295655262118 
0.2668 2 0.8298493672899998 1.45218459474564 
0.9255 3 0.7979149190500002 1.9313763616718136 
0.3299 2 0.7195373890600001 1.617926363812468 
0.7287 3 0.81215324065 1.98921008925019 
0.0577 1 0.7173064451599999 0.8553651073655048 
0.4762 3 0.7661174920499999 1.1263479248343748 
0.1235 1 0.7458279746899998 0.8061164996789644 
0.1734 1 0.6192779694399997 1.091633866988272 
0.1561 1 0.7421340601299999 1.0293996555675786 
0.1535 1 0.7538631514600003 0.8915026878464608 
0.4371 3 0.7997828063200003 1.2272973108251302 
0.1456 1 0.7111399861599998 0.5310559340930752 
0.1849 1 0.7574060492399999 1.0531149098010866 
0.0744 1 0.6655000286800002 0.7066374090452218 
0.0417 1 0.6167823722 0.7649573272796845 
0.2484 2 0.8203346354000001 3.763159128494775 
0.2590 2 0.71616601148 1.0925469460190533 
0.1537 1 0.7574465958900003 0.8173000636224946 
0.5340 3 0.7138077354500001 1.6106423318279541 
0.0839 1 0.7204667475900003 0.8158298497436564 
0.2691 2 0.7151561138100002 1.8076604986310514 
0.1622 1 0.7777922019099996 1.2054767531726427 
0.0665 1 0.7521433542000001 0.935109057588762 
0.3407 2 0.7873675053700001 1.1470467583785242 
0.1546 1 0.69808315877 0.615645607682966 
