0.4391 3 0.02062875049260976 0.18827644491395906 0.17290189980760703 0.3691722520431377 0.10445259770328441 0.06371536238220071 2.311858659984 
0.1482 1 0.07225776015914011 0.22691336928224487 0.3746335146063282 0.39566646168312686 0.14958556472069248 0.16855770060693584 9.135123736193727 
0.0363 1 0.04798439793175768 0.11917633649328666 0.07140306246178937 0.10772536888355908 0.08358036721252217 0.039050146757870385 1.1727525883250212 
0.0005 1 0.02868690697528527 0.10265992049150718 0.07957014353253565 0.10236607097269929 0.06567341373339623 0.032876377633608976 1.1319865206808553 
0.0922 1 0.05104947254287087 0.20540401990492332 0.19508702149057897 0.2196960459281376 0.1282267462238971 0.08807788311535925 1.5065670098073147 
0.4239 3 0.07269221623379792 0.23810602985738488 0.11015300962626079 0.17562811560868805 0.1553991230455914 0.09802275904452892 1.4499382603038609 
0.0024 1 0.03183690787173206 0.11080292457813186 0.08988741594607377 0.10754315887479372 0.07131991622493196 0.03838283017473982 1.166914375243322 
0.0506 1 0.03442248226933478 0.16048961663562333 0.12498638027425317 0.1702751826316439 0.09745604945247906 0.061307464133928714 1.2881988321812812 
0.1929 1 0.023387353871107068 0.20525078535486901 0.6062146991081054 0.6240019545130348 0.11431906961298804 0.15609212513492618 6.468629524340124 
0.4738 3 0.09095963220854038 0.5970582969614413 0.837858497179982 0.9157521439995268 0.34400896458499086 0.5381266974398853 370.3592466030003 
0.0068 1 0.039263737957065614 0.1703243168107649 0.09219768428663304 0.12742630339062094 0.10479402738391526 0.05736174246034864 1.2363303802529304 
0.0202 1 0.01836358345243586 0.0703259848211062 0.06760356587739196 0.09978367096683614 0.04434478413677103 0.024543704862996427 1.0965904731521317 
0.2491 2 0.11731368568050506 0.14830235467459824 0.0833817646789934 0.17392438099086094 0.13280802017755164 0.09910490310891323 1.3284691145439929 
0.0119 1 0.005108535131267156 0.025380556559451716 0.01624205425810689 0.0266344613685184 0.015244545845359437 0.008337790558126947 1.0100641476588157 
0.0352 1 0.025494063139662456 0.03915509716160198 0.04744425814016471 0.061074353047424625 0.03232458015063222 0.01977985880739585 1.0598396392084997 
0.0241 1 0.12688126460778956 0.2448590253259569 0.10420553583196475 0.11166741226623692 0.18587014496687324 0.08070458866340434 1.3463477561570278 
0.0052 1 0.025568459964708294 0.10516026799366156 0.10165689215647994 0.13209742788254344 0.06536436397918492 0.03694159183694217 1.1649596107116331 
0.0892 1 0.0392268631666043 0.14151088376747936 0.1436616705920236 0.18012710285203307 0.09036887346704184 0.05058914770496706 1.2849999226197473 
0.5199 3 0.05621626860200696 0.1855006533040504 0.15912316524667602 0.19374821770633477 0.12085846095302868 0.07214781457446268 1.4667438302379192 
0.0002 1 0.04321061824515883 0.05591337466292283 0.025710307582148588 0.03625290214251377 0.04956199645404083 0.011152133343273665 1.014951210908337 
0.0024 1 0.02661526900604554 0.10781451725000782 0.11522398095285821 0.14278669001651273 0.06721489312802668 0.04157932625513497 1.1786974425805148 
0.3558 2 0.030007695370514766 0.06899113174501693 0.016180518326052825 0.026847929103130438 0.04949941355776585 0.014095195148193438 1.0148537181895922 
0.2078 2 0.066106021820931 0.3066862750549055 0.14676630820600534 0.19377928500517874 0.18639614843791824 0.1362281010395618 2.0816365996345962 
0.0115 1 0.029915499149608397 0.09769569931333552 0.08438534179122005 0.10463735296304365 0.06380559923147196 0.034205446784167315 1.1467120864116742 
0.0505 1 0.15566206521308412 0.25215156653971355 0.04656028199742697 0.05542072353299466 0.20390681587639883 0.048866002350290455 1.087208151760026 
0.2720 2 0.07044825432758899 0.19981574045759015 0.13900724913833246 0.16722881346630863 0.13513199739258958 0.08797368596741158 1.5853891077431086 
0.2461 2 0.07476143980015652 0.19625976481054203 0.12799970077306688 0.20089961728388073 0.13551060230534928 0.09353996679243574 1.4769334300948822 
0.1184 1 0.02796788709564414 0.0930566289510995 0.12298335138366773 0.15361143808392075 0.06051225802337182 0.041423322014898845 1.2189915835410925 
0.2643 2 0.17711606996113366 0.5091477023157541 0.3893225872639997 0.48557986313384005 0.3431318861384439 0.35598835975532495 13.633431402097028 
0.7500 3 0.06503007406007011 0.20927569430930407 0.14111493040406706 0.19064665560303437 0.13715288418468707 0.09270557319130365 1.5492229233035193 
0.2199 2 0.056971447855297626 0.14508987795724304 0.2700272091760936 0.31227799492357344 0.10103066290627033 0.08632120119773654 2.151666039391201 
0.0664 1 0.041510289171832485 0.19544633176725745 0.06687380694355557 0.10194139209065906 0.11847831046954496 0.04749914984226125 1.1233225978347428 
0.1066 1 0.08533472900328196 0.23698379249951404 0.12686923408945805 0.22065777168476303 0.161159260751398 0.10104822784880454 1.5714905451193166 
0.0022 1 0.01310706424412657 0.0517410135942842 0.034056938400074385 0.042374885651965406 0.03242403891920539 0.01630464872650567 1.031567340587105 
0.0000 1 0.0316434795145194 0.09391265185844153 0.06812045181154684 0.08291962403826336 0.06277806568648046 0.029820875683403456 1.0917788272153375 
0.0192 1 0.027651545301494884 0.09736287564982916 0.08228023782058266 0.11677735578395886 0.06250721047566202 0.035161283141921705 1.1524915431721905 
0.0058 1 0.032936890801397604 0.13584843346028727 0.07057768542065117 0.10348755599964914 0.08439266213084244 0.05813012302225628 1.170336231006686 
0.4000 2 0.0778051385820899 0.1246967835200578 0.23630421028991608 0.40034585502689424 0.10125096105107384 0.12650069878647388 1.546226252172134 
0.1974 1 0.030662456316241905 0.14464407439326127 0.18529737660567838 0.22843190931095228 0.08765326535475158 0.057013055767364866 1.3115793955747272 
0.0601 1 0.04094694280039463 0.13414283728559115 0.17617637185559404 0.21242173141008672 0.08754489004299289 0.059034218597055564 1.4254886360908565 
0.1408 1 0.005174245845558337 0.032305134691835546 0.011576669609959938 0.028598326642709223 0.018739690268696943 0.009382587456364755 1.0108473579079245 
0.1705 1 0.040137327754399044 0.24637249618417534 0.1366390694949858 0.20644371988442925 0.1432549119692872 0.08680904542407836 1.3065883556956641 
0.0081 1 0.027040066824631386 0.05204603708543002 0.013306111410624445 0.03734579953273317 0.0395430519550307 0.01215951121460822 1.0155355698216852 
0.0133 1 0.02540255021449758 0.11239367846682206 0.10460567021698174 0.12880458211910906 0.06889811434065982 0.047451225474525814 1.2383641166441564 
0.0811 1 0.03851251831469019 0.07591426426844042 0.05583800144951467 0.07176502594046345 0.0572133912915653 0.029245752995285267 1.098475421476783 
0.0867 1 0.03630462986197655 0.1327692863695757 0.0830908115497095 0.12319412201099815 0.08453695811577612 0.04521399478849536 1.17606599668239 
0.0145 1 0.003862461346070529 0.021110005282032985 0.007306846158023771 0.013364518665622311 0.012486233314051756 0.00598570707488745 1.003771178500033 
0.0551 1 0.017520247633022026 0.0721693586500235 0.06308315040946816 0.08291206059068011 0.04484480314152276 0.022937458716197005 1.0722456927772652 
0.1088 1 0.03919395802509587 0.13909004475827785 0.04631373898601159 0.07304296391081459 0.08914200139168686 0.03775051434548646 1.1087265517798621 
0.0181 1 0.033009938447348994 0.13207850768674773 0.09751944901561162 0.13946113535633783 0.08254422306704837 0.046901944257143474 1.1845629124150494 
0.3064 2 0.0014575489610247731 0.006479108170469883 0.0050802987146767765 0.006763390200516747 0.003968328565747328 0.0019181207222281325 1.0006340797442794 
0.5904 3 0.020369579716951247 0.1633557032053599 0.4887793477147201 0.6673344593160566 0.09186264146115557 0.09363182157791447 4.230739783008708 
0.0575 1 0.003377599510931865 0.028316808977870284 0.015061269168245241 0.030825128480939858 0.015847204244401076 0.005673654488199286 1.006901604088393 
0.3988 2 0.0984656220898488 0.42126179422312404 0.34458359125273896 0.3995439284867403 0.2598637081564864 0.26384825454142236 8.385421629491455 
0.2926 2 0.05572523746415575 0.5872519529621083 0.9108412352356574 1.2260445198332028 0.321488595213132 0.8783584295081484 45.19766545529882 
0.0673 1 0.034054812264073885 0.13322987962525343 0.11270910628301767 0.14629189330949852 0.08364234594466366 0.048853701987467545 1.2316583450873475 
0.1054 1 0.031165215889627923 0.11144822217897751 0.04005115056114759 0.0607195753632844 0.07130671903430272 0.034064997676285215 1.0838508276488517 
0.0963 1 0.011887667024741342 0.0684597036501623 0.03707418340822377 0.06436225148609191 0.04017368533745182 0.022050842339365714 1.0554103521302163 
0.2273 2 0.0784245799653242 0.24163876456034114 0.10943459754108878 0.11405160620846398 0.16003167226283266 0.06922043740189521 1.2100327126394563 
0.1706 1 0.05608734806594988 0.25415495816074024 0.1374241882272287 0.1963666156432258 0.15512115311334507 0.10795359351411135 1.6948520007069015 
0.1348 1 0.08539876455634234 0.2884827221928769 0.19080374530240432 0.22079452029213928 0.1869407433746096 0.13265407141546662 1.9631581490272956 
0.0000 1 0.015422511644744499 0.08805571154541196 0.060587257331478794 0.12293739438359723 0.05173911159507823 0.03375401502969473 1.1100964246508653 
0.0280 1 0.011348736880362127 0.03735553640432597 0.06915677288156664 0.08594357012311415 0.02435213664234405 0.012859569143106594 1.0481923055243327 
0.1958 1 0.051063230738552734 0.14297428484056568 0.13765734758127948 0.1812626709503025 0.0970187577895592 0.06797620813603475 1.5546338321701478 
0.3928 2 0.054248190349005986 0.1742666036529427 0.11601791074198485 0.1400172075287983 0.11425739700097434 0.06758954340056086 1.3500412080714606 
0.0268 1 0.034741796963685186 0.059261627422089715 0.05092157265830998 0.06096352082223694 0.04700171219288745 0.03117663284829731 1.0955949949640207 
0.2210 2 0.051895427835027375 0.15473242334102486 0.09280182852622108 0.10791133794760421 0.10331392558802611 0.06457649857730192 1.2773015463617357 
0.1813 1 0.05049126710592895 0.24495009869061196 0.11980275116102043 0.17519358634744334 0.14772068289827045 0.0916417603255453 1.4743880472477784 
0.1533 1 0.13059976787837368 0.25870540157349026 0.11508084972767754 0.16533424755026788 0.19465258472593197 0.09497114760278061 1.871147878148115 
0.0456 1 0.017192017365006185 0.06376403213699945 0.10313161128987479 0.1469037898691708 0.04047802475100282 0.02393845051889142 1.126287731361048 
0.0090 1 0.031257436779215095 0.08394651246837789 0.16524893748463967 0.17741147144956812 0.057601974623796494 0.03963657520960588 1.3091050754487725 
0.0865 1 0.0017943749691282146 0.28861471741124767 0.4833882575531978 0.5773169825560991 0.14520454619018794 0.25212893350217974 8.738800287998597 
0.3638 2 0.0015418625889915786 0.005607183564538288 0.004881343465119082 0.00594929188016138 0.003574523076764933 0.0016817673941086776 1.0004911119224011 
0.0716 1 0.028016690082821656 0.16664146117705872 0.05536851929035567 0.14322653919007486 0.09732907562994018 0.06838716048361351 1.1803786711103372 
0.0000 1 0.001770663241932652 0.006790581301604259 0.0029045344698416615 0.010382981433209476 0.004280622271768455 0.002860421575491228 1.0013050647311847 
0.0460 1 0.013088089232701059 0.054016735703761254 0.05285054573102707 0.06313411339482838 0.03355241246823116 0.020234440285483057 1.0551163011269105 
0.1332 1 0.03626887035758385 0.09810024742153259 0.09605201660525477 0.10319512135061969 0.06718455888955822 0.05694247422374343 1.2727408461158785 
0.0287 1 0.05810933805783276 0.2213470851519274 0.10701748228544244 0.13490066745964613 0.13972821160488008 0.0773981820715034 1.3901166611517577 
0.1160 1 0.09402650286896905 0.20125234216452167 0.10658187268149244 0.1826242085054009 0.14763942251674536 0.09815485575603093 1.4438418864592828 
0.1927 1 0.07656286327407227 0.26363348252759133 0.1662021439324351 0.17855107184923572 0.1700981729008318 0.11507770284117955 1.8356540133512225 
0.0495 1 0.04774699579469036 0.1869668343943729 0.10749187692681242 0.1309396164237499 0.11735691509453162 0.07026760517564636 1.3653969554111371 
0.5553 3 0.055625720201686886 0.23924205610074778 0.3403062726059966 0.41805276390844903 0.14743388815121733 0.13836805437121946 2.6124779076115825 
0.0631 1 0.0025679891365590415 0.014276722915682499 0.006238735368667253 0.01772477122303774 0.008422356026120771 0.004345549980246751 1.0033872464458227 
0.0592 1 0.08475037218054089 0.14206610880987455 0.13280959257210015 0.20180546717312725 0.11340824049520773 0.08253600901913298 1.3351230684564979 
0.1846 1 0.03053636884918383 0.1538010063662398 0.15418536286854798 0.18378130927386696 0.09216868760771182 0.058491484080916534 1.3684082714824704 
0.0553 1 0.08911544636346402 0.22496477718162025 0.3165575477029283 0.34390096921239516 0.15704011177254212 0.14812854084236074 4.824680890419392 
0.0509 1 0.030748067905943928 0.09387595563092496 0.14647031251218356 0.1719068922968868 0.06231201176843444 0.04162243672951925 1.2958155276271488 
0.3624 2 0.08152199618551018 0.3209296377637539 0.24548737888235012 0.3611558588113724 0.20122581697463204 0.18573807499821443 2.821386857144805 
0.0659 1 0.008048032098025874 0.041893970142614666 0.02809008735920495 0.04156840429418494 0.02497100112032027 0.013049152749184535 1.0231462654935168 
0.0616 1 0.03522537820176263 0.06652425565038503 0.07558672474890124 0.07917467477535738 0.05087481692607383 0.028748668664685617 1.1000030356969495 
0.1282 1 0.029838377254933428 0.06871446442967946 0.14559507536224492 0.14926405875238127 0.04927642084230645 0.04029065804440958 1.2535608002047103 
0.2333 2 0.0791114136663466 0.26411008868254987 0.263889073596408 0.30617419458732553 0.17161075117444824 0.12980628777200037 2.4143987899531427 
0.0015 1 0.00833075004237867 0.0175501376108537 0.03376452595156955 0.03377932087903838 0.012940443826616185 0.010506596906391281 1.0171350655498128 
0.1907 1 0.024394820195240557 0.05905846376247535 0.08820407277616997 0.10519313669308662 0.041726641978857955 0.022560320942572525 1.0903419053105112 
0.2052 2 0.0597332713177839 0.2664707681187626 0.11957571478835292 0.15654750562741035 0.16310201971827323 0.1033359112015343 1.6166004342810811 
0.3876 2 0.10915383959407783 0.38873392455033234 0.20506284739201244 0.2626844193848892 0.24894388207220508 0.19960981998878985 3.481200284879566 
0.1339 1 0.032338317298156276 0.10282527591671065 0.10511621682762194 0.14920589461639486 0.06758179660743346 0.040600107827326905 1.2269990761966634 
0.4757 3 0.06131819849366354 0.27004253426371244 0.34814768923226175 0.40543806893810547 0.165680366378688 0.1738754202354188 3.9921518039939756 
0.0299 1 0.012214490039684531 0.0284413555364044 0.035775419052310284 0.048103514795348065 0.020327922788044468 0.009813384335728889 1.0198638795014197 
0.3191 2 0.09095420077911102 0.2565545578382585 0.363602934636833 0.4137663729985229 0.17375437930868476 0.16793595392586613 4.191000782385417 
0.1756 1 0.01866245530479135 0.12038940459612654 0.058471714485368205 0.09333198087759337 0.06952592995045895 0.033789115686523236 1.0918191561160298 
0.2433 2 0.038461477271114736 0.09951438658919665 0.08570905296448077 0.10226490751587317 0.06898793193015569 0.03469416205649826 1.126078546487651 
0.4435 3 0.09870673260129129 0.4597655889466516 0.8352348293617583 0.9295882453837231 0.27923616077397145 0.4441373208593916 47.269714170900045 
0.4210 3 0.07001886094588056 0.394149175724889 0.6217004195823671 0.7234085392238707 0.23208401833538478 0.3579716419912978 21.721789456549715 
0.0006 1 0.02016743461662494 0.05237519112618526 0.0759903582139254 0.09347510623365698 0.0362713128714051 0.02254046948158226 1.0888411607375827 
0.1196 1 0.03300199647036618 0.1335942842845624 0.1584776136282016 0.19644055747834593 0.0832981403774643 0.05205234677164031 1.2921026355033114 
0.1029 1 0.055817306427728544 0.14027032887603963 0.09861021650860755 0.1111689748968818 0.09804381765188408 0.05248675022330713 1.229939411519971 
0.1244 1 0.03197364125306473 0.10874081899307723 0.08797125859173338 0.10462780983206116 0.07035723012307099 0.053507853848987055 1.2452521689290488 
0.0287 1 0.03423722564344692 0.07792588474048544 0.18430415609203804 0.18616375973370716 0.05608155519196618 0.044724363945851976 1.379622072023742 
0.0248 1 0.020178576227391182 0.025518556615050036 0.0015144705280530524 0.0036889545116561466 0.022848566421220608 0.001815696724162326 1.000300202230361 
0.0142 1 0.03982954346503099 0.11114227328810278 0.24040360046297854 0.2993357418607093 0.07548590837656688 0.06393945333129417 1.5964259576272304 
0.1578 1 0.02764889076795203 0.09030819271079472 0.10526478539426988 0.12649557027189703 0.05897854173937338 0.04429708204685522 1.223991542371865 
0.0145 1 0.029309564009066504 0.11237296711239675 0.10593503042357022 0.11562581570431836 0.07084126556073163 0.03868270394887459 1.1740130069005301 
0.0477 1 0.01652539983808817 0.040983236496066354 0.01231133018169084 0.01901798302466573 0.028754318167077263 0.009571995573516482 1.0081522067221278 
0.7263 3 0.1653388767763375 0.45222384698785173 0.48917140938388043 0.7272626883434907 0.3087813618820946 0.4614234108735949 8.76978304059861 
0.0321 1 0.042558793656170636 0.1601835923382716 0.07072594744116165 0.08857018194133472 0.10137119299722111 0.053171770173111386 1.1910498685055455 
0.3949 2 0.17115951026636095 0.1253429707264187 0.14652181853040602 0.2316657850990259 0.14825124049638982 0.09748080273528949 1.4169774967750033 
0.0001 1 0.011186881152644865 0.052464040477051596 0.040055005601107474 0.054173084822996924 0.03182546081484823 0.01859374453369015 1.0429414333689695 
0.0003 1 0.05437406853618416 0.19849467626699252 0.07192304783760624 0.09683873434581601 0.12643437240158834 0.06294101650564803 1.1687889850523048 
0.3769 2 0.025567616328845386 0.05137738733980144 0.017244988264936253 0.02348033375063751 0.038472501834323415 0.012494025423398286 1.0133949734419618 
0.2595 2 0.018737362586091287 0.0961574601762534 0.0401717619699003 0.0932562588682964 0.05744741138117235 0.03137009785992291 1.0936143721559821 
0.1526 1 0.05568182138190835 0.15046098245809178 0.047748147207402655 0.0601814023665684 0.10307140192000007 0.04484977175520693 1.1153757156090438 
0.7786 3 0.10260912544283016 0.4209929109560475 0.2546440279824145 0.37235373403053607 0.26180101819943885 0.247774901967975 4.568028508923928 
0.0077 1 0.06382899200813492 0.3375792721914876 0.1228701103054117 0.18939873416053832 0.20070413209981125 0.1525803883775556 2.1018178290997667 
0.0036 1 0.07797372807061403 0.2238397514245493 0.3227872921345637 0.4282699960858273 0.15090673974758168 0.15673589655736778 2.6875574845664847 
0.0645 1 0.02677778684229413 0.033694031302992956 0.0012115732160776747 0.005470335212771818 0.030235909072643542 0.002917744095807545 1.0007582331752678 
0.2027 2 0.037462675247860094 0.14901781991048357 0.13131938824559697 0.1670288338303969 0.09324024757917183 0.05811541137379007 1.345918731345539 
0.0081 1 0.030596234993533613 0.1253882294070218 0.06822907533717455 0.07836098598036183 0.0779922322002777 0.047446896414779206 1.1635050568720926 
0.1591 1 0.047914862927577906 0.203187011759473 0.1764386355978535 0.21471759842710667 0.12555093734352546 0.09065450925755668 1.8303557011351463 
0.1381 1 0.014942066597912576 0.08325851380278557 0.07600571536021664 0.10481154136480188 0.04910029020034907 0.02831197825846436 1.1014456486015516 
0.3310 2 0.14865997926473956 0.2819952739706986 0.16253647794742393 0.3436953156923121 0.2153276266177191 0.23559237303946112 2.2267655917677334 
0.2498 2 0.03738893093366358 0.13472274888104313 0.12569590453749682 0.15256845578107894 0.08605583990735335 0.05342554202551501 1.2964484913458754 
0.1965 1 0.015924405692553184 0.062047093491979635 0.09396483271323573 0.1097449327224397 0.03898574959226641 0.02651224436081691 1.1168117081355435 
0.1246 1 0.08295437373601579 0.1754699063134189 0.04563995406688915 0.07203852268065561 0.12921214002471734 0.03659174448455342 1.0740705748615578 
0.4872 3 0.0362187447869765 0.18321970476216926 0.17234521066483408 0.1914123522982856 0.10971922477457288 0.08731668667681301 1.8063243535839952 
0.0174 1 0.025051292386901958 0.013337410691946255 0.0025159456063378236 0.0032209482810449655 0.019194351539424108 7.149250134455428E-4 1.0001029422758354 
0.1493 1 0.0033671314599285963 0.021286035973422313 0.007472171440566545 0.01849093113945071 0.012326583716675455 0.005618033449380673 1.0046304920384088 
0.4277 3 0.03193632888579153 0.12755486364015495 0.06767442963568059 0.11732519486272076 0.07974559626297324 0.038680108179088735 1.1396114747636328 
0.2520 2 0.03930530453621849 0.1711318562175081 0.37831324140934874 0.4044100505601106 0.1052185803768633 0.1175538597065046 3.1681620467873617 
0.0333 1 0.09038464686397306 0.2085665675127184 0.1590969947808324 0.25685723993915777 0.14947560718834574 0.09964707417438849 1.5945465505458656 
0.0048 1 0.021090873728550192 0.07957525802523421 0.2592221973403183 0.2996695115784293 0.0503330658768922 0.04522294980981389 1.3737350297434576 
0.2190 2 0.04684355571735305 0.06302287954185266 0.020246340062386355 0.022067851797027742 0.054933217629602855 0.013323620009693182 1.0124405156997596 
0.1824 1 0.024349526990499696 0.08422406938923024 0.08165408805145205 0.10708964666250397 0.05428679818986497 0.03083111737087916 1.1361744790781365 
0.7007 3 0.03635166288245993 0.14134764115537515 0.14738640201721456 0.20441532187174957 0.08884965201891754 0.06187784236170024 1.368637794539765 
0.0011 1 0.0809232162657986 0.3313256790192104 0.10676956030164977 0.14152303602440852 0.20612444764250448 0.11673124493608293 1.655419474513424 
0.2418 2 0.1303881629086015 0.19969364210058133 0.17094663613153752 0.32279145705345363 0.1650409025045914 0.16205212306167074 1.7687096547351702 
0.8263 3 0.028250901368740228 0.14876817436268103 0.1452771854489819 0.20312466727531925 0.08850953786571063 0.06275236676925192 1.385511686606912 
0.4360 3 0.030892104078040685 0.11861121458953088 0.13664166389908738 0.16367876232940198 0.07475165933378577 0.051007446688322466 1.311547398682454 
0.3030 2 0.06033445156539354 0.3555924494731871 0.2928205132131243 0.33913860273946583 0.2079634505192903 0.19381891242003058 6.446555649584637 
0.0091 1 0.09446047152411133 0.22418868335693354 0.31822364439703055 0.42338188397352633 0.15932457744052242 0.14010068589265054 2.1422439083396596 
0.1150 1 0.026616522251403506 0.017675460787856857 0.0011097350075841821 0.0015318346161870956 0.022145991519630183 3.386648732550356E-4 1.0000220708656706 
0.2210 2 0.014830905637450324 0.07078296785038449 0.051734487610895476 0.07921017767372163 0.042806936743917404 0.02721430349634631 1.0847260440106776 
0.0928 1 0.05354586547471154 0.10651446998971355 0.16320020277526934 0.16992695930950732 0.08003016773221254 0.053350549627274806 1.3127934522113316 
0.3159 2 0.05423931599062675 0.2024073837257792 0.1813722735043648 0.21782302314904312 0.12832334985820298 0.08607472357448316 1.6102088843413827 
0.2673 2 0.02171441083004568 0.08964051377948397 0.1369276597973067 0.19018010513169104 0.05567746230476482 0.04007576467046545 1.2555918158054071 
0.5751 3 0.11130623562767293 0.2680011120068976 0.2583688759726651 0.27622432301567307 0.18965367381728526 0.1717246211963565 3.9268120989615247 
0.0807 1 0.019524908411378262 0.07785527230268799 0.12392773827283395 0.15888778104654463 0.048690090357033124 0.03909300172084275 1.2245453191438416 
0.1693 1 2.6065435280328634E-4 0.0013719941063640606 0.0010754036494280523 0.0016984023576460787 8.163242295836735E-4 3.2932399689430936E-4 1.0000277305374516 
0.5259 3 0.0701013697948285 0.16139934947596699 0.21719089989735513 0.2369873122397837 0.11575035963539775 0.08846192838966631 1.9457072592316498 
0.0954 1 0.04163919320694707 0.11429495982875038 0.04662256376468812 0.056920721839000175 0.07796707651784872 0.03662791961203629 1.0875654343348375 
0.0019 1 0.018522210837300986 0.12334769675571929 0.05773133390490382 0.10041275101752849 0.07093495379651013 0.039381720079016885 1.1339537641409352 
0.2600 2 0.05610624845402395 0.1441313280142337 0.2768256683206823 0.30747983252657246 0.10011878823412883 0.08252058996261989 2.003998024645317 
0.2214 2 0.020802531714183392 0.0687234716855254 0.06256892293055474 0.08139293411218662 0.04476300169985439 0.02841994884436991 1.0937325331005834 
0.0956 1 0.03190858670290091 0.11906418590879704 0.10167166254006359 0.11551132526338218 0.07548638630584897 0.043746338780480815 1.1897913514843905 
0.2027 2 0.0315768451835616 0.11536215284534787 0.10145286791750467 0.1378140184886728 0.07346949901445474 0.04114742864819898 1.2099389514619652 
0.0999 1 0.05592430909545612 0.22958460982458112 0.10027912184508982 0.14031300090746546 0.14275445946001863 0.09642297243279879 1.5137493203416983 
0.1697 1 0.03630245402340969 0.0985418253593178 0.0440010696462299 0.06633725204868587 0.06742213969136374 0.02780882408028858 1.0654249726882992 
0.3998 2 0.03617533682112552 0.15027016207500474 0.15972439497772678 0.1880894660743378 0.09322274944806513 0.05869502595325995 1.3525937289175332 
0.6073 3 0.031902845766684236 0.11104400767284786 0.13941166938295305 0.19070133250953594 0.07147342671976605 0.04549158961165787 1.2913793021582318 
0.4995 3 0.07140550811223859 0.3769914653470853 0.5779448971446493 0.6131913947902132 0.22419848672966192 0.28547260129188373 26.68242427856848 
0.6630 3 0.1175674950687879 0.11472519529621081 0.03807010329327439 0.0474770991851605 0.11614634518249936 0.02708739858808599 1.049739497197307 
0.0089 1 0.009983961647303571 0.03376838928369226 0.04212565196204029 0.04962428248474199 0.021876175465497916 0.015223955275960065 1.0340512250024274 
0.1905 1 0.03530726561965924 0.15236173584276252 0.12889434687291954 0.1763719233318611 0.09383450073121088 0.06236376216038137 1.2951950487400758 
0.1216 1 0.056429452547594024 0.11817130466208856 0.06131019055490755 0.07798239524423181 0.08730037860484129 0.04635459443971699 1.1570788445967315 
0.1406 1 0.02615732036250128 0.03332918184092666 0.003502535282891426 0.0074858814004757045 0.02974325110171397 0.0035835740331065465 1.0011554457812852 
0.0029 1 0.054098143075920535 0.12744232854243814 0.08736614711803496 0.10073886276444691 0.09077023580917934 0.049956356500348235 1.2211537681002969 
0.1150 1 0.036731270104953945 0.06954001834811459 0.10809962925936069 0.11030068614879278 0.053135644226534266 0.04419171516989446 1.2408691648119023 
0.0000 1 0.005446804624643685 0.033968585805230836 0.015730142731272375 0.03852712531266661 0.01970769521493726 0.010059830062635422 1.015471446007266 
0.0963 1 0.05363456252980533 0.21587986038284562 0.30137514892902506 0.35053302095268546 0.13475721145632547 0.1386661450089926 6.1712457807816525 
0.2845 2 0.14034702503804547 0.39544355175002127 0.40805284199961694 0.43648277510240346 0.26789528839403337 0.2570412180362173 13.695224684827869 
0.1437 1 0.022686516388654078 0.10363737455172288 0.0749173928571502 0.12096752474236817 0.06316194547018848 0.03240682234843937 1.1016008575809189 
0.4685 3 0.01857841981821126 0.08018424927085976 0.2903553972089558 0.3242520324154235 0.04938133454453551 0.044256312582019515 1.4141074795260484 
0.0420 1 0.034419493203166646 0.09314392149231296 0.05959738871245058 0.0902731402293704 0.0637817073477398 0.030676611735273137 1.0967746348929264 
0.5010 3 0.051293200197256715 0.2023024102749437 0.16026823159439393 0.213820897622021 0.1267978052361002 0.07299084506875772 1.4190691387226142 
0.0614 1 0.04211530878561974 0.10007850768674782 0.09404928358752404 0.09810931177187134 0.07109690823618378 0.03515842318841343 1.1268234621824096 
0.0000 1 9.5948021543039E-5 4.035473019934177E-4 4.219176541180462E-4 5.806306709529793E-4 2.4974766176822836E-4 1.0318224496375438E-4 1.0000029879683963 
0.1339 1 0.02813092374041945 0.10478630007506058 0.04738811371406069 0.09435146686591933 0.06645861190774002 0.028776446456398923 1.0765327260388118 
0.0956 1 0.01477081880415951 0.08720878342538105 0.07246778028989141 0.15023550742836497 0.05098980111477028 0.04106724964839087 1.1473489490818296 
0.0409 1 0.027918024106176727 0.08570181535125529 0.05324892672888822 0.06533885502543502 0.056809919728716005 0.03506342984829703 1.0981699459168586 
0.1509 1 0.023743080202430763 0.06117227766812091 0.0505345911630907 0.05473567762932262 0.042457678935275835 0.027379066270579067 1.0674177222974912 
0.0029 1 0.02604870236518105 0.07415395735453577 0.12294812227350391 0.1286807394685924 0.05010132985985841 0.03653169660522763 1.2038340845020115 
0.1073 1 0.029031541368700918 0.032330822051096685 0.0029581547293636087 0.0040064794411103525 0.0306811817098988 9.258676248955389E-4 1.000139323276101 
0.2626 2 0.03618052390742726 0.07265274804703784 0.01893766377332172 0.03756406424255436 0.05441663597723255 0.010536159962437841 1.011974082115017 
0.0599 1 0.11996684140730852 0.3514195324011024 0.2914262496086404 0.38446299747760365 0.23569318690420546 0.2179186968565081 4.520915549356882 
0.1934 1 0.04808962494320542 0.13367779600233543 0.1210627041920414 0.16238927155886562 0.09088371047277043 0.057704229075710364 1.3247416186680676 
0.1319 1 0.06161364912105601 0.18559506268938863 0.10392066342080807 0.12158911774590131 0.12360435590522233 0.06604675684353033 1.3369719820077552 
0.3746 2 0.030627827812932856 0.146544160573796 0.1472704605494979 0.20311244425564026 0.08858599419336442 0.06285676946608836 1.4050533414327198 
0.1576 1 0.006416004294551782 0.028035917822690347 0.028044558600111676 0.039929032252456795 0.017225961058621064 0.010314276241071842 1.0182633527386442 
0.2693 2 0.05996008413534837 0.1379042006060433 0.12097996526416348 0.16265377098800515 0.09893214237069584 0.056714994313087866 1.4482841443908172 
