0.2459 2 0.1759013948289584 0.22202468477196707 
0.5099 3 0.2250261313588397 0.6217183262020844 
0.2006 2 0.0921921310949664 0.4079394265271068 
0.0745 1 0.07917166759359476 0.15064340141483398 
0.0028 1 0.5092516975257604 0.5949153480499616 
0.0370 1 0.07264295468906362 0.24703412502018918 
0.0322 1 0.022423448021495082 0.10762340266862012 
0.5857 3 0.033379716690531844 0.35611198790142307 
0.0393 1 0.022573309776625514 0.14938598203157422 
0.2466 2 0.055041155628731464 0.17107305332370915 
0.1712 1 0.02330736395515776 0.1373966952027027 
0.1154 1 0.05845403844060668 0.2314977699759185 
0.8142 3 0.11669272395886239 1.0199864410499715 
0.0862 1 0.06616348339159853 0.23686683296752378 
0.0583 1 0.07735759911832862 0.22243403071853635 
0.4816 3 0.02425187354541562 0.25815024443014173 
0.6624 3 0.062447670779615605 0.37826613777056706 
0.0140 1 0.06367960844706977 0.20094966391726687 
0.2888 2 0.059966721394230885 0.14157672009366348 
0.0188 1 0.2333822751737217 0.23307381740803304 
0.1591 1 0.02843383433562268 0.1260304853338697 
0.0097 1 0.030962907188610583 0.08635119869920195 
0.3904 2 0.07846300773387672 0.4508506829212808 
0.6948 3 0.11117032794101238 0.22752747194425874 
0.2097 2 0.07233028609838177 0.45970146552437885 
0.6983 3 0.11932443627521414 0.6291567075033091 
0.1352 1 0.1148073065987725 0.40145765468262834 
0.4430 3 0.07205486984041404 0.2657210638406414 
0.1897 1 0.06634013773962219 0.16941981739424922 
0.1893 1 0.06615239453106363 0.13480971780393142 
0.0120 1 0.039934648286898536 0.15282063316398534 
0.0634 1 0.046902510088742654 0.16575382170820263 
0.4720 3 0.18789553595364566 0.4180211733333156 
0.5286 3 0.3236347357823459 0.7330892771319503 
0.5184 3 0.07807340700369196 0.26333712984182156 
0.1344 1 0.04910341910230149 0.2179455293953069 
0.4194 3 0.16623709011275326 0.3057702300202411 
0.5532 3 0.18437804437093094 0.46317012834536564 
0.3405 2 0.09000019836108585 0.34684026382307154 
0.0051 1 0.04191103260255612 0.12805647282118418 
0.3684 2 0.044647924464665235 0.26354652618581864 
0.3487 2 0.12319082509243515 0.3882263670594374 
0.2405 2 0.05513414361424589 0.16539234506182765 
0.0615 1 0.05196345597088655 0.24782873474897857 
0.0848 1 0.055436406534064085 0.14399547304958518 
0.0162 1 0.0415777595427158 0.18327818111393657 
0.0193 1 0.08727424449486398 0.20349282183754694 
0.0011 1 0.13002744877635544 0.3273875543419725 
0.2713 2 0.0892236558659932 0.5953294189735651 
0.0569 1 0.043298288074278435 0.19472868174739358 
0.6352 3 0.09400457726791152 0.3480443828893984 
0.0013 1 0.06251527050446427 0.10024808665294009 
0.4788 3 0.18384618062949276 0.45017019880581766 
0.3182 2 0.039260640129933334 0.16419140928091794 
0.3873 2 0.11231252786114373 0.5225799840412985 
0.0680 1 0.150408583967115 1.0570750872357624 
0.2055 2 0.0987967974182556 0.2611459409756974 
0.2472 2 0.12317772030805249 0.25564081927992066 
0.0863 1 0.041473003915186914 0.1890901931353937 
0.2085 2 0.047672534624869076 0.17284669584617854 
0.6302 3 0.3017731343854614 1.040355560945839 
0.3753 2 0.05368757129377322 0.19333441508213522 
0.2275 2 0.037349598685211545 0.1418447760814761 
0.4300 3 0.30242480742379846 0.9771874945636564 
0.9297 3 0.11340996394774436 0.717614748188928 
0.3861 2 0.08681164060594751 0.5439722211695998 
0.0864 1 0.05467879608115038 0.18227134792585928 
0.7715 3 0.18018545467398978 0.8603328747608447 
0.4794 3 0.11000941401011162 0.7348735850598415 
0.4702 3 0.08745891208467961 0.14550716720393514 
0.0301 1 0.18375290109001863 0.1729877668399681 
0.0051 1 0.05932006167729411 0.26432577222990467 
0.4014 3 0.12980735767776452 0.704368237987291 
0.2840 2 0.09352235522906194 0.29879628694111426 
0.3184 2 0.053905367505763836 0.2227573096987114 
0.0036 1 0.04293033200829564 0.13712517764510396 
0.4406 3 0.0509608550555944 0.29508096490436947 
0.0102 1 0.05022630089527112 0.13570092454098825 
0.0387 1 0.09098276294574818 0.30379510626472594 
0.1798 1 0.09550730784876331 0.3630839522710594 
0.0440 1 0.10746642702305756 0.17683108381964996 
0.4953 3 0.2990726464872863 0.42082093299502915 
0.0636 1 0.09418035323751768 0.2855226028027524 
0.2330 2 0.09247708174641414 0.3194555521483725 
0.1556 1 0.06605198277554966 0.1905543609332169 
0.0235 1 0.0554176262659717 0.17400838379536684 
0.4620 3 0.23740963460676817 0.3180566673159424 
0.1492 1 0.12680490087134913 0.22487733161305373 
0.0002 1 0.036666177103966524 0.15050500389114033 
0.6675 3 0.14079758938645257 0.5472546009337016 
0.0626 1 0.02719529987736674 0.11398086541029165 
0.4362 3 0.08762247994279654 0.19648552994874105 
0.0183 1 0.07896802799283195 0.2193765793421093 
0.0114 1 0.0432428689785197 0.09658164573543998 
0.1898 1 0.04287167473981285 0.16103079436905107 
0.5109 3 0.20947371463935002 0.6204479734766175 
0.2821 2 0.04007012321507771 0.14249323939100764 
0.3879 2 0.1436205906223993 0.24496188156206644 
0.3438 2 0.09053645225996904 0.3493835831092611 
0.5222 3 0.12641864404397687 0.5240572538198294 
0.2384 2 0.07826910734703303 0.14523628931629695 
0.3280 2 0.15199393251427887 0.30993496875695714 
0.8674 3 0.1382863760322341 0.7487291015628229 
0.1902 1 0.0898079659605154 0.09403627562220288 
0.3096 2 0.1445147265394141 0.6742499684609373 
0.2915 2 0.11819169946140613 0.29154779553755017 
0.4106 3 0.11308481941696594 0.46904592178830595 
0.2967 2 0.16191731359891 0.37688028946329244 
0.1961 1 0.24141533689945288 0.38165037015891623 
0.8731 3 0.08207225028083484 0.6035202525436151 
0.3749 2 0.08299774924054752 0.516271661118816 
0.1917 1 0.042484668161676356 0.17604758911710888 
0.5576 3 0.11891999242759174 0.3041878730648085 
0.1893 1 0.05182379302944536 0.159785295709023 
0.6929 3 0.16808641843903993 0.44141286118999434 
0.2875 2 0.07134513892137506 0.4087189350163171 
0.3381 2 0.034198239560187846 0.20667361116046565 
0.4697 3 0.13766117281434892 0.8059437971691789 
0.3356 2 0.08662716243620718 0.3467660657098012 
0.1481 1 0.06925468501254703 0.1972708869970697 
0.0054 1 0.05564864816046762 0.08660331673132204 
0.4913 3 0.055798960601051883 0.2307409616900992 
0.6291 3 0.11131983100906521 0.28608583110562424 
0.2665 2 0.06740295697842777 0.28826028724131697 
0.4322 3 0.05266835881148256 0.24840993224653973 
0.1097 1 0.03943401388974631 0.18266631076983206 
0.1759 1 0.1460117260568843 1.0313962025654713 
0.1906 1 0.06301119759639273 0.24502840302827214 
0.1639 1 0.16390203592283908 0.9785567179467052 
0.5882 3 0.08055929188889943 0.6632920143495347 
0.5480 3 0.05446069924138155 0.27581204761493083 
0.0027 1 0.04790942629417237 0.13914393284877608 
0.0094 1 0.06058303120029919 0.3582657707006035 
0.3864 2 0.03147877346140547 0.07944349732926893 
0.2700 2 0.06973865150276741 0.15773923838396003 
0.1396 1 0.06379392885800067 0.23823864290491473 
0.0519 1 0.05445342101099019 0.1598647474656342 
0.2124 2 0.05485912862235583 0.14564667232131712 
0.1503 1 0.1834375852084566 0.29901923234392536 
0.0498 1 0.05039674463965198 0.17294849938372012 
0.5973 3 0.18771477751680404 0.5064580537519894 
0.0002 1 0.04815038712090776 0.19712322248977596 
0.1035 1 0.08279310208330125 0.27447672689994984 
0.7628 3 0.3022181046509885 1.0965876268901558 
0.0721 1 0.07230870931258027 0.24255650125438502 
0.4088 3 0.050884832924242875 0.20015373123894337 
0.7131 3 0.7618873740094327 0.7481754478463082 
0.0397 1 0.028386827435774087 0.10589572959703418 
0.1369 1 0.17216206846256932 0.2514171438344637 
0.5848 3 0.10081435983418982 0.1854798542754639 
0.3919 2 0.059344607383784796 0.21184804821932265 
0.4194 3 0.04868101692266623 0.10951620004672834 
0.4507 3 0.08272622566511639 0.28051326245754926 
0.8191 3 0.10513703059519526 0.7124878185752009 
0.0129 1 0.08600682936690114 0.2288564315011521 
0.6272 3 0.06908267009619537 0.3644340788111808 
0.5343 3 0.32883633057612405 0.35059960764666775 
0.0965 1 0.038127716444531445 0.1474554842233311 
0.2483 2 0.07527742716292475 0.2734742555720081 
0.0803 1 0.04648069452140202 0.14908588697202008 
0.3120 2 0.2776942434910465 0.16956436942645892 
0.6696 3 0.11693508909374799 0.42434242688481627 
0.4868 3 0.07165288006693346 0.3258439801843949 
0.8495 3 0.19264015435888737 1.103733768069898 
0.4840 3 0.06800702698299106 0.2308400261527518 
0.6053 3 0.09056209516513435 0.21405046173162967 
0.3629 2 0.0405881519310851 0.10326466912065754 
0.1295 1 0.07967214006108529 0.24184957467626983 
0.5857 3 0.10625813417494534 0.3878569807456123 
0.1206 1 0.04658674793175154 0.14178007988396008 
0.4237 3 0.11051602445869138 0.3591774256002073 
0.0909 1 0.03670478571842335 0.12797652288058645 
0.5028 3 0.11458430612899846 0.5406547677760496 
0.3233 2 0.2659886323330917 0.7279815889762842 
0.0130 1 0.25983687956848767 0.566967191938261 
0.3587 2 0.07091270350258043 0.5153574975677986 
0.0481 1 0.11549783239848521 0.1617047864865006 
0.4467 3 0.06306484931158589 0.1659607590905096 
0.2202 2 0.05299078441209608 0.17204792821362527 
0.6905 3 0.07258859869479892 0.2947810836871521 
0.0965 1 0.04392064377340885 0.03399040047568145 
0.0286 1 0.076691130583562 0.2433798106880344 
0.6085 3 0.2285912150191482 0.425007483407419 
0.8540 3 0.4674811940172006 3.299648307975758 
0.7666 3 0.11556677857101443 0.8240437568776151 
0.0072 1 0.0669432587162663 0.2776982712465937 
0.3101 2 0.05589788388805957 0.31832568160953223 
0.1704 1 0.0776091417082552 0.2963058677985813 
0.0794 1 0.03722256296395969 0.11736801984815544 
0.3638 2 0.08481837552824109 0.33916123137373055 
0.7249 3 0.17380859602588167 0.26160728609819406 
0.2009 2 0.09464046460073199 0.2701316913302008 
0.3707 2 0.08351980302751047 0.24734450670765773 
0.0930 1 0.11101782468371017 0.3293556682908829 
0.6281 3 0.05602596386737826 0.28873009421515955 
0.2813 2 0.10430360857658956 0.27566762392784994 
0.5601 3 0.07764538834909221 0.3960425165979194 
0.5015 3 0.09726108811734578 0.4841043489672867 
0.6522 3 0.07708566512917388 0.49946288810224887 
0.5941 3 0.14152311643300097 0.536929824604221 
0.1662 1 0.04586355791945921 0.18301466518129383 
0.4600 3 0.16838085849843384 0.7188175366584015 
0.6758 3 0.26458563593407103 0.3080962603752107 
0.6531 3 0.044127326739989016 0.21457620098294264 
0.0731 1 0.04350376840226291 0.22172298479353297 
0.6701 3 0.07448925377260582 0.3029696367910754 
0.5146 3 0.06064940373383605 0.3264530003610332 
0.1817 1 0.059756213518399215 0.2165305554918037 
0.3514 2 0.04766377840425273 0.15091192053846716 
0.5488 3 0.05580667354625868 0.2584960374146583 
0.6379 3 0.14005652094220886 0.3662737407287956 
0.7757 3 0.14326998842062194 0.8209812358681816 
0.7660 3 0.1599786229944183 0.64047253184917 
0.8423 3 0.06446454700604501 0.2878037501515996 
0.1673 1 0.1507151345320274 0.25997191429326605 
0.0160 1 0.06500056492502516 0.1808117845624085 
0.2161 2 0.07692615506342805 0.3274263707564871 
0.2881 2 0.06310221390722794 0.24510217136076892 
0.1720 1 0.03955287969378725 0.09859451411832576 
0.3579 2 0.05518875210662526 0.23388868653772105 
0.3304 2 0.062355864646905915 0.3088336852979222 
0.2065 2 0.0628539852853641 0.27168248346088136 
0.2883 2 0.04679217791760403 0.178311318377339 
0.1506 1 0.09628232366711001 0.36600554047490125 
0.3478 2 0.07501286780887229 0.2581865746791295 
0.7993 3 0.1120990528008918 0.3205046929931184 
0.5176 3 0.10118258672186142 0.2536448676239817 
0.6718 3 0.11601743249275756 0.7292639879396811 
0.4868 3 0.0723136045454331 0.25472937813857677 
0.6808 3 0.06205478504155106 0.2958555081282127 
0.2620 2 0.06125428568635714 0.23801228811154015 
0.2590 2 0.057031542703115855 0.1194846709359787 
0.0185 1 0.035900340513732636 0.15694808337790497 
0.4536 3 0.2505130568338723 0.5015775074399915 
0.5236 3 0.07736945852756785 0.24166353384558167 
0.1135 1 0.033250515635052914 0.07747920894392059 
0.0001 1 0.06011675475706187 0.16931689424496643 
0.0055 1 0.037893009751223616 0.1568640646231627 
0.0274 1 0.036121596498391216 0.10088539792684562 
0.2434 2 0.049810145798892674 0.25475298865796214 
0.3689 2 0.07110844099943957 0.3851955695149992 
0.1168 1 0.04549574714586764 0.17495761352202036 
0.5707 3 0.1867868914271224 0.7773886294497142 
0.4328 3 0.08766039139337455 0.23059119647985063 
0.6325 3 0.18692657617524888 0.5990925025564701 
0.2366 2 0.07412901428731788 0.37917291837981876 
0.0522 1 0.05679881072260791 0.28051720410159064 
0.5819 3 0.09004542044738438 0.38093863457992855 
0.1139 1 0.0488097056519365 0.17315200443695408 
