0.0728 1 0.050252446971581086 0.18984003811726824 0.04046836324194908 0.057254706960351884 0.12004624254442467 0.039210809114030444 1.066572256668729 
0.6937 3 0.07867168998095608 0.422169898501246 0.18016126951263045 0.23192614000194187 0.25042079424110103 0.15611112405961375 1.708731028040999 
0.2621 2 0.12061645265845226 0.3819764245464451 0.12819294329618447 0.1451110406968413 0.25129643860244866 0.10268320022491796 1.3215490305739304 
0.1166 1 0.0740000444807895 0.21962223942793346 0.029094184926465344 0.037567007138729264 0.14681114195436148 0.029106321416918355 1.03350022495416 
0.0996 1 0.03665954798181472 0.20870875064121144 0.057286319123033 0.0880687208513554 0.12268414931151309 0.061154547288385465 1.1495735408077683 
0.2602 2 0.055592311176040875 0.23091404594437243 0.054663082643872284 0.07792664997697077 0.14325317856020664 0.053049282081494585 1.1088473369827498 
0.6923 3 0.08461166019483406 0.4031120098213446 0.07909503989188398 0.10497650571811355 0.24386183500808933 0.08143453037021513 1.1373339172058354 
0.0045 1 0.05615149483125394 0.24718863436817345 0.06248204825862269 0.08225036803101875 0.1516700645997137 0.0572961179382389 1.1372785767845692 
0.6036 3 0.07554969556253632 0.2882128399862437 0.09125486140682858 0.10503025563136545 0.18188126777439 0.07306390566584386 1.21073534525588 
0.2518 2 0.05872760499999368 0.6241631991608053 0.4500996160527066 0.7110992845546817 0.3414454020803995 0.5509214744739146 10.18554208811219 
0.5800 3 0.11703882879581849 0.4532569880057407 0.2606301179804218 0.29309224768973285 0.2851479084007796 0.21260934484362054 2.9206327828644447 
0.0005 1 0.03818748027526858 0.23341822942983556 0.06711529532056897 0.09232962277357311 0.13580285485255206 0.0629348569052574 1.1780539537151038 
0.5597 3 0.08025294544335498 0.3676303297412675 0.3557765952759868 0.4179442696462229 0.22394163759231125 0.22306934598621195 3.462641444965554 
0.5195 3 0.05442770501496456 0.326235178165568 0.08371521369466815 0.12243765569785915 0.1903314415902663 0.09323607428664926 1.3183591903963479 
0.0222 1 0.024728584884969294 0.14906980416869198 0.052668476343837436 0.07406364666747257 0.08689919452683063 0.043134028290292975 1.1029653363883969 
0.0933 1 0.037922627934571004 0.15733100928147803 0.036621487328951915 0.05152963890576637 0.09762681860802452 0.031356109397835584 1.051524243265084 
0.2782 2 0.04717861451525563 0.2070783767115786 0.06002692441197672 0.07812608980913455 0.12712849561341713 0.05219005185444702 1.1268704009452186 
0.0128 1 0.035453149892139296 0.18346738610448837 0.04522240541015122 0.076545405174699 0.10946026799831383 0.0523107741997701 1.1048291006726794 
0.1484 1 0.048652518670362535 0.2832088956943242 0.11308882220307574 0.1507286654072175 0.16593070718234337 0.09925103271903397 1.4123597863350783 
0.4496 3 0.06402407336088693 0.2689121420021944 0.07740195580550062 0.09799157245739337 0.16646810768154066 0.06645422047378087 1.1853288219362144 
0.6163 3 0.06860426813911204 0.3172348035250785 0.13975579506308672 0.15466688044655907 0.19291953583209526 0.11514863416067439 1.5855744894418362 
0.1306 1 0.049990370060349426 0.27178589392102603 0.08781731106397991 0.11932624882573276 0.16088813199068774 0.08075889584232526 1.263731086629761 
0.5520 3 0.06373198502781899 0.3484600220173334 0.07144093153952474 0.11920669711606055 0.20609600352257618 0.09764728314778351 1.2827664805304833 
0.2780 2 0.0436247377297396 0.2039537597574633 0.05040049200371745 0.0735961738161899 0.12378924874360145 0.05051014301891533 1.111288337659805 
0.1827 1 0.0323884112012407 0.20812398102590027 0.07009866002217295 0.10123651213987701 0.12025619611357048 0.0660589478753851 1.1924395900643705 
0.1456 1 0.05133170294257963 0.21981787284893944 0.05258402834907072 0.07285899455648057 0.13557478789575955 0.04884748427359436 1.1048795000310738 
0.3928 2 0.08528716196633435 0.32861341904595365 0.11509474951950747 0.13244591211965093 0.206950290506144 0.09692088489428662 1.3522814830803596 
0.3611 2 0.02923915180902729 0.3144421257293481 0.08545412044505593 0.15535201985002023 0.1718406387691877 0.1175777218203246 1.4961898219589116 
0.0854 1 0.03124452841781304 0.19110908762552858 0.05260709756369156 0.084773806962014 0.11117680802167082 0.058207228226714404 1.1349999214381152 
0.2978 2 0.09090814742040598 0.43731444056568797 0.16392679369778007 0.18123148254179874 0.264111293993047 0.13886035312288023 1.518594381283466 
0.5455 3 0.08908869600304195 0.37235839069815696 0.14742485759248436 0.17626394657778408 0.23072354335059947 0.12577328144582645 1.6164589227537143 
0.4135 3 0.044976919258288256 0.281967089273947 0.08568038223936789 0.11850760627937591 0.16347200426611763 0.08372342431204058 1.2994475139569113 
0.4881 3 0.043843303252023395 0.18052755144582422 0.04934611408542479 0.06339227179667073 0.11218542734892381 0.04250992951206345 1.0846266499679256 
0.1532 1 0.05623806628642485 0.31194835532825205 0.10109446492158737 0.12764270024663865 0.18409321080733845 0.09075676965714545 1.3364036249347584 
0.0159 1 0.033503432324592616 0.17306434018124908 0.03142511519030691 0.05429554803333217 0.10328388625292084 0.04000091473568776 1.0681969128183781 
0.2092 2 0.030553542855289783 0.16081708898576186 0.055735528215824934 0.07617209160021567 0.09568531592052582 0.046970618026287346 1.11229889901911 
0.0221 1 0.06378353098911581 0.24439960883690492 0.058963807381778 0.0738322608805492 0.15409156991301037 0.052814175323884105 1.1185786899309555 
0.0614 1 0.06557608638645399 0.25176846833519406 0.060778134101629855 0.07500010291559116 0.158672277360824 0.05500704951606744 1.1224318266001432 
0.8100 3 0.08447160750317895 0.6261387860495409 0.49866671969998877 0.776968623308315 0.3553051967763599 0.604108295737811 13.335078670553715 
0.1028 1 0.08803396635916513 0.5699468337114962 0.12686387148265305 0.15024452585155626 0.3289904000353307 0.11920505200738483 1.124427696365855 
0.3983 2 0.05509676888971061 0.28812466882741355 0.0844256565649457 0.11709129292067974 0.17161071885856208 0.08788406008217978 1.3081267654272122 
0.0702 1 0.0570836115537049 0.2627857114038644 0.12699672774929066 0.16492812903139137 0.15993466147878466 0.10218873313414058 1.5071339298680082 
0.2961 2 0.05879261791789509 0.31577791119675547 0.1331416018656125 0.1559751232117907 0.18728526455732528 0.10963526677524825 1.5675802784837214 
0.1085 1 0.03356839626090587 0.18733019852103464 0.05367588794532457 0.07780683484651418 0.11044929739097026 0.052743351965575905 1.120355136014057 
0.0368 1 0.10192584944519137 0.4695034841565498 0.3134414622303509 0.3750492616829484 0.2857146668008706 0.2336308673679304 5.415071987033695 
0.3782 2 0.04641691727420993 0.2245089193254936 0.05897493076281945 0.08144604028621355 0.13546291829985177 0.0541614770167125 1.1318332888796638 
0.1623 1 0.06731136123859129 0.30585277781513537 0.07632475176731167 0.10537396542788188 0.18658206952686332 0.07635089907593895 1.2114585765842416 
0.0183 1 0.028069766153012068 0.17089020343939193 0.03713553896484254 0.07940342418271638 0.099479984796202 0.05699162066159535 1.1146264867517477 
0.4513 3 0.056645113527064014 0.3696815882451263 0.17566146037736297 0.20896592495305 0.21316335088609517 0.15728958948145988 2.179438571354654 
0.1278 1 0.04790293293961566 0.2388398594425738 0.05466879667246621 0.07866226443668492 0.14337139619109474 0.05644706786230548 1.1339526239528381 
0.2007 2 0.047392831339338075 0.259768650852355 0.08271105147368803 0.10927219939628141 0.15358074109584655 0.072695376817786 1.2318007834733773 
0.5246 3 0.07663952866909907 0.6922830015043256 0.508667901383787 0.8203664908497964 0.38446126508671236 0.4035432065970191 26.248496366427617 
0.4321 3 0.05955286916163811 0.2816672001291069 0.10347704526710587 0.14158795978088562 0.1706100346453725 0.09191504281596984 1.3521898132914967 
0.0561 1 0.07997682085750962 0.43912794837261887 0.03539177238092415 0.04398470886621506 0.25955238461506425 0.03696242206389943 1.0210225891875484 
0.5607 3 0.1138628040483269 0.5126423240006226 0.25598861684004154 0.2783305954607912 0.31325256402447477 0.2000366406266463 1.8758744822293756 
0.3193 2 0.11190820452957641 0.5553430016195997 0.5579033933732229 0.6733206154527684 0.33362560307458805 0.392682877528298 11.107269129937915 
0.0028 1 0.022016557652009994 0.15658051600483391 0.04090175844842697 0.08190708054523096 0.08929853682842195 0.05792067659075978 1.124268675774148 
0.2457 2 0.044233927694025794 0.21420037310350287 0.05812236848063367 0.0849032062411018 0.12921715039876433 0.05798168857046515 1.1385170489610446 
0.3687 2 0.042451047486263174 0.31818684954245824 0.14949306905982532 0.18186229179354735 0.1803189485143607 0.12101278496854664 1.7797000934138483 
0.2354 2 0.05736923088443955 0.2522613127018495 0.07716352917560258 0.09563355496428032 0.15481527179314453 0.0690118229236101 1.2101882198942038 
0.0097 1 0.022575939380641123 0.1935927696306812 0.08385799627700752 0.10655387196145162 0.10808435450566116 0.06300232016710766 1.239661860501454 
0.3700 2 0.0839295088762119 0.2783238834272489 0.06316652896116284 0.07360631895858767 0.18112669615173038 0.05648121640742837 1.117330105517553 
0.0082 1 0.06726594856776077 0.22528122436354364 0.04372114097899734 0.056403090691458456 0.1462735864656522 0.040336395045895354 1.0674136469203526 
0.3282 2 0.04959868350142158 0.25911360252373217 0.06026726410871519 0.0775737412240177 0.15435614301257689 0.06392221304895404 1.1592269086279845 
0.0792 1 0.04545588729148112 0.21715388310063966 0.06241923663610436 0.08351378066478336 0.13130488519606037 0.05714539817337966 1.1433058700087002 
0.6083 3 0.07550950032739454 0.31370741154161685 0.09292036377131624 0.1171086926965903 0.1946084559345057 0.08528701081347032 1.2660435586321865 
0.0183 1 0.06464442424276795 0.2731089704302986 0.08921844651583652 0.10613468328505951 0.16887669733653327 0.0738825096928761 1.2363700912675266 
0.2345 2 0.06934112253910285 0.29605746985104703 0.10268788357567725 0.12351142392424562 0.18269929619507494 0.08614813678292271 1.3109680600335363 
0.0417 1 0.05921962206380417 0.24388529084590002 0.05673484225242201 0.07906539609954184 0.1515524564548521 0.05662713744067803 1.1315480821090633 
0.1153 1 0.08333574544874019 0.12985642047343018 0.006788360909015869 0.012181251597982237 0.10659608296108519 0.010131938544887746 1.004317554650298 
0.0693 1 0.06724619577069735 0.2754935552229691 0.06673762343900665 0.08802709574430218 0.17136987549683322 0.06070462693500111 1.1415425041303846 
0.0119 1 0.0219326782823597 0.13059981287187875 0.038276918503142965 0.06548752758234808 0.07626624557711922 0.041881332752638084 1.0814870443094327 
0.4015 3 0.05589907743197818 0.22877038572600536 0.06862743695029212 0.08774082913882385 0.14233473157899176 0.0560949058210091 1.1391110430834785 
0.2333 2 0.08785203445062544 0.4975062411263038 0.06658202600653422 0.08076471979547704 0.2926791377884646 0.06704135139639314 1.0593816793634045 
0.1177 1 0.05166751882847941 0.26500942749169554 0.061940318179195056 0.08830780544636206 0.15833847316008748 0.06304308109752321 1.1509608492765078 
0.0501 1 0.03203794950797476 0.21383513705117574 0.047492637479901054 0.07649054256260607 0.12293654327957525 0.05449386805714411 1.1261639224120479 
0.3245 2 0.060290520680643986 0.35522206574844517 0.15827276365695664 0.19459768189271157 0.20775629321454459 0.1347203812677427 1.8102960749557966 
0.2666 2 0.0380858367381163 0.23415272267574014 0.0842576542631472 0.10496648362353617 0.13611927970692822 0.07058485116399571 1.243445952234082 
0.0322 1 0.06024870791746532 0.2660660385514671 0.07634530482869645 0.09723553039626558 0.16315737323446622 0.06583403132435861 1.1758548960162711 
0.0437 1 0.05240182283145293 0.2541753874647209 0.07752297905069871 0.09857204450625096 0.15328860514808693 0.07379872251070341 1.244524975488747 
0.0075 1 0.03177644747552166 0.15800375985352516 0.04373876960235663 0.06393890016817895 0.09489010366452341 0.03835052964017286 1.0756681228782503 
0.0832 1 0.057966857127886774 0.34390824574110623 0.0938179173189505 0.12666311235205294 0.20093755143449651 0.0924448550673819 1.2744953936466175 
0.7664 3 0.07435937859301009 0.6634440892297584 0.49841161822593893 0.7732903412079007 0.36890173391138426 0.3827872595161753 25.921971872701132 
0.1773 1 0.07174488360571965 0.16966416073806073 0.02317866639021867 0.033387073107888354 0.12070452217189019 0.02396977332955325 1.0256898290518854 
0.4372 3 0.07906569593330956 0.32368974964409175 0.09294433792729186 0.1104911543254119 0.20137772278870064 0.08338273456144385 1.2555194696578298 
0.3339 2 0.061605542664680005 0.3026791502000964 0.10276173774118079 0.12771271810635756 0.1821423464323882 0.08925700601404017 1.324492210960932 
0.1646 1 0.07696349345596891 0.28806268023569703 0.0889950080977646 0.10564285240382645 0.18251308684583298 0.0768469030068842 1.24270914326705 
0.1531 1 0.05384403529872456 0.2588052868497342 0.09150529735250595 0.11453577582971508 0.15632466107422938 0.07385498890471098 1.2361469110893353 
0.3142 2 0.053177284495013494 0.309951475411096 0.12866794881217475 0.16517741910156925 0.18156437995305474 0.11082382667057307 1.5360593719322613 
0.4195 3 0.043843303252023395 0.18052755144582422 0.04934611408542479 0.06339227179667073 0.11218542734892381 0.04250992951206345 1.0846266499679256 
0.0698 1 0.03192215575594082 0.1509198634387387 0.034894297357720316 0.05293835692091628 0.09142100959733976 0.03686978762171581 1.0661578956947468 
0.2146 2 0.07410019083010443 0.26664205118549666 0.06067073656272105 0.07805768398579893 0.17037112100780055 0.05687917630882209 1.126346701561137 
0.3298 2 0.0988745654734983 0.3503749421228474 0.1282092320632813 0.14676072399556025 0.22462475379817287 0.10118946001686523 1.3656002859983714 
0.3954 2 0.07083834356133174 0.22832435797186929 0.046019811098242255 0.055497508877030796 0.1495813507666005 0.0427133232635978 1.076042582894893 
0.4844 3 0.07150483484522184 0.3467054288288736 0.11553556179458563 0.13844330037864142 0.20910513183704774 0.10035991626866518 1.3446378992867993 
0.2824 2 0.055904581665841495 0.28497421128570855 0.08932136330671696 0.11683419517361908 0.17043939647577502 0.08092567602066883 1.2740776413808987 
0.0229 1 0.055329819230601915 0.191154561295987 0.03842186323375306 0.05170808816711371 0.12324219026329447 0.03674176488880279 1.0592044312531539 
0.2185 2 0.04202576254198523 0.251858760535563 0.07688826193193804 0.10734498785259194 0.1469422615387741 0.07254896680159029 1.2279826002752399 
0.6189 3 0.07275270429189032 0.380398196730445 0.1851029576356906 0.22336005091461916 0.22657545051116768 0.15945156091746576 2.1194988028550026 
0.1351 1 0.06357639436182337 0.1484970922134334 0.012332419247164049 0.017065822599214693 0.10603674328762838 0.013837485043340276 1.0081748207422658 
0.0377 1 0.04132437518681892 0.23852634491132543 0.07657075660003693 0.10327041832068383 0.1399253600490722 0.06932388342358996 1.2168884086926308 
0.1594 1 0.07435125380055065 0.3657357055441028 0.16386885652586966 0.20338838917745827 0.2200434796723267 0.139095383609357 1.888312638352406 
0.2563 2 0.054243271576475495 0.2485839146665027 0.0754966641473064 0.09331218199845365 0.1514135931214891 0.061693133992685736 1.1684801377265597 
0.3366 2 0.07425617272362181 0.36858090025148976 0.21393478224496362 0.2303660588332927 0.22141853648755577 0.16604508843302732 2.717308296461033 
0.2932 2 0.10794660792387868 0.334028270947687 0.09074382010655499 0.10647520297657122 0.22098743943578283 0.07750341720792536 1.1921953856264464 
0.0014 1 0.036680704495539306 0.19984620719732418 0.04551103266653628 0.08389140492938217 0.11826345584643175 0.06027369202342342 1.130002424559385 
0.0344 1 0.020384970947055076 0.17366476208407677 0.07617194346488405 0.1085840111300308 0.09702486651556592 0.07046798362314328 1.2275482288116344 
0.4726 3 0.04367093758379985 0.23518339132255775 0.07297650632004384 0.0906324392489242 0.1394271644531788 0.06428845522038533 1.1945544985539782 
0.0640 1 0.051763245528897245 0.23774691017658034 0.08141622096556389 0.09804192979997503 0.14475507785273878 0.06758172385065518 1.2176984895275804 
0.0050 1 0.027876847893563695 0.16611084171151144 0.058378605856638045 0.07563401140270613 0.09699384480253757 0.045232997966835956 1.1190331303706973 
0.2478 2 0.05606237040636214 0.19763305789252272 0.0390020102727536 0.052217770381223966 0.12684771414944243 0.036970513131615104 1.0601087375696194 
0.0791 1 0.05108532129848267 0.28732039638885 0.09024838604633792 0.12245749856303512 0.16920285884366632 0.08361369356503415 1.2866874902628582 
0.5875 3 0.055756572005030404 0.3564402698180017 0.17336818229831177 0.19869093573649546 0.20609842091151606 0.14820248124131744 2.1236875863237326 
0.0141 1 0.050864451546673496 0.24305712402905683 0.0729528727128629 0.0970260532378377 0.14696078778786517 0.06423993985524175 1.1825214448377117 
0.1587 1 0.027763959818188137 0.17300815179279888 0.041485231599243874 0.07713397731307989 0.10038605580549351 0.048735080660285444 1.100008201496786 
0.7958 3 0.06255505563466232 0.38070196100280707 0.1259220918940393 0.1803187265513114 0.2216285083187347 0.14256400576905195 1.7345954422905965 
0.2044 2 0.05930374064208348 0.2440593084712937 0.07436576848491855 0.09049407556282361 0.1516815245566886 0.06331883962437544 1.186944707946644 
0.3006 2 0.030550235389512705 0.2039468759786282 0.06847051496314123 0.09128085651399769 0.11724855568407046 0.05963801450324326 1.191472433695652 
0.0086 1 0.0355705907965043 0.177148845626985 0.040210113859594915 0.05972923934682832 0.10635971821174464 0.04117333797653574 1.0816858860256506 
0.1583 1 0.06782635372955667 0.33733675184774603 0.07648497528059847 0.09702132217532076 0.20258155278865136 0.06781201011478978 1.1249997594604104 
0.6394 3 0.06408116809922554 0.2596035496706047 0.07883073835930303 0.09491514463063222 0.16184235888491513 0.06886756777591453 1.2022233834862723 
0.2735 2 0.06856647080833256 0.19324347405086267 0.04017303209461169 0.050787546584829105 0.13090497242959762 0.038237930769614306 1.0645366842590924 
0.3922 2 0.08691901076246172 0.23113830381998826 0.050733173798938935 0.060861395336667526 0.159028657291225 0.046507950536749644 1.0859404078701667 
0.7503 3 0.08232563118376199 0.3871511530281516 0.13377156132849455 0.16362017421606828 0.23473839210595682 0.1226086890697334 1.5145558737726066 
0.4175 3 0.047827977184219286 0.28030077867584763 0.07322357435517739 0.11028045991195318 0.16406437793003345 0.08116884891119756 1.2283153456919196 
0.3070 2 0.0683879883987304 0.29348136691905263 0.08769173940928157 0.10830689718279539 0.1809346776588915 0.0749995400389573 1.2237613715625617 
0.0875 1 0.02641703299187605 0.1388461630089588 0.03194613674747626 0.05804477381250521 0.08263159800041743 0.03839848126369988 1.0647935557464907 
0.3347 2 0.04523388385658883 0.26379891219771784 0.07663622389394463 0.11158453145390221 0.15451639802715333 0.07571753481536582 1.2261715353305171 
0.2796 2 0.06975707497645259 0.2819302380984401 0.06973866261575674 0.0910727204224437 0.17584365653744632 0.06406586069638721 1.1499599622194283 
0.3750 2 0.06363055794745787 0.2849226857304242 0.08607232540789563 0.11174644486920769 0.17427662183894102 0.08412769634018194 1.2992403758157356 
0.1848 1 0.03721106766795034 0.154263007229601 0.034257904045124826 0.0628177220168322 0.09573703744877568 0.04436300592703767 1.0712121181272947 
0.3664 2 0.10919055562283586 0.4422912205402893 0.11315417199409908 0.20526558291236982 0.2757408880815626 0.18066715600223532 1.7797045069500852 
0.8124 3 0.054864477714858716 0.2711153796645146 0.10016288388602976 0.12157645295935417 0.16298992868968665 0.08479826749781014 1.3404738100976243 
0.2669 2 0.02869898597673508 0.16822312626921485 0.04797493292299572 0.08116137120956453 0.09846105612297497 0.05735638102278622 1.1260892178363255 
0.3055 2 0.1205346280563847 0.34883091802289695 0.05777538059587621 0.06741800117040535 0.23468277303964083 0.05101953228165613 1.0677212767514621 
0.5485 3 0.07645944466029819 0.32479297366565557 0.09938011273559805 0.12325013310832603 0.20062620916297688 0.08830857234282388 1.3033174016958629 
0.4218 3 0.06694680476741 0.33648931121865694 0.11801149781650427 0.1493506959235711 0.20171805799303347 0.10545886198215239 1.439392592616681 
0.1623 1 0.0433213216603334 0.18274017625394107 0.037985340780442654 0.05404958149509517 0.11303074895713723 0.03888760483400767 1.0677237115233902 
0.3310 2 0.07215982776908121 0.24475967292924614 0.06184218096037933 0.07348103424422749 0.15845975034916368 0.05350659787102533 1.1174169067223767 
0.3006 2 0.09203897114947755 0.3695487560975137 0.21543828018966338 0.24072790915344097 0.23079386362349563 0.16272797699064193 2.4041165340990642 
0.2007 2 0.041645381915242696 0.2520643421024824 0.08498699232105672 0.11433870299033062 0.14685486200886255 0.07697289318991596 1.242686212268975 
0.0079 1 0.03350680250033715 0.15764333072686026 0.04820146092933299 0.061002270321542124 0.09557506661359871 0.03427795250821936 1.0701310579494643 
0.3428 2 0.08314247190589624 0.22974845484813589 0.04190554133736976 0.0511973187522949 0.15644546337701606 0.03634524195949629 1.0521598872228413 
0.1417 1 0.09185860008104604 0.26003212878410925 0.04360979021247739 0.05246799004413811 0.17594536443257763 0.03940521845418568 1.0538681742855298 
0.0807 1 0.06180654799445135 0.16353433339929602 0.02969616737386832 0.037497159145920514 0.11267044069687368 0.02708040079206574 1.0353468863561295 
0.2967 2 0.037336343983568304 0.16575075648560325 0.04125130898865967 0.06338006571034457 0.10154355023458578 0.03835822613525818 1.0704517160275924 
0.5675 3 0.06635630263056183 0.3000397272617237 0.11242276801474793 0.13361688923266038 0.18319801494614274 0.10010132616553143 1.4146901961220828 
0.7580 3 0.1288319982299392 0.41613923561812777 0.2749412481985869 0.32313486533323516 0.2724856169240335 0.23355456313371734 4.311312370732601 
0.2380 2 0.038944831603230715 0.22147725547983757 0.05813397915979802 0.09399851475408481 0.13021104354153415 0.06772807342287065 1.1682074682813086 
0.5881 3 0.0597372458907903 0.32098254175320207 0.11882105266123633 0.16136980289325834 0.1903598938219962 0.10875823982377478 1.3574941984027926 
0.0387 1 0.052512573761169815 0.29634824082274897 0.09784927490463212 0.12637851731285418 0.17443040729195938 0.0895927797336695 1.3394682941204898 
0.3305 2 0.0522210169617662 0.2152437795269538 0.05358818443976184 0.07179919871272038 0.13373239824436 0.04939108190300727 1.1039415789956768 
0.3721 2 0.0763412620704407 0.30697798266663356 0.09760462917277887 0.11857817321312598 0.19165962236853712 0.08233100883658792 1.2565062078971923 
0.1686 1 0.06642435105433445 0.30285496802107204 0.08345058164519592 0.11418258875161928 0.18463965953770323 0.0813314034698636 1.253172515549774 
0.3042 2 0.05004268874688688 0.26180065859876733 0.0821561934754482 0.11005204087245504 0.1559216736728271 0.0714090646706301 1.2156306512060153 
0.2726 2 0.05863619814127322 0.27989823995819413 0.10010487208962446 0.12186499391024458 0.16926721904973369 0.08437298269370488 1.3097448499497486 
0.1987 1 0.059616972201848355 0.275459530181614 0.08917112059833263 0.11114812185690262 0.16753825119173119 0.07477075912666692 1.2324887965538502 
0.3433 2 0.051319913128698755 0.32590388069909865 0.1431341687265136 0.17101579537563244 0.1886118969138987 0.12150789281169386 1.714606307649375 
0.0307 1 0.03426122079040164 0.16202975798224387 0.03504391491970023 0.06247213087624014 0.09814548938632275 0.0420557878391942 1.0708237064068287 
0.7600 3 0.08603863268046177 0.2798703186749639 0.08301723621207537 0.09344311140547375 0.18295447567771284 0.06919774589031513 1.1879089640358387 
0.0736 1 0.024547036195525212 0.15715909348529014 0.0493965281932332 0.08628368456841565 0.09085306484040767 0.05983372023699313 1.1299224003826147 
0.1210 1 0.03615341703686275 0.21449312294548145 0.04806287789055894 0.10177351812034204 0.1253232699911721 0.07336301948891398 1.135107723776898 
0.5644 3 0.09995005650614945 0.3462050666764012 0.11403168738766867 0.1285796951010024 0.22307756159127534 0.09313977738956655 1.2915201361059352 
0.2408 2 0.05056170888940461 0.23216784854533806 0.07300133420347286 0.09379753807055122 0.14136477871737133 0.06147802163415455 1.1627149340181548 
0.3450 2 0.06794429558937762 0.2935151383576144 0.08271699700466861 0.10433891117004443 0.180729716973496 0.07309004886234227 1.2094096434423671 
0.4481 3 0.04552247754647051 0.3052843386826872 0.09097026669529486 0.1300795850405323 0.17540340811457883 0.09219038310871373 1.3426867341338955 
0.2377 2 0.06703658570645517 0.2956147408544495 0.09771028609373607 0.12051676292273567 0.18132566328045233 0.08836334696112426 1.3060836527477293 
0.4216 3 0.03925729755212411 0.22745927273635438 0.06988031116450664 0.09676810688025614 0.13335828514423925 0.06454029703998833 1.1801973737890803 
0.5677 3 0.06385070779900336 0.34627174307731606 0.16206385229702971 0.19542400200749976 0.20506122543815972 0.1365790175622887 1.8514582545226455 
0.2531 2 0.07420227400212095 0.29206880128492085 0.14453831638612408 0.19145981465878273 0.18313553764352092 0.12559134971450728 1.8168256959016396 
0.5704 3 0.04855753716340342 0.3133633109765822 0.12786134288868373 0.16012331252545578 0.18096042406999283 0.1100687802196451 1.5602532387362424 
0.2445 2 0.05993888773471748 0.24899682804385748 0.0687426365982794 0.085554653276495 0.15446785788928746 0.05882856382941639 1.1474388594701372 
0.0140 1 0.04886496552508708 0.25341693451860603 0.10838214410664844 0.13057165823890232 0.15114095002184655 0.0815542380250592 1.3219100980861092 
0.3972 2 0.06010861568485619 0.3368891429186222 0.12254884398004329 0.16366860705453737 0.1984988793017392 0.1124928473359218 1.5116330069863388 
0.3063 2 0.045595138922287205 0.22809335464621433 0.07244510637739122 0.09193748804619194 0.13684424678425078 0.06282561365648064 1.1900676675057484 
0.1836 1 0.08241219041099923 0.1805570174006092 0.02271025774827911 0.026684299843014885 0.13148460390580421 0.020300261539190848 1.017383170234251 
0.3020 2 0.04059688651867423 0.19669906762549005 0.05863862951109907 0.08453281896687373 0.11864797707208213 0.05658511566188731 1.1254277260819834 
0.1709 1 0.07846326830460464 0.28552000099904096 0.09514634409248436 0.10958822479370359 0.1819916346518228 0.07909720580996156 1.2491358756333415 
0.1288 1 0.04314185340250214 0.19220964113283606 0.039875478559424256 0.061543647748130155 0.1176757472676691 0.043741251290044074 1.0788025888130686 
0.2283 2 0.08246816219789138 0.2879095502585021 0.09145337361646017 0.10343542737356384 0.18518885622819675 0.07502585060561597 1.2181084847523094 
0.8561 3 0.05846478144101481 0.36875151153028163 0.16696814218780517 0.2068958974475654 0.21360814648564821 0.1500580142671808 2.0294282829841195 
0.3148 2 0.04570651322930879 0.2362729822727804 0.06922085066683013 0.10131436812646759 0.1409897477510446 0.06758137939677539 1.1780795900550078 
0.8357 3 0.03511067608376875 0.2773003579257597 0.10514951461210283 0.1448981339303238 0.1562055170047642 0.09539563315832829 1.4128483017461493 
0.1852 1 0.059801471503754304 0.2860108953139199 0.09002420569433965 0.11285788268198875 0.1729061834088371 0.07731421542068538 1.2530897889965877 
0.2721 2 0.04690901081885436 0.2539854255243523 0.08574053412480091 0.11083095764169955 0.15044721817160334 0.07278176605349203 1.2364068150192453 
0.0176 1 0.04423343172453009 0.21215889944072908 0.06437297345511357 0.08315096475856563 0.12819616558262958 0.05544825137782833 1.145730801731785 
0.0452 1 0.02883190835982174 0.13349553793571145 0.03184605556890733 0.058645949562533946 0.0811637231477666 0.03725940956912414 1.0579102506516695 
0.3165 2 0.05229122680199782 0.25189317750850637 0.09545185497925202 0.11457125148006825 0.1520922021552521 0.07309982944819034 1.2477495647994796 
0.1708 1 0.04385707515392225 0.13319111275910198 0.02541966056112628 0.039510540660498555 0.08852409395651212 0.028022058743537567 1.0374249478348734 
0.0498 1 0.027536549623498958 0.2094990403439775 0.06755077697674201 0.11395603733764484 0.11851779498373824 0.07208116172440131 1.2118415850823132 
0.0589 1 0.044049355828806466 0.22393821890147736 0.07394833799220886 0.09493904730003666 0.13399378736514192 0.06227102607451138 1.1811528073512434 
0.0077 1 0.03667503122072276 0.1875560068319051 0.04647904534275752 0.06869588759236094 0.11211551902631393 0.04544182909244645 1.0934333990048881 
0.3230 2 0.06462954345570691 0.3127642473856818 0.09929730745748981 0.12788155748687172 0.18869689542069437 0.08849341351048619 1.3020739982249663 
0.3366 2 0.030963866524335724 0.1660797446296725 0.048059537150220884 0.07278707567843332 0.09852180557700412 0.04951068176648355 1.1035020143343641 
0.4925 3 0.08087802462450014 0.36490158098286435 0.15448229109655393 0.18320304155651274 0.22288980280368226 0.13415390581467965 1.791943143570106 
0.3233 2 0.04499700931334969 0.26230896505084556 0.09276198489930874 0.12011954787380894 0.15365298718209763 0.08018461313708532 1.2907126742442814 
0.3096 2 0.08345139567055505 0.293610740846764 0.08088465266264211 0.09621574442525817 0.1885310682586595 0.07021382782821338 1.1832688907088011 
0.3645 2 0.044172362351601456 0.2679534139354732 0.08906420545629479 0.12232521612146592 0.1560628881435373 0.08153735810005269 1.2754375450228128 
0.4482 3 0.03548720234186313 0.18779485839550122 0.05435564543429608 0.07041520886681281 0.11164103036868217 0.045943924135094426 1.1044106274432055 
0.0999 1 0.043705675450081194 0.20056814326252317 0.05444185366891187 0.07715075424107612 0.12213690935630218 0.04850135622022328 1.1051151492852243 
