0.0561 1 0.06898579411192331 0.05044382037267209 
0.4391 3 0.18827644491395906 0.3691722520431377 
0.1482 1 0.22691336928224487 0.39566646168312686 
0.0363 1 0.11917633649328666 0.10772536888355908 
0.0005 1 0.10265992049150718 0.10236607097269929 
0.0368 1 0.08478852408884897 0.13881274177182315 
0.0922 1 0.20540401990492332 0.2196960459281376 
0.4239 3 0.23810602985738488 0.17562811560868805 
0.0024 1 0.11080292457813186 0.10754315887479372 
0.0506 1 0.16048961663562333 0.1702751826316439 
0.4179 3 0.18780784520864083 0.12402782423542501 
0.1929 1 0.20525078535486901 0.6240019545130348 
0.4738 3 0.5970582969614413 0.9157521439995268 
0.0068 1 0.1703243168107649 0.12742630339062094 
0.0202 1 0.0703259848211062 0.09978367096683614 
0.2430 2 0.2303971532623502 0.820215270285304 
0.2491 2 0.14830235467459824 0.17392438099086094 
0.0119 1 0.025380556559451716 0.0266344613685184 
0.0352 1 0.03915509716160198 0.061074353047424625 
0.0241 1 0.2448590253259569 0.11166741226623692 
0.1043 1 0.09881682466431341 0.10119497534185884 
0.0052 1 0.10516026799366156 0.13209742788254344 
0.0892 1 0.14151088376747936 0.18012710285203307 
0.5199 3 0.1855006533040504 0.19374821770633477 
0.0002 1 0.05591337466292283 0.03625290214251377 
0.0679 1 0.21841227655611511 0.22255735637206636 
0.0024 1 0.10781451725000782 0.14278669001651273 
0.3558 2 0.06899113174501693 0.026847929103130438 
0.2078 2 0.3066862750549055 0.19377928500517874 
0.0115 1 0.09769569931333552 0.10463735296304365 
0.0799 1 0.07352900947985753 0.04227009649477491 
0.0505 1 0.25215156653971355 0.05542072353299466 
0.2720 2 0.19981574045759015 0.16722881346630863 
0.2461 2 0.19625976481054203 0.20089961728388073 
0.1184 1 0.0930566289510995 0.15361143808392075 
0.0000 1 0.24847115732117642 0.2515270345400603 
0.2643 2 0.5091477023157541 0.48557986313384005 
0.7500 3 0.20927569430930407 0.19064665560303437 
0.2199 2 0.14508987795724304 0.31227799492357344 
0.0664 1 0.19544633176725745 0.10194139209065906 
0.1342 1 0.06381618526034906 0.05972286961658191 
0.1066 1 0.23698379249951404 0.22065777168476303 
0.0022 1 0.0517410135942842 0.042374885651965406 
0.0000 1 0.09391265185844153 0.08291962403826336 
0.0192 1 0.09736287564982916 0.11677735578395886 
0.0025 1 0.02065986489116195 0.028966060427946496 
0.0058 1 0.13584843346028727 0.10348755599964914 
0.4000 2 0.1246967835200578 0.40034585502689424 
0.1974 1 0.14464407439326127 0.22843190931095228 
0.0601 1 0.13414283728559115 0.21242173141008672 
0.3166 2 0.11576781296044034 0.13609565873125784 
0.1408 1 0.032305134691835546 0.028598326642709223 
0.1705 1 0.24637249618417534 0.20644371988442925 
0.0081 1 0.05204603708543002 0.03734579953273317 
0.0133 1 0.11239367846682206 0.12880458211910906 
0.0267 1 0.22116983125295323 0.16063487276312055 
0.0811 1 0.07591426426844042 0.07176502594046345 
0.0867 1 0.1327692863695757 0.12319412201099815 
0.0145 1 0.021110005282032985 0.013364518665622311 
0.0551 1 0.0721693586500235 0.08291206059068011 
0.2783 2 0.0684340162909016 0.07296702545827448 
0.1088 1 0.13909004475827785 0.07304296391081459 
0.0181 1 0.13207850768674773 0.13946113535633783 
0.3064 2 0.006479108170469883 0.006763390200516747 
0.5904 3 0.1633557032053599 0.6673344593160566 
0.2666 2 0.08037808234411019 0.09518215367993378 
0.0575 1 0.028316808977870284 0.030825128480939858 
0.3988 2 0.42126179422312404 0.3995439284867403 
0.2926 2 0.5872519529621083 1.2260445198332028 
0.0673 1 0.13322987962525343 0.14629189330949852 
0.0073 1 0.08074259820410898 0.05202037912216826 
0.1054 1 0.11144822217897751 0.0607195753632844 
0.0963 1 0.0684597036501623 0.06436225148609191 
0.2273 2 0.24163876456034114 0.11405160620846398 
0.1706 1 0.25415495816074024 0.1963666156432258 
0.1428 1 0.17961769202969005 0.26219362085101083 
0.1348 1 0.2884827221928769 0.22079452029213928 
0.0000 1 0.08805571154541196 0.12293739438359723 
0.0280 1 0.03735553640432597 0.08594357012311415 
0.1958 1 0.14297428484056568 0.1812626709503025 
0.0027 1 0.1459214367129082 0.11352629917995445 
0.3928 2 0.1742666036529427 0.1400172075287983 
0.0268 1 0.059261627422089715 0.06096352082223694 
0.2210 2 0.15473242334102486 0.10791133794760421 
0.1813 1 0.24495009869061196 0.17519358634744334 
0.0243 1 0.08669005587834677 0.1932118691431623 
0.1533 1 0.25870540157349026 0.16533424755026788 
0.0456 1 0.06376403213699945 0.1469037898691708 
0.0090 1 0.08394651246837789 0.17741147144956812 
0.0865 1 0.28861471741124767 0.5773169825560991 
0.0206 1 0.001819132078618585 0.0019173384013936056 
0.3638 2 0.005607183564538288 0.00594929188016138 
0.0716 1 0.16664146117705872 0.14322653919007486 
0.0000 1 0.006790581301604259 0.010382981433209476 
0.0460 1 0.054016735703761254 0.06313411339482838 
0.2676 2 0.12419604681548924 0.2385995356163856 
0.1332 1 0.09810024742153259 0.10319512135061969 
0.0287 1 0.2213470851519274 0.13490066745964613 
0.1160 1 0.20125234216452167 0.1826242085054009 
0.1927 1 0.26363348252759133 0.17855107184923572 
0.0093 1 0.03978393706040961 0.04705867779438186 
0.0495 1 0.1869668343943729 0.1309396164237499 
0.5553 3 0.23924205610074778 0.41805276390844903 
0.0631 1 0.014276722915682499 0.01772477122303774 
0.0592 1 0.14206610880987455 0.20180546717312725 
0.2461 2 0.2844285674571182 0.49777042244846387 
0.1846 1 0.1538010063662398 0.18378130927386696 
0.0553 1 0.22496477718162025 0.34390096921239516 
0.0509 1 0.09387595563092496 0.1719068922968868 
0.3624 2 0.3209296377637539 0.3611558588113724 
0.1754 1 0.2147646715409634 0.3228717113821879 
0.0659 1 0.041893970142614666 0.04156840429418494 
0.0616 1 0.06652425565038503 0.07917467477535738 
0.1282 1 0.06871446442967946 0.14926405875238127 
0.2333 2 0.26411008868254987 0.30617419458732553 
0.1844 1 0.2382332434461095 0.45429600177704427 
0.0015 1 0.0175501376108537 0.03377932087903838 
0.1907 1 0.05905846376247535 0.10519313669308662 
0.2052 2 0.2664707681187626 0.15654750562741035 
0.3876 2 0.38873392455033234 0.2626844193848892 
0.0034 1 0.07842411477576716 0.3774038394892994 
0.1339 1 0.10282527591671065 0.14920589461639486 
0.4757 3 0.27004253426371244 0.40543806893810547 
0.0299 1 0.0284413555364044 0.048103514795348065 
0.3191 2 0.2565545578382585 0.4137663729985229 
0.0250 1 0.1046098245809139 0.11457934181436363 
0.1756 1 0.12038940459612654 0.09333198087759337 
0.2433 2 0.09951438658919665 0.10226490751587317 
0.4435 3 0.4597655889466516 0.9295882453837231 
0.4210 3 0.394149175724889 0.7234085392238707 
0.2973 2 0.1455975091045567 0.33598480546917053 
0.0006 1 0.05237519112618526 0.09347510623365698 
0.1196 1 0.1335942842845624 0.19644055747834593 
0.1029 1 0.14027032887603963 0.1111689748968818 
0.1244 1 0.10874081899307723 0.10462780983206116 
0.0451 1 0.11023624586472355 0.12619337632038877 
0.0287 1 0.07792588474048544 0.18616375973370716 
0.0248 1 0.025518556615050036 0.0036889545116561466 
0.0142 1 0.11114227328810278 0.2993357418607093 
0.1578 1 0.09030819271079472 0.12649557027189703 
0.3340 2 0.3787219704762179 0.530789414534013 
0.0145 1 0.11237296711239675 0.11562581570431836 
0.0477 1 0.040983236496066354 0.01901798302466573 
0.7263 3 0.45222384698785173 0.7272626883434907 
0.0321 1 0.1601835923382716 0.08857018194133472 
0.0431 1 0.08880509299157666 0.14811124551590632 
0.3949 2 0.1253429707264187 0.2316657850990259 
0.0001 1 0.052464040477051596 0.054173084822996924 
0.0003 1 0.19849467626699252 0.09683873434581601 
0.3769 2 0.05137738733980144 0.02348033375063751 
0.0000 1 0.10826453978715529 0.2778126151069262 
0.2595 2 0.0961574601762534 0.0932562588682964 
0.1526 1 0.15046098245809178 0.0601814023665684 
0.7786 3 0.4209929109560475 0.37235373403053607 
0.0077 1 0.3375792721914876 0.18939873416053832 
0.2467 2 0.15969275249506537 0.171657537933717 
0.0036 1 0.2238397514245493 0.4282699960858273 
0.0645 1 0.033694031302992956 0.005470335212771818 
0.2027 2 0.14901781991048357 0.1670288338303969 
0.0081 1 0.1253882294070218 0.07836098598036183 
0.2524 2 0.16166233910650235 0.19544246620053118 
0.1591 1 0.203187011759473 0.21471759842710667 
0.1381 1 0.08325851380278557 0.10481154136480188 
0.3310 2 0.2819952739706986 0.3436953156923121 
0.2498 2 0.13472274888104313 0.15256845578107894 
0.1221 1 0.10073959578549445 0.1369645912342711 
0.1965 1 0.062047093491979635 0.1097449327224397 
0.1246 1 0.1754699063134189 0.07203852268065561 
0.4872 3 0.18321970476216926 0.1914123522982856 
0.0174 1 0.013337410691946255 0.0032209482810449655 
0.2684 2 0.24130382808373385 0.2525281564250697 
0.1493 1 0.021286035973422313 0.01849093113945071 
0.4277 3 0.12755486364015495 0.11732519486272076 
0.2520 2 0.1711318562175081 0.4044100505601106 
0.0333 1 0.2085665675127184 0.25685723993915777 
0.5962 3 0.040119207139084116 0.0065179645179896705 
0.0048 1 0.07957525802523421 0.2996695115784293 
0.2190 2 0.06302287954185266 0.022067851797027742 
0.1824 1 0.08422406938923024 0.10708964666250397 
0.7007 3 0.14134764115537515 0.20441532187174957 
0.0938 1 0.0034159739790391662 0.0010089445843993962 
0.0011 1 0.3313256790192104 0.14152303602440852 
0.2418 2 0.19969364210058133 0.32279145705345363 
0.8263 3 0.14876817436268103 0.20312466727531925 
0.4360 3 0.11861121458953088 0.16367876232940198 
0.3253 2 0.31084406883322646 0.5110087101135904 
0.3030 2 0.3555924494731871 0.33913860273946583 
0.0091 1 0.22418868335693354 0.42338188397352633 
0.1150 1 0.017675460787856857 0.0015318346161870956 
0.2210 2 0.07078296785038449 0.07921017767372163 
0.2669 2 0.21009079536293154 0.2106929277456163 
0.0928 1 0.10651446998971355 0.16992695930950732 
0.3159 2 0.2024073837257792 0.21782302314904312 
0.2673 2 0.08964051377948397 0.19018010513169104 
0.5751 3 0.2680011120068976 0.27622432301567307 
0.3170 2 0.10565355425203622 0.1096712585592074 
0.0807 1 0.07785527230268799 0.15888778104654463 
0.1693 1 0.0013719941063640606 0.0016984023576460787 
0.5259 3 0.16139934947596699 0.2369873122397837 
0.0954 1 0.11429495982875038 0.056920721839000175 
0.0217 1 0.007873120013345614 3.896091517873655E-4 
0.0019 1 0.12334769675571929 0.10041275101752849 
0.2600 2 0.1441313280142337 0.30747983252657246 
0.2214 2 0.0687234716855254 0.08139293411218662 
0.0956 1 0.11906418590879704 0.11551132526338218 
0.2827 2 0.2547667843540629 0.3256507327568694 
0.2027 2 0.11536215284534787 0.1378140184886728 
0.0999 1 0.22958460982458112 0.14031300090746546 
0.1697 1 0.0985418253593178 0.06633725204868587 
0.3998 2 0.15027016207500474 0.1880894660743378 
0.0000 1 0.09218303633482454 0.12602084002278624 
0.6073 3 0.11104400767284786 0.19070133250953594 
0.4995 3 0.3769914653470853 0.6131913947902132 
0.6630 3 0.11472519529621081 0.0474770991851605 
0.0089 1 0.03376838928369226 0.04962428248474199 
0.0018 1 0.10324550332212076 0.0829877158884635 
0.1905 1 0.15236173584276252 0.1763719233318611 
0.1216 1 0.11817130466208856 0.07798239524423181 
0.1406 1 0.03332918184092666 0.0074858814004757045 
0.0029 1 0.12744232854243814 0.10073886276444691 
0.3560 2 0.23749420366406238 0.06116203961869057 
0.1150 1 0.06954001834811459 0.11030068614879278 
0.0000 1 0.033968585805230836 0.03852712531266661 
0.0963 1 0.21587986038284562 0.35053302095268546 
0.2845 2 0.39544355175002127 0.43648277510240346 
0.6794 3 0.2889969141808679 0.4874357966081821 
0.1437 1 0.10363737455172288 0.12096752474236817 
0.4685 3 0.08018424927085976 0.3242520324154235 
0.0420 1 0.09314392149231296 0.0902731402293704 
0.5010 3 0.2023024102749437 0.213820897622021 
0.1105 1 0.12385933112785268 0.15449681024844453 
0.0614 1 0.10007850768674782 0.09810931177187134 
0.0000 1 4.035473019934177E-4 5.806306709529793E-4 
0.1339 1 0.10478630007506058 0.09435146686591933 
0.0956 1 0.08720878342538105 0.15023550742836497 
0.0957 1 0.0033694920908502236 0.0015759843431805798 
0.0409 1 0.08570181535125529 0.06533885502543502 
0.1509 1 0.06117227766812091 0.05473567762932262 
0.0029 1 0.07415395735453577 0.1286807394685924 
0.1073 1 0.032330822051096685 0.0040064794411103525 
0.2057 2 0.45271009083482117 0.856275238037265 
0.2626 2 0.07265274804703784 0.03756406424255436 
0.0599 1 0.3514195324011024 0.38446299747760365 
0.1934 1 0.13367779600233543 0.16238927155886562 
0.1319 1 0.18559506268938863 0.12158911774590131 
0.1055 1 0.010320313585944563 0.0018414127484451897 
0.3746 2 0.146544160573796 0.20311244425564026 
0.1576 1 0.028035917822690347 0.039929032252456795 
0.2693 2 0.1379042006060433 0.16265377098800515 
