0.1850 1 0.08122020945163648 0.03481292274174544 
0.6341 3 0.2554901351718348 0.11215518869304836 
0.2116 2 0.2544363732188152 0.0735210186994941 
0.0850 1 0.12663944777678043 0.037164722209487314 
0.0133 1 0.2958106581833093 0.15911414237470126 
0.0320 1 0.06249448492842143 0.03292034964269296 
0.1696 1 0.1295635820178465 0.04193021646085636 
0.5807 3 0.21468124173362318 0.10570604330793248 
0.0557 1 0.10041663143620169 0.0316187088141558 
0.1820 1 0.09462411005916468 0.03429103633440406 
0.3402 2 0.07532319587184486 0.03093535541069095 
0.9805 3 0.1803464869197571 0.12511310997548108 
0.7749 3 0.39123594001410505 0.2524090439440422 
0.1823 1 0.09337443693317317 0.04939336949871763 
0.0844 1 0.14708424765092082 0.056438255755742295 
0.6396 3 0.1985741099123976 0.17242423262608014 
0.5871 3 0.1745334673110029 0.07832417206627858 
0.0242 1 0.061766751720819725 0.029362062346483576 
0.2510 2 0.07507252370335324 0.02644532072692669 
0.0942 1 0.16611512589923177 0.04794940493153807 
0.2036 2 0.06967551919667817 0.03151200722944488 
0.0097 1 0.04856949467886086 0.02245699872217499 
0.3755 2 0.12919191317822648 0.08152343005135404 
0.6068 3 0.14795608948317077 0.05051471301527386 
0.1563 1 0.08709931846092406 0.036612747378857724 
0.7266 3 0.21478822058687594 0.11799287772814761 
0.1752 1 0.12843482143958526 0.0564367399327057 
0.7436 3 0.18239510435578116 0.10074760272100514 
0.3565 2 0.06066699388340572 0.027343581113580546 
0.0992 1 0.0753208589550599 0.025743339328534454 
0.0047 1 0.036904138000067324 0.01795491574145645 
0.0604 1 0.063654362709463 0.028978727126522143 
0.4911 3 0.2222567692949177 0.08279486064177458 
0.7926 3 0.2218830265407082 0.08931047121279513 
0.4635 3 0.12424928800827217 0.05121925582240745 
0.1342 1 0.05753676532798271 0.029182074784169863 
0.4111 3 0.18588948024407537 0.06729243612924755 
0.5250 3 0.1952277597052588 0.09290673875260601 
0.3082 2 0.16802723519195714 0.07638175006805678 
0.1451 1 0.07706442668671323 0.030999035030320674 
0.2164 2 0.18766741449304686 0.06403873391092968 
0.4506 3 0.11117349627568518 0.05320389593303638 
0.2596 2 0.07013781195596237 0.0267925637898999 
0.0450 1 0.0743257121828452 0.03177823369886613 
0.0918 1 0.06094588489623924 0.023513651896156833 
0.0225 1 0.04097944053202475 0.020515905222943293 
0.0181 1 0.13356132253174263 0.05684972904483887 
0.5215 3 0.08734503443575584 0.045800177465291754 
0.2714 2 0.21161535663883768 0.10638466599179376 
0.1345 1 0.07179780351095938 0.04307827826285487 
0.5806 3 0.16573403705252185 0.0694031758795731 
0.2302 2 0.12857777739318213 0.10023461117756499 
0.3848 2 0.14673691658712268 0.05856766602175406 
0.0998 1 0.04887439703735576 0.034529311530660654 
0.2814 2 0.21548531879852958 0.09484095855979956 
0.0543 1 0.3436943380020478 0.22844439028658817 
0.2040 2 0.09104301441153018 0.035832861223243015 
0.1966 1 0.13970891020685022 0.05501611268036807 
0.0333 1 0.060710899700009535 0.029338192508823916 
0.1603 1 0.0971334242319821 0.03838440515718475 
0.6521 3 0.20718018769820615 0.12003028891243088 
0.3217 2 0.07442702348158559 0.03332457650078595 
0.0833 1 0.07257528739623717 0.02890172093347304 
0.3852 2 0.23811798551087837 0.13252202780369315 
0.8930 3 0.21261513506661434 0.11103469157891134 
0.4014 3 0.22809340796355176 0.1073809519407552 
0.2332 2 0.11499656665392777 0.05724247534661797 
0.7436 3 0.3292344002826634 0.1828147692643932 
0.3911 2 0.303030827097096 0.26241432218662075 
0.3358 2 0.1192989682341894 0.048749811271986854 
0.0540 1 0.07662457679344727 0.032635539180919416 
0.3147 2 0.10432450177879407 0.04672938119575577 
0.2080 2 0.20338866893664354 0.062312029594225424 
0.3506 2 0.08220470395479383 0.04037494862902705 
0.3772 2 0.12901242964725354 0.062478476838475495 
0.0325 1 0.06935784501162032 0.03744876835066688 
0.3927 2 0.15471664403734559 0.07296836372237059 
0.0097 1 0.07874195517226312 0.027152210730617687 
0.0838 1 0.10088365651224063 0.04820203850794297 
0.2667 2 0.10572609386067389 0.04685645881599341 
0.0490 1 0.09231732063646292 0.03961705627453779 
0.5989 3 0.20390487277476801 0.07078942620935605 
0.0144 1 0.09436610200526194 0.046619533323551246 
0.2417 2 0.1078760780052955 0.048373046023925274 
0.2977 2 0.13421915719320743 0.05550613463207039 
0.0273 1 0.06599560775142353 0.0310635026164796 
0.3096 2 0.11907929532970049 0.059391314207620935 
0.1979 1 0.09398933780002174 0.04355862189845522 
0.0014 1 0.046217153888803764 0.0215794820422337 
0.1727 1 0.11895546079462786 0.062329645584169896 
0.3477 2 0.05509672740529178 0.023312551685118945 
0.4035 3 0.09094662662136554 0.03496842304330288 
0.0774 1 0.06547908711076095 0.032018153702493356 
0.0140 1 0.06998257460583544 0.025583799177235845 
0.2435 2 0.04332999311403146 0.0182306618837177 
0.3572 2 0.1745137551141603 0.08887416469684892 
0.0634 1 0.04376223109985006 0.02707554207006137 
0.4110 3 0.18773813122974453 0.06661071545258143 
0.2663 2 0.18479140877662462 0.07363192947439451 
0.4986 3 0.19087129977716408 0.07939265109390538 
0.2683 2 0.05719864728897556 0.02789827800459506 
0.3996 2 0.12526470451715435 0.04521321217543178 
0.8147 3 0.3096031293741956 0.1517014614895509 
0.2381 2 0.07210536943367701 0.01640262711391482 
0.1755 1 0.1692163825094471 0.11249852302999386 
0.3216 2 0.1582712445437596 0.08312302168792673 
0.4365 3 0.12916223070246224 0.08850885015889823 
0.2339 2 0.14128127879660038 0.08274695065445446 
0.1608 1 0.11114074217510472 0.043558326824816924 
0.8986 3 0.18613589501547914 0.08213230236065454 
0.3726 2 0.12289114648588732 0.07399746551030235 
0.2540 2 0.040458841477374684 0.02313118197497555 
0.3560 2 0.1011358151519793 0.04302412474373547 
0.3132 2 0.10043734772899866 0.035302457781039 
0.3928 2 0.19318859388272458 0.07431907815548516 
0.3335 2 0.09012592418296815 0.039963954498780666 
0.3995 2 0.062404363366504526 0.038050222240789265 
0.5379 3 0.26742085042951064 0.08304961528637284 
0.2057 2 0.12840010684989062 0.058584764673072 
0.3275 2 0.14692385074816974 0.046014965389128915 
0.0122 1 0.0925821213036545 0.03408634754197859 
0.3889 2 0.06556136798594658 0.03125261991302062 
0.6224 3 0.21484759479243537 0.12553936381656025 
0.2805 2 0.05875266799710595 0.02804579908594362 
0.4955 3 0.10192509379536947 0.04020132919652652 
0.2379 2 0.1036517202527929 0.06464373573658982 
0.2463 2 0.22127076483712926 0.11623414205081159 
0.1917 1 0.07887894009779087 0.034905627959538346 
0.2751 2 0.2124938712212064 0.14815389771026954 
0.6110 3 0.1896917410205497 0.11569478349187419 
0.4919 3 0.1056054441780411 0.03936683823561032 
0.0070 1 0.043885862487967234 0.019595443731865232 
0.1637 1 0.08167499162865105 0.04831876832714259 
0.2762 2 0.04047667574970437 0.019730254953033478 
0.0607 1 0.05352252702839426 0.026745912834458582 
0.1172 1 0.12324650082528651 0.04973889840412494 
0.0383 1 0.09217124439234324 0.03917098523981869 
0.2323 2 0.05516848141909029 0.02007034733795008 
0.0203 1 0.07591244846232857 0.040679128288731506 
0.1003 1 0.042202087060200476 0.0253183912797853 
0.5808 3 0.21787353038377658 0.12658872269560845 
0.0088 1 0.08677334626677297 0.06056970106867788 
0.0840 1 0.09861529645724978 0.035190998687752606 
0.9077 3 0.20979922496777723 0.16614931600254113 
0.0568 1 0.14088188130144902 0.0526093412486295 
0.3414 2 0.08471314834245958 0.04182711326867201 
0.0836 1 0.12487950342046791 0.04518758698222396 
0.0334 1 0.04552254101222221 0.025225373870261806 
0.1511 1 0.1123606913588016 0.04134460612671234 
0.5557 3 0.12418512891394347 0.03972364796008863 
0.4205 3 0.11932825919808657 0.04934646607280448 
0.2615 2 0.10620235997933909 0.04012508751252983 
0.3406 2 0.13731407540547905 0.06313436018128965 
0.8483 3 0.35786426302960406 0.17434682292116938 
0.0229 1 0.04338994168950663 0.0223658172501117 
0.6142 3 0.13076560299084508 0.0682545936791916 
0.6260 3 0.22921505467522324 0.0910340955241282 
0.0299 1 0.06185690010199467 0.03228262153456424 
0.3786 2 0.13463635987295167 0.054857661596632815 
0.3169 2 0.04936075756571691 0.02425058899738499 
0.3594 2 0.254085805092931 0.052167171409203544 
0.5817 3 0.18036384224066063 0.07120210186328003 
0.4473 3 0.11806201715685868 0.06459428146681387 
0.7308 3 0.5115555706273065 0.31818667229324155 
0.4914 3 0.16501464966397777 0.06720868130424357 
0.5467 3 0.08743413446015211 0.04329751821144187 
0.2702 2 0.07868936835395628 0.03576075629182853 
0.1568 1 0.2025826210371827 0.052328003536945784 
0.6426 3 0.17454062772212872 0.08560475142384412 
0.6885 3 0.0955716503408384 0.05645610867442681 
0.3795 2 0.21249255545376539 0.10521522848799345 
0.0843 1 0.031781558543493224 0.017738380420590467 
0.5575 3 0.26820695069059564 0.1410663293400013 
0.3297 2 0.30823207581510326 0.10088469401939967 
0.0412 1 0.1688517313410373 0.10226409504158612 
0.5757 3 0.1290356418406366 0.05920318334532157 
0.0075 1 0.04442187685937329 0.02047709963345512 
0.4621 3 0.1192752908341381 0.04344215512990379 
0.3262 2 0.12039290293601171 0.04585018424565498 
0.7208 3 0.11664752931871672 0.05906814186276497 
0.2104 2 0.047180213245049396 0.015577610786901286 
0.0176 1 0.11814773541776243 0.05027125395013972 
0.6246 3 0.1671187769316472 0.08506879765580927 
0.8617 3 0.3424046985853503 0.24965879158528045 
0.6702 3 0.13740032171470234 0.08190139426859824 
0.2918 2 0.06836922835641739 0.050312129028825016 
0.3897 2 0.16716253178441934 0.06801454667113016 
0.1136 1 0.0897448979366883 0.035676329937764255 
0.2375 2 0.046938749874785524 0.024191771753459254 
0.3621 2 0.11347827448906786 0.043138568258294166 
0.6367 3 0.18644375182561124 0.06672319648476331 
0.1878 1 0.13128175897420344 0.04025328560077675 
0.5465 3 0.09652708755046868 0.044959984395664114 
0.1375 1 0.1256309554856915 0.06428821552330441 
0.6659 3 0.15511579752170457 0.08303468347834335 
0.2504 2 0.110136340235933 0.05368172922464589 
0.3791 2 0.1523420871696745 0.0772561798532107 
0.6371 3 0.06335651535444017 0.04213373022335738 
0.6673 3 0.17887522246992535 0.10174253222606944 
0.5102 3 0.17266939742897341 0.09110904360609019 
0.0074 1 0.05108978361598241 0.028708397589431035 
0.3556 2 0.1648169280368604 0.10661084933189927 
0.5931 3 0.19298300155353082 0.054744719933687715 
0.5977 3 0.07292684042559619 0.05012099207637737 
0.2649 2 0.08562085456446164 0.04218216784547712 
0.5090 3 0.10401385027736006 0.06052214314342809 
0.5608 3 0.11225580245721148 0.0483924071435734 
0.0853 1 0.14327285838434572 0.06762925146567496 
0.2851 2 0.09489463006004469 0.038262340359682435 
0.5858 3 0.12020641253106598 0.0656511789004834 
0.5767 3 0.21498581179193801 0.12117855388708336 
0.7524 3 0.24538869312307798 0.08502361795974601 
0.8169 3 0.1562971356964971 0.09848417023844543 
0.8313 3 0.153315423951552 0.08284611314197492 
0.1498 1 0.1040695434333658 0.03979791625746489 
0.0138 1 0.07860812533221981 0.03971246987630877 
0.2878 2 0.11919175839482307 0.055477565904341934 
0.3538 2 0.06081064987928554 0.03036166458039058 
0.1885 1 0.06560691444626415 0.025450276351005455 
0.3791 2 0.10664013486015562 0.05911008014746226 
0.4648 3 0.06756563443204637 0.04223955408512681 
0.1684 1 0.10489372475268573 0.05511291093196032 
0.1707 1 0.09166097833214454 0.030028151595723692 
0.2113 2 0.12114167155115693 0.0637349062510621 
0.2910 2 0.22122578063890427 0.0712737459117572 
0.8829 3 0.16757942623124017 0.11609586447592447 
0.5891 3 0.10273761783479288 0.051442772344279915 
0.9583 3 0.15996015866660218 0.11679820352148466 
0.2559 2 0.08116831775495612 0.035810245238390576 
0.5477 3 0.1292578809211273 0.05585315114330039 
0.3743 2 0.06737269365925172 0.030810735201999798 
0.2939 2 0.1029313473618447 0.045067572526291136 
0.0161 1 0.08786832982125584 0.04507622632022103 
0.4115 3 0.10054749913564553 0.052353590568346334 
0.4836 3 0.12604385683100214 0.06630655704211229 
0.2377 2 0.06247363249344161 0.028997952962094113 
0.1061 1 0.06364745445401128 0.038443030653506634 
0.0185 1 0.042383714278482296 0.01935524572799338 
0.0788 1 0.05958629568524013 0.02618633104050813 
0.2616 2 0.11071496305058828 0.052979647988889086 
0.3199 2 0.1956398917212349 0.07535125545758398 
0.1434 1 0.0596626348595247 0.032350740439406785 
0.4454 3 0.25239712685033666 0.15470262060770784 
0.4070 3 0.08918936423751878 0.047331799292760934 
0.2285 2 0.1440402890526213 0.07629850711950467 
0.2210 2 0.11493808439824982 0.06390814486239108 
0.2941 2 0.08371989624617492 0.0351023601307489 
0.3796 2 0.06145189447835654 0.02906433693563587 
0.1598 1 0.07460799371212427 0.03411110002515877 
