0.0875 1 0.22726539819819785 0.15390412500476425 
0.6407 3 0.45858206846846866 0.5614064016823991 
0.1044 1 0.5467871999999999 0.2915636015457309 
0.0862 1 0.2583463207207205 0.1076537067863681 
0.0265 1 0.25189070990991014 0.27081706125871724 
0.1144 1 0.1739221765765768 0.22450410026465212 
0.2718 2 0.2912823351351351 0.2585567918821915 
0.7167 3 0.3538222270270272 0.36923657036336804 
0.0047 1 0.25606805045045034 0.16576672048220714 
0.3309 2 0.3045890018018019 0.4150708928916836 
0.1551 1 0.1606490234234234 0.19007092955241253 
0.5778 3 0.2518751279279279 0.22760680067250255 
0.8866 3 0.5842119927927927 0.7444102686444326 
0.0909 1 0.19189416936936962 0.2635094871018567 
0.0458 1 0.21934333693693714 0.11389953141743421 
0.6401 3 0.2744715243243242 0.6694734952837156 
0.6734 3 0.3995882666666665 0.5927072873518655 
0.0340 1 0.17722136216216203 0.4486196820987321 
0.2332 2 0.2705527063063061 0.2446520234760266 
0.0869 1 0.33394692612612603 0.1947651381324105 
0.3178 2 0.1895218738738737 0.22644109862688613 
0.0285 1 0.16572717837837847 0.29331693293285205 
0.2340 2 0.2603238630630632 0.3065927775651927 
0.6215 3 0.264140338738739 0.19050477602942592 
0.2174 2 0.2332288864864865 0.19871001678101075 
0.6772 3 0.32274521081081053 0.5355663235679273 
0.1085 1 0.23158632072072077 0.28193951564053416 
0.4288 3 0.4096148468468469 0.22165142682776065 
0.4149 3 0.2893365765765766 0.3929618076666028 
0.1585 1 0.2270454198198199 0.14206314325284872 
0.4634 3 0.17840266666666674 0.18622213464611223 
0.1383 1 0.18222239999999995 0.1839871112538434 
0.4155 3 0.47756005765765785 0.40220190815389834 
0.6760 3 0.30960332972972976 0.3656977045274649 
0.3764 2 0.38045238198198206 0.26053629949535817 
0.1903 1 0.27910864144144143 0.37700617878696346 
0.3965 2 0.45067225945945905 0.27164025575535106 
0.7245 3 0.40048441081081065 0.576996416236868 
0.2833 2 0.4874050882882881 0.3031182563557373 
0.3306 2 0.2706764252252253 0.4280777079686694 
0.4299 3 0.2775016792792793 0.2595821957970564 
0.1483 1 0.11323746306306333 0.2141033806674319 
0.0856 1 0.1599507891891891 0.20539231475398015 
0.1301 1 0.23711352792792795 0.41761491107126963 
0.0949 1 0.22998954954954934 0.1413165375202229 
0.0569 1 0.19221801801801774 0.14212012496801465 
0.0359 1 0.2599378594594597 0.16068395295594334 
0.1393 1 0.2743582846846847 0.5206805951287907 
0.1536 1 0.2723605621621622 0.44141571254672424 
0.4670 3 0.3281700756756756 0.7045845875196965 
0.5787 3 0.3973061765765765 0.48384985811198744 
0.3829 2 0.23947648288288303 0.5020116581599934 
0.3406 2 0.35396211891891893 0.6796738358834202 
0.1138 1 0.16281685045045025 0.3282718650581156 
0.4213 3 0.39675409009009 0.5531505969314467 
0.0731 1 0.7187108756756755 0.9938330063388986 
0.4908 3 0.28140774054054085 0.3731020072578082 
0.2388 2 0.36049798918918924 0.254065151921362 
0.0631 1 0.23119901981981966 0.22519615256321285 
0.3976 2 0.2950382702702706 0.19848834099276597 
0.6038 3 0.5244432864864867 0.8017740161960689 
0.3333 2 0.2630085621621618 0.2580545015035573 
0.0633 1 0.21710352432432445 0.1870302629298081 
0.5810 3 0.5565636756756754 0.7418979078578584 
0.8618 3 0.5503687063063063 1.0393566905760712 
0.4246 3 0.31052652972972966 0.5254692532611225 
0.0960 1 0.1730381981981982 0.2538170429016001 
0.7367 3 0.6427145225225225 0.8243449835116158 
0.4023 3 0.5291713441441442 0.823472939011422 
0.2924 2 0.1937807279279277 0.11580210983111072 
0.0485 1 0.24080877837837833 0.17175553209511737 
0.5307 3 0.32879524324324294 0.25107554455646125 
0.3188 2 0.2755774846846848 0.3313533870905178 
0.3724 2 0.2964691603603596 0.146746821963181 
0.2853 2 0.34089284324324304 0.2633116424609513 
0.1628 1 0.2114608576576576 0.28311755453452925 
0.3371 2 0.41453627387387393 0.31141932862186467 
0.1072 1 0.21323795315315325 0.14215876621375842 
0.3126 2 0.1761521297297298 0.3532434861607064 
0.1613 1 0.3701631567567564 0.3279813639418235 
0.0476 1 0.27601696576576595 0.21208308134389103 
0.4978 3 0.45782120360360395 0.35290445084330135 
0.0398 1 0.35834430270270307 0.20221035002518015 
0.2564 2 0.3475396468468464 0.2646932280623315 
0.4209 3 0.3386209873873875 0.3054888085778262 
0.0458 1 0.28858178018018027 0.23568968959258635 
0.1785 1 0.2325014342342345 0.09966242657809626 
0.1928 1 0.2614513873873875 0.22597539369123593 
0.0055 1 0.15181539459459464 0.26410566200079233 
0.3159 2 0.33070486486486506 0.30621668514400124 
0.3316 2 0.1540630918918917 0.20655653248506808 
0.3836 2 0.2694206558558557 0.16782990685019264 
0.2138 2 0.4161782342342345 0.5670083461086769 
0.0921 1 0.29836174414414407 0.21207949868620019 
0.1494 1 0.14078508108108115 0.15833987670235114 
0.5495 3 0.6230643171171172 0.9191875272196206 
0.4475 3 0.36535449369369377 0.46995918400054987 
0.1974 1 0.23997190630630638 0.25973593517087507 
0.1622 1 0.28645277117117146 0.373172505106636 
0.3640 2 0.40167391711711725 0.3369544311236435 
0.0413 1 0.16591623783783774 0.3276293447916964 
0.2659 2 0.3054489945945947 0.2136221746089545 
0.8774 3 0.6216594738738737 0.9780398695563367 
0.2101 2 0.18539022702702712 0.05107485393747401 
0.2815 2 0.3172740180180179 0.6307036079963877 
0.3785 2 0.5542721297297296 0.4079937166060189 
0.2463 2 0.29774179459459504 0.2507264432861617 
0.2522 2 0.4628968648648648 0.5095414495053621 
0.2218 2 0.33197088288288285 0.16769221306895954 
0.8384 3 0.35890154954954956 0.6210768362901774 
0.4208 3 0.3770348108108106 0.7033248800960414 
0.4562 3 0.2614757477477475 0.2807775627992641 
0.2913 2 0.2526365117117114 0.17359397706249552 
0.2880 2 0.31605205045045076 0.17403567662072641 
0.4058 3 0.42140988828828807 0.3701290940047547 
0.3787 2 0.4244208720720722 0.31839461166111543 
0.3815 2 0.21351396036036002 0.19057267845440615 
0.4987 3 0.4160822054054054 0.42548786899509494 
0.1154 1 0.3143424864864867 0.25702062927912883 
0.5373 3 0.3251156036036033 0.20853777480050872 
0.0640 1 0.22771701621621646 0.10073145337740957 
0.4814 3 0.29350131891891884 0.36451695394316597 
0.5609 3 0.3661150270270265 0.2489269368385614 
0.2567 2 0.17581075315315312 0.12940931398244296 
0.6302 3 0.30542545585585584 0.2716717802850233 
0.1984 1 0.32165561081081095 0.4974852235875711 
0.3182 2 0.5271120864864867 0.7345309671977082 
0.2954 2 0.2741003675675679 0.20622767535259 
0.2354 2 0.633006255855856 0.616207951540703 
0.6706 3 0.6045373117117115 0.7017404914407638 
0.4522 3 0.27218355315315346 0.16934681894194203 
0.1376 1 0.21001885405405413 0.25045876835690545 
0.0087 1 0.2950128288288286 0.4575435978977493 
0.4585 3 0.17937532252252208 0.09826743182169168 
0.2603 2 0.21319398918918875 0.20067135584495044 
0.2453 2 0.3471635027027022 0.3538862254098514 
0.0165 1 0.25397305945945936 0.14961343839099853 
0.3230 2 0.1879734918918918 0.18127894636205372 
0.0116 1 0.2391133837837839 0.20829717195181696 
0.1678 1 0.2465736360360359 0.2327732534759401 
0.6862 3 0.68782781981982 0.7170422381966152 
0.0956 1 0.1624377657657658 0.2532383153479813 
0.1538 1 0.24934363963963949 0.21793496063550707 
0.8206 3 0.5036992144144143 0.840659725986836 
0.2027 2 0.3126633513513516 0.3679563835736064 
0.2495 2 0.19873889729729738 0.3603707164217856 
0.7567 3 0.3457981117117117 0.43379226813832394 
0.0399 1 0.20757558198198214 0.3396932033990317 
0.1255 1 0.33779107747747755 0.2822849279986884 
0.5519 3 0.34725156036036076 0.16274621778246623 
0.7193 3 0.434977672072072 0.51514160308114 
0.2879 2 0.2670177441441442 0.1327691783997201 
0.4427 3 0.37454881441441434 0.23790248352117183 
0.8423 3 0.6816550486486488 0.7458054500470608 
0.1098 1 0.23877555315315346 0.20284056192376512 
0.6259 3 0.4166091819819818 0.4412466859672483 
0.5081 3 0.525744288288288 0.4158880572189889 
0.0999 1 0.21885137297297313 0.15814432628152483 
0.2932 2 0.31774427387387394 0.35681215897621427 
0.1576 1 0.239023654054054 0.13015542167483632 
0.2804 2 0.3358075243243244 0.15687432979263802 
0.6182 3 0.4448490378378379 0.36445176437312143 
0.3347 2 0.2360405909909907 0.1773296518014956 
0.7847 3 0.5661562954954957 0.9343410652993573 
0.2424 2 0.279539473873874 0.23197930954880547 
0.6560 3 0.2405719207207207 0.2105421240234341 
0.3981 2 0.198477318918919 0.19438747444337806 
0.2786 2 0.39650072792792823 0.15125477061695852 
0.3655 2 0.3076327927927931 0.17622663830398347 
0.4801 3 0.33928501621621654 0.2827707227019609 
0.5751 3 0.4702777369369371 0.3743687731730168 
0.5259 3 0.19996923963963972 0.3734043761053662 
0.5351 3 0.37637948828828843 0.3565121065318359 
0.3642 2 0.4238489657657655 0.46845768813439237 
0.2014 2 0.24507829909909917 0.37133246346903154 
0.4084 3 0.15649148828828838 0.3470536596454166 
0.0330 1 0.18078071351351357 0.260827927696045 
0.3993 2 0.23738278918918881 0.14633357016084808 
0.4200 3 0.312627906306307 0.1397012511175355 
0.7183 3 0.27259429189189177 0.24532078775809024 
0.1744 1 0.17539703063063058 0.04310524700753108 
0.5828 3 0.27365448648648655 0.3770850691702586 
0.6813 3 0.3829321513513511 0.339717637761754 
0.8330 3 0.5558383135135136 1.1954633344198546 
0.7143 3 0.481861390990991 0.5803233120584483 
0.5150 3 0.23460554954954965 0.17592823400304566 
0.4088 3 0.41302764684684734 0.3737556419559037 
0.1240 1 0.23612246486486485 0.1916738945164309 
0.3067 2 0.2819968864864865 0.5023985963710942 
0.4040 3 0.3341341117117116 0.28161014018277875 
0.5153 3 0.44475687207207165 0.15433790548132298 
0.2255 2 0.26542454774774804 0.1300698094910545 
0.4429 3 0.3928399711711709 0.2561624728560104 
0.3090 2 0.33189587027027023 0.26492109903697514 
0.6736 3 0.3820821621621623 0.47373151843516703 
0.2751 2 0.3880885621621619 0.32855850128440756 
0.4725 3 0.4094462558558557 0.43263984208578926 
0.7091 3 0.3137843603603603 0.40970028018816584 
0.6669 3 0.590069261261261 0.5949491036028289 
0.1959 1 0.2846887495495495 0.26029431119644936 
0.2814 2 0.24144468468468494 0.2222342059487318 
0.5175 3 0.29449339099099114 0.375839601483036 
0.6228 3 0.4912065153153152 0.3267045045492459 
0.4229 3 0.24420562162162146 0.28449452119138563 
0.8156 3 0.4687109621621621 0.6257237002531608 
0.6671 3 0.4900022774774775 0.6262014749431689 
0.5457 3 0.41502190990990984 0.4509390354999411 
0.3437 2 0.3501876324324321 0.2584024492539484 
0.4494 3 0.29056050450450466 0.21126180794141122 
0.7282 3 0.4706114882882882 0.4003933013028494 
0.6723 3 0.533546162162162 0.6779315707143884 
0.4355 3 0.37014121801801797 0.500993633264577 
0.8071 3 0.5535804540540543 0.8396824212372435 
0.8700 3 0.4321240504504503 0.3518001235390068 
0.2063 2 0.37270888648648615 0.26046091992246206 
0.0234 1 0.18050414414414404 0.12013417216476009 
0.2615 2 0.3063194378378379 0.5397579729025695 
0.3449 2 0.25146387027027006 0.22082621220144033 
0.1784 1 0.21215012612612597 0.08110504765961979 
0.2171 2 0.2441402954954955 0.20274455523171037 
0.4261 3 0.2462635387387384 0.25716859692618765 
0.2121 2 0.3236369729729732 0.18320824054167223 
0.6382 3 0.23558312072072085 0.2116840393070636 
0.1942 1 0.3972364252252255 0.3162328672310266 
0.4014 3 0.4207084108108113 0.32655756736724006 
0.9390 3 0.5417199135135131 0.7889742429970941 
0.4151 3 0.4052360792792797 0.2748762197232851 
0.8417 3 0.5430685261261263 0.8100048555799553 
0.2485 2 0.2770081873873874 0.23487957207651533 
0.6680 3 0.3926554090090093 0.29131511114309266 
0.3339 2 0.3119469549549548 0.26226980147753653 
0.4349 3 0.2797351927927926 0.15223496442887716 
0.0349 1 0.17783681441441454 0.19761031146365213 
0.2471 2 0.32307374414414425 0.2557788200091754 
0.5162 3 0.2725960792792792 0.24402444406997054 
0.3353 2 0.17253809009009044 0.10107451600808465 
0.1160 1 0.18572475675675693 0.4016360436409497 
0.1662 1 0.2218002450450452 0.26508884343002925 
0.0137 1 0.21183371531531536 0.167214276590704 
0.4175 3 0.3962514450450451 0.40255429568752593 
0.3988 2 0.46988178738738756 0.27036920610242826 
0.2290 2 0.20268769729729721 0.13901422347185222 
0.5694 3 0.5271372252252253 0.46376472676357494 
0.3016 2 0.3839932684684687 0.2736802451222315 
0.3530 2 0.5079967567567568 0.606505182850669 
0.2078 2 0.26485940180180156 0.16458778365629512 
0.5263 3 0.3088313945945947 0.42379550715078984 
0.5711 3 0.3080007063063065 0.3759939128256032 
0.5443 3 0.2574634810810812 0.15102926956339044 
