0.2459 2 0.0370666386431544 0.1759013948289584 0.13349624070810429 0.22202468477196707 0.1064840167360564 0.0721772367601392 1.2670826944017854 
0.5099 3 0.03740696320691332 0.2250261313588397 0.5184616485941071 0.6217183262020844 0.13121654728287652 0.14331398460030065 1.9961972633833998 
0.2006 2 0.013909664405964814 0.0921921310949664 0.3110034221352518 0.4079394265271068 0.05305089775046561 0.04309566055728358 1.1027101229433023 
0.0745 1 0.014283368336069939 0.07917166759359476 0.10782731589742095 0.15064340141483398 0.04672751796483235 0.0251295827377909 1.0742011087730718 
0.0370 1 0.01602838884557655 0.07264295468906362 0.17853944840561622 0.24703412502018918 0.04433567176732009 0.03125304542986143 1.11995322670894 
0.0322 1 0.004698398900183632 0.022423448021495082 0.08409040990471241 0.10762340266862012 0.013560923460839357 0.005889468394338294 1.0164456950773237 
0.5857 3 0.009011256790510801 0.033379716690531844 0.25367022204288414 0.35611198790142307 0.021195486740521324 0.019071452622347752 1.0734213078150707 
0.0393 1 0.004939978187911891 0.022573309776625514 0.12455009972117709 0.14938598203157422 0.013756643982268703 0.006724767100591041 1.0217834604055782 
0.1712 1 0.004336231327327114 0.02330736395515776 0.09958632925347946 0.1373966952027027 0.013821797641242436 0.007456442861218559 1.021967056590175 
0.1154 1 0.011222319260845043 0.05845403844060668 0.1769944997443642 0.2314977699759185 0.03483817885072586 0.02164751278661336 1.084363186535959 
0.8142 3 0.01972605875336705 0.11669272395886239 0.8609997613923818 1.0199864410499715 0.06820939135611472 0.11651403928967256 1.7392035229053755 
0.0862 1 0.013449371858390064 0.06616348339159853 0.16684926083965637 0.23686683296752378 0.0398064276249943 0.027152263133710636 1.0997881763757813 
0.4816 3 0.005311700404904917 0.02425187354541562 0.18942011524703817 0.25815024443014173 0.014781786975160268 0.01023951547407219 1.0422438005042163 
0.6624 3 0.016465705930167607 0.062447670779615605 0.27878448966182234 0.37826613777056706 0.039456688354891606 0.034164192340840206 1.1614596515520448 
0.0140 1 0.01278124747247119 0.06367960844706977 0.15480922775679 0.20094966391726687 0.03823042795977048 0.021745506271790904 1.0791854778923882 
0.2888 2 0.011733968930323609 0.059966721394230885 0.10887989031195949 0.14157672009366348 0.035850345162277246 0.017074967576053316 1.0525832119379568 
0.1591 1 0.005549907593885463 0.02843383433562268 0.09301980673521575 0.1260304853338697 0.01699187096475407 0.008007941335505064 1.0241184117789124 
0.0097 1 0.007562940514572952 0.030962907188610583 0.06645709065854777 0.08635119869920195 0.019262923851591767 0.0073061795086644355 1.0169480449360744 
0.3904 2 0.02087584204227041 0.07846300773387672 0.31644580198528977 0.4508506829212808 0.04966942488807357 0.045913360804556914 1.192629518575244 
0.6948 3 0.024264821570873542 0.11117032794101238 0.18542387054138487 0.22752747194425874 0.06771757475594296 0.036540731603245204 1.1123855254276087 
0.6983 3 0.02707094633038019 0.11932443627521414 0.5334028248770705 0.6291567075033091 0.07319769130279716 0.08533352224324604 1.6026051881319243 
0.1352 1 0.023183388530822656 0.1148073065987725 0.30486679151672286 0.40145765468262834 0.06899534756479758 0.05983446956883222 1.2410222121073424 
0.4430 3 0.01255061853682131 0.07205486984041404 0.1691382024129552 0.2657210638406414 0.04230274418861767 0.0295053768384406 1.084323080070452 
0.1897 1 0.011123747596922244 0.06634013773962219 0.12307629773718569 0.16941981739424922 0.03873194266827222 0.021398888436964175 1.0752694204278546 
0.0120 1 0.006773280229116551 0.039934648286898536 0.11962115767672087 0.15282063316398534 0.023353964258007544 0.012627579462971151 1.046476599413981 
0.0634 1 0.009063077567907224 0.046902510088742654 0.12893253435297122 0.16575382170820263 0.02798279382832494 0.014945618096023992 1.0513012995201814 
0.4720 3 0.039204187679471335 0.18789553595364566 0.3194810718740653 0.4180211733333156 0.1135498618165585 0.09997841764806835 1.4684868778228242 
0.5286 3 0.07427413916222203 0.3236347357823459 0.5729947069571701 0.7330892771319503 0.19895443747228397 0.2745055040341079 3.5278971770164578 
0.1344 1 0.009378498098423779 0.04910341910230149 0.16145790813894279 0.2179455293953069 0.029240958600362632 0.018460750264048177 1.06482170287334 
0.4194 3 0.02766155036845544 0.16623709011275326 0.2453087151615554 0.3057702300202411 0.09694932024060435 0.07301074348106878 1.232326345261708 
0.5532 3 0.05241640276962723 0.18437804437093094 0.33190108253685646 0.46317012834536564 0.11839722357027908 0.1301539232420642 1.5792894956210144 
0.3405 2 0.01790855346650997 0.09000019836108585 0.2656226216118167 0.34684026382307154 0.05395437591379791 0.042159903035860265 1.1889073177710996 
0.3684 2 0.009371998999161885 0.044647924464665235 0.19945512472489615 0.26354652618581864 0.02700996173191356 0.01873385207555498 1.0752143989117111 
0.3487 2 0.03144791813847974 0.12319082509243515 0.27526280139511766 0.3882263670594374 0.07731937161545745 0.06652906115561491 1.3136125140113886 
0.2405 2 0.010347951408162904 0.05513414361424589 0.11750662483327923 0.16539234506182765 0.032741047511204394 0.019380603798183377 1.0628134249991907 
0.0615 1 0.01127796432858152 0.05196345597088655 0.20937208138772234 0.24782873474897857 0.031620710149734034 0.020906205460917444 1.0965957721344424 
0.0162 1 0.00795350430897647 0.0415777595427158 0.14217594768508904 0.18327818111393657 0.024765631925846136 0.014083862459684458 1.0521005532847683 
0.0193 1 0.016960130904210922 0.08727424449486398 0.16199065148518152 0.20349282183754694 0.05211718769953745 0.03149885936476469 1.1308741937295201 
0.0011 1 0.026865975347444584 0.13002744877635544 0.24941159983603914 0.3273875543419725 0.07844671206190001 0.05942446194498542 1.2707391648153423 
0.2713 2 0.036865254570981665 0.0892236558659932 0.3927137038112666 0.5953294189735651 0.06304445521848744 0.08170048964365455 1.2521753443528532 
0.6352 3 0.016777036283527984 0.09400457726791152 0.28167289262746814 0.3480443828893984 0.05539080677571975 0.04212711014703356 1.1476055656610331 
0.0013 1 0.01263650432987073 0.06251527050446427 0.07368916798697239 0.10024808665294009 0.037575887417167504 0.016797534818361715 1.0434119250716196 
0.4788 3 0.03257975207794351 0.18384618062949276 0.35212068515027656 0.45017019880581766 0.10821296635371813 0.09739190726795002 1.4433374282293452 
0.3182 2 0.007255130739738492 0.039260640129933334 0.12863365992590275 0.16419140928091794 0.023257885434835913 0.012476431610784643 1.044786889719993 
0.0680 1 0.03349868355322238 0.150408583967115 0.8543085531584537 1.0570750872357624 0.0919536337601687 0.1556585391814245 1.872249202345167 
0.2055 2 0.02042885922659631 0.0987967974182556 0.20832760049406696 0.2611459409756974 0.059612828322425954 0.03992978160189733 1.1806493734284114 
0.2472 2 0.02065642986634236 0.12317772030805249 0.18582777944562628 0.25564081927992066 0.07191707508719743 0.04667191739533149 1.151986299654559 
0.0863 1 0.008455975899177652 0.041473003915186914 0.15152000636325502 0.1890901931353937 0.024964489907182284 0.01419134451235302 1.0552817270490846 
0.6302 3 0.056078331496769336 0.3017731343854614 0.8700433677986719 1.040355560945839 0.17892573294111536 0.32746237343733653 5.175936040668524 
0.3753 2 0.009897467939505291 0.05368757129377322 0.15056146625766756 0.19333441508213522 0.03179251961663925 0.017767393413282737 1.0623634904168102 
0.2275 2 0.0064564769677137816 0.037349598685211545 0.09943534251150156 0.1418447760814761 0.021903037826462662 0.010615135430643761 1.0293254615637037 
0.4300 3 0.05990633405566348 0.30242480742379846 0.8140444161726312 0.9771874945636564 0.18116557073973097 0.2890432284588231 3.729545426374492 
0.3861 2 0.019662600265019693 0.08681164060594751 0.3986515402390713 0.5439722211695998 0.0532371204354836 0.0560062284342375 1.2209399839497455 
0.0864 1 0.009400585449529748 0.05467879608115038 0.1327314922341405 0.18227134792585928 0.032039690765340065 0.01887293161229821 1.069089649509041 
0.7715 3 0.03239320873667224 0.18018545467398978 0.7077208589630029 0.8603328747608447 0.106289331705331 0.15780890429195704 1.9018871309351726 
0.4794 3 0.030591149684559504 0.11000941401011162 0.5581059984857875 0.7348735850598415 0.07030028184733556 0.1030469513339724 1.524745922234163 
0.0301 1 0.03721025496377429 0.18375290109001863 0.1371055013517175 0.1729877668399681 0.11048157802689645 0.05721754402418917 1.2022795127440216 
0.0051 1 0.01328008955927643 0.05932006167729411 0.21991215861404498 0.26432577222990467 0.03630007561828527 0.02372638010631842 1.09944928268807 
0.4014 3 0.028113710525061026 0.12980735767776452 0.5545318462451384 0.704368237987291 0.07896053410141278 0.10376352720698905 1.5465730217967326 
0.2840 2 0.02151918753349351 0.09352235522906194 0.2124394454514042 0.29879628694111426 0.05752077138127772 0.047241979646781125 1.1651887869379445 
0.0036 1 0.008982306373883836 0.04293033200829564 0.10674465357814071 0.13712517764510396 0.025956319191089736 0.012321379104703557 1.0367026361430314 
0.4406 3 0.008439078125168418 0.0509608550555944 0.23440487008188626 0.29508096490436947 0.02969996659038141 0.020602749966625363 1.061030298569013 
0.0102 1 0.010757067286258052 0.05022630089527112 0.10915181364918225 0.13570092454098825 0.03049168409076459 0.013654858410940279 1.0388409981581506 
0.0387 1 0.021073072921149585 0.09098276294574818 0.2346170898400029 0.30379510626472594 0.056027917933448884 0.04145663466282054 1.1951581836858254 
0.0440 1 0.018898758282301868 0.10746642702305756 0.1274702798790005 0.17683108381964996 0.06318259265267971 0.0351628329401723 1.1169480083664325 
0.4953 3 0.05877802994047878 0.2990726464872863 0.3448240408587608 0.42082093299502915 0.17892533821388254 0.1592430178084175 1.9510539077840363 
0.0636 1 0.018330253536331956 0.09418035323751768 0.20793000960084754 0.2855226028027524 0.05625530338692482 0.040434639621297855 1.1618095187203934 
0.2330 2 0.018761297856959243 0.09247708174641414 0.2520914581779621 0.3194555521483725 0.05561918980168669 0.0412131198872473 1.1763927608230487 
0.0235 1 0.011478925861271803 0.0554176262659717 0.14073710525165456 0.17400838379536684 0.03344827606362175 0.017266379302205162 1.0560952843203961 
0.4620 3 0.061439108869069586 0.23740963460676817 0.2511552087611585 0.3180566673159424 0.1494243717379189 0.11424785035181272 1.7087721118822956 
0.1492 1 0.02344141990097219 0.12680490087134913 0.1725543951903614 0.22487733161305373 0.07512316038616065 0.046718092117897306 1.180332782996858 
0.0002 1 0.007146668719773129 0.036666177103966524 0.11504910885264151 0.15050500389114033 0.021906422911869828 0.012004352002037083 1.0382638723406314 
0.0626 1 0.005073953412429099 0.02719529987736674 0.08613587473367926 0.11398086541029165 0.01613462664489792 0.00774211537568698 1.0222094683432765 
0.4362 3 0.01850451722369007 0.08762247994279654 0.1625557201531529 0.19648552994874105 0.0530634985832433 0.025511595428632457 1.0617201393317874 
0.0183 1 0.01565751865404581 0.07896802799283195 0.17714049935940257 0.2193765793421093 0.04731277332343888 0.028819838629282928 1.1100356998636516 
0.0114 1 0.00904748356164058 0.0432428689785197 0.07173337142319054 0.09658164573543998 0.026145176270080138 0.010847046497191815 1.0277310026862483 
0.5109 3 0.041574966712670226 0.20947371463935002 0.5076638401008011 0.6204479734766175 0.12552434067601012 0.14441229058368202 1.997708427699954 
0.2821 2 0.008529252840133663 0.04007012321507771 0.113541946365162 0.14249323939100764 0.02429968802760569 0.011844852812484392 1.0382865150840868 
0.3879 2 0.02751742194631187 0.1436205906223993 0.19782736970267567 0.24496188156206644 0.08556900628435558 0.05293536311292947 1.2006609741547354 
0.3438 2 0.017484835625298026 0.09053645225996904 0.2753151006493669 0.3493835831092611 0.05401064394263353 0.04168127846981532 1.1940165494377013 
0.2384 2 0.01817901336532815 0.07826910734703303 0.11999610473538534 0.14523628931629695 0.04822406035618059 0.02185078153741465 1.0684028658179936 
0.3280 2 0.027687766403378365 0.15199393251427887 0.2300548002599945 0.30993496875695714 0.08984084945882861 0.06699260234454417 1.257443836872336 
0.8674 3 0.030585540346683295 0.1382863760322341 0.6059525110861245 0.7487291015628229 0.08443595818945869 0.11232966311444419 1.6058819253873178 
0.1902 1 0.019763177680730652 0.0898079659605154 0.07160318148660835 0.09403627562220288 0.05478557182062303 0.01871238332915611 1.0357891453876038 
0.2915 2 0.026795924695185998 0.11819169946140613 0.20940926892177097 0.29154779553755017 0.07249381207829607 0.05350828987864476 1.2220073611980906 
0.4106 3 0.02381305054539206 0.11308481941696594 0.37943605678737125 0.46904592178830595 0.068448934981179 0.07092513162902678 1.4157034820211334 
0.2967 2 0.03322937529148972 0.16191731359891 0.3063624507628844 0.37688028946329244 0.09757334444519987 0.07873222004994386 1.378426849438889 
0.1961 1 0.0459923158852426 0.24141533689945288 0.3161641273555585 0.38165037015891623 0.14370382639234774 0.11319048765155876 1.4797656141281408 
0.3749 2 0.023589533050324688 0.08299774924054752 0.35642660139337834 0.516271661118816 0.0532936411454361 0.06101234348805123 1.2819255586056442 
0.1917 1 0.007136203686524188 0.042484668161676356 0.1285592179403121 0.17604758911710888 0.02481043592410027 0.015140641018397523 1.0557308032566481 
0.5576 3 0.030625888516416764 0.11891999242759174 0.253004176360771 0.3041878730648085 0.07477294047200425 0.05527257852584767 1.3436350470977831 
0.1893 1 0.01031298115730946 0.05182379302944536 0.12309797810785279 0.159785295709023 0.031068387093377413 0.014763233129608762 1.042944961302037 
0.2875 2 0.011729710430185706 0.07134513892137506 0.3332157833848592 0.4087189350163171 0.041537424675780386 0.035559482086399134 1.1452373011899846 
0.3381 2 0.0062546875144357285 0.034198239560187846 0.15048188371399412 0.20667361116046565 0.020226463537311785 0.012636147163108732 1.046409606707532 
0.4697 3 0.026592311571823755 0.13766117281434892 0.6222463994994214 0.8059437971691789 0.08212674219308634 0.11738305046726352 1.3314579264195991 
0.3356 2 0.039093850468270006 0.08662716243620718 0.20916870574456362 0.3467660657098012 0.06286050645223859 0.05593766432600592 1.183225360318129 
0.0054 1 0.013037751914155927 0.05564864816046762 0.06583279982187235 0.08660331673132204 0.034343200037311776 0.013231074667940195 1.0319337621647586 
0.4913 3 0.011158155152594525 0.055798960601051883 0.1760238215180202 0.2307409616900992 0.0334785578768232 0.022715705811204658 1.086808023203088 
0.6291 3 0.02374786185882514 0.11131983100906521 0.21438844146326042 0.28608583110562424 0.06753384643394518 0.04855666634706079 1.2286896385926123 
0.2665 2 0.01427462153719983 0.06740295697842777 0.22213628570031468 0.28826028724131697 0.0408387892578138 0.029405995253918238 1.1291008748340288 
0.1097 1 0.006951050901356323 0.03943401388974631 0.14072092105709796 0.18266631076983206 0.023192532395551316 0.012712022251337402 1.0411077110121185 
0.1759 1 0.027456787511654 0.1460117260568843 0.8629748405291489 1.0313962025654713 0.08673425678426916 0.14660185448159913 1.9700725747738894 
0.1906 1 0.011453678298803302 0.06301119759639273 0.18918483004002534 0.24502840302827214 0.037232437947598014 0.023376301022800885 1.0770055794881905 
0.1639 1 0.03707071120489589 0.16390203592283908 0.7675741267201646 0.9785567179467052 0.10048637356386748 0.16878562137428932 2.111254226627067 
0.5480 3 0.010491539107845827 0.05446069924138155 0.22839715686462583 0.27581204761493083 0.03247611917461369 0.020068312117958363 1.060536517585717 
0.0027 1 0.009184980081311949 0.04790942629417237 0.10463301511723368 0.13914393284877608 0.028547203187742162 0.013465586077371505 1.0367024922678298 
0.0094 1 0.01632538281798357 0.06058303120029919 0.25688921753052535 0.3582657707006035 0.03845420700914138 0.03528404767031304 1.1234346409072935 
0.3864 2 0.007849809173783997 0.03147877346140547 0.05845459303461422 0.07944349732926893 0.019664291317594736 0.007000342501011177 1.0152975747139206 
0.1396 1 0.01158091336450828 0.06379392885800067 0.18786998769865118 0.23823864290491473 0.03768742111125448 0.0240011678661433 1.081547762145879 
0.0519 1 0.009553947976824219 0.05445342101099019 0.11335176367225096 0.1598647474656342 0.032003684493907204 0.017308608051479532 1.0573391024033187 
0.2124 2 0.00811189589616815 0.05485912862235583 0.08947865355066387 0.14564667232131712 0.03148551225926199 0.017427186324832637 1.0480825978334771 
0.1503 1 0.04121259438036912 0.1834375852084566 0.21208417043325278 0.29901923234392536 0.11232508979441286 0.08352638540656017 1.3614415678351435 
0.5973 3 0.05026289745664736 0.18771477751680404 0.3791254404896965 0.5064580537519894 0.1189888374867257 0.12346455059562958 1.8813940917562058 
0.0002 1 0.010102908573095494 0.04815038712090776 0.13658866095971464 0.19712322248977596 0.029126647847001627 0.018362056944125727 1.06795540889575 
0.1035 1 0.01623140331309636 0.08279310208330125 0.22517832793526574 0.27447672689994984 0.049512252698198804 0.033429940514460375 1.137708186212959 
0.7628 3 0.07370525322979751 0.3022181046509885 0.8124814652016057 1.0965876268901558 0.187961678940393 0.3592745316244957 3.737761105946306 
0.4088 3 0.009601096077458791 0.050884832924242875 0.15729056731759272 0.20015373123894337 0.030242964500850834 0.017365187952513583 1.0651195907098852 
0.7131 3 0.14481210008354892 0.7618873740094327 0.6514390254706524 0.7481754478463082 0.45334973704649084 0.5826167264046201 6.141838700377423 
0.0397 1 0.006478185589476685 0.028386827435774087 0.08490741631354014 0.10589572959703418 0.017432506512625387 0.007529025981004027 1.0211153740385837 
0.1369 1 0.0340086435046185 0.17216206846256932 0.19577644298251007 0.2514171438344637 0.1030853559835939 0.06883443731331104 1.2938562817313215 
0.3919 2 0.0119252487683159 0.059344607383784796 0.1697633159222022 0.21184804821932265 0.03563492807605035 0.021909875229721164 1.088245175921484 
0.4194 3 0.010471939552045562 0.04868101692266623 0.08219262271923848 0.10951620004672834 0.029576478237355895 0.012230729200367042 1.0305454823649856 
0.4507 3 0.016732749236269672 0.08272622566511639 0.22910778514468988 0.28051326245754926 0.049729487450693034 0.03459955671888808 1.1438319986986434 
0.8191 3 0.023681278831446453 0.10513703059519526 0.5385896451154342 0.7124878185752009 0.06440915471332086 0.08583491198778702 1.4350749370740474 
0.6272 3 0.014309497181516759 0.06908267009619537 0.2864778740422318 0.3644340788111808 0.04169608363885607 0.03415008924834378 1.152795222497519 
0.5343 3 0.061084574003208165 0.32883633057612405 0.26729677919840633 0.35059960764666775 0.1949604522896661 0.1526817365917819 1.6690702800182096 
0.0965 1 0.007144646223261929 0.038127716444531445 0.11569842074249505 0.1474554842233311 0.022636181333896686 0.011882154693556067 1.0418394798662787 
0.2483 2 0.014567939409111703 0.07527742716292475 0.19943493059438847 0.2734742555720081 0.04492268328601823 0.031172877724233893 1.1190484449672986 
0.3120 2 0.0539649227700961 0.2776942434910465 0.13373311893007783 0.16956436942645892 0.1658295831305713 0.0802082804388744 1.2227722788245394 
0.6696 3 0.02188251173814313 0.11693508909374799 0.3431833484921813 0.42434242688481627 0.06940880041594556 0.059056050960085545 1.2328238196729902 
0.4868 3 0.01535061755259642 0.07165288006693346 0.2511954763876152 0.3258439801843949 0.04350174880976494 0.034038253174904325 1.1492129642895297 
0.8495 3 0.039140679252950714 0.19264015435888737 0.9442440989675842 1.103733768069898 0.11589041680591905 0.21472594669122572 3.3052109050358025 
0.6053 3 0.018184995657557615 0.09056209516513435 0.1627917141860165 0.21405046173162967 0.05437354541134598 0.03453578274264341 1.150292630806078 
0.3629 2 0.0062422930142292145 0.0405881519310851 0.06824200496825261 0.10326466912065754 0.023415222472657156 0.011682152654428356 1.0319897068432056 
0.1295 1 0.015982787057340367 0.07967214006108529 0.20693637834072323 0.24184957467626983 0.04782746355921283 0.02527600573039999 1.0541172579760312 
0.5857 3 0.02428366703460155 0.10625813417494534 0.297213969151148 0.3878569807456123 0.06527090060477345 0.05516185979075241 1.278406085137452 
0.4237 3 0.022360255787243054 0.11051602445869138 0.2814739023643389 0.3591774256002073 0.06643814012296721 0.054655551414807206 1.229846605912525 
0.0909 1 0.006606003987669852 0.03670478571842335 0.08817266120510875 0.12797652288058645 0.021655394853046604 0.010621550204353979 1.0300647275265995 
0.5028 3 0.027558912543221823 0.11458430612899846 0.4094474641083212 0.5406547677760496 0.07107160933611015 0.07488307595530846 1.3613655635780177 
0.3233 2 0.04851732656555836 0.2659886323330917 0.6073660473201735 0.7279815889762842 0.15725297944932504 0.19448028577335513 2.5096066985097947 
0.3587 2 0.01711414107988328 0.07091270350258043 0.380547152718708 0.5153574975677986 0.044013422291231855 0.04668934016693313 1.168227475527615 
0.0481 1 0.020290498314047754 0.11549783239848521 0.11472531086014436 0.1617047864865006 0.06789416535626648 0.037514924582636104 1.1267494415521968 
0.4467 3 0.012736411866886652 0.06306484931158589 0.1270725524361654 0.1659607590905096 0.03790063058923627 0.017321709769226937 1.0435106149461422 
0.2202 2 0.010327108618161798 0.05299078441209608 0.1379002802111609 0.17204792821362527 0.03165894651512894 0.01450207075708869 1.0336035339260985 
0.0965 1 0.015045427746235405 0.04392064377340885 0.02593539143322826 0.03399040047568145 0.02948303575982213 0.007085131352054002 1.0085168847388453 
0.0286 1 0.017890189302968436 0.076691130583562 0.20585853022459583 0.2433798106880344 0.047290659943265215 0.027754139295987332 1.1049242699524062 
0.6085 3 0.049390225370640126 0.2285912150191482 0.33616837140039063 0.425007483407419 0.13899072019489417 0.12899094496131813 1.7190613236579926 
0.8540 3 0.08217061148595495 0.4674811940172006 3.0680914535857653 3.299648307975758 0.2748259027515778 1.3249212737501006 543.308431836199 
0.0072 1 0.013474689932507375 0.0669432587162663 0.21722741990610928 0.2776982712465937 0.04020897432438684 0.02776759024755246 1.1205867736863446 
0.3101 2 0.009638608745252112 0.05589788388805957 0.2581227174955307 0.31832568160953223 0.03276824631665584 0.023548293600996997 1.0749355309065038 
0.1704 1 0.019682358029100726 0.0776091417082552 0.21641651928144007 0.2963058677985813 0.048645749868677965 0.03662057809028776 1.1594392832713012 
0.0794 1 0.006966552941528606 0.03722256296395969 0.08718122760495449 0.11736801984815544 0.022094557952744148 0.010790186761645082 1.0308781032496297 
0.7249 3 0.028100418157618684 0.17380859602588167 0.19866509268923402 0.26160728609819406 0.10095450709175018 0.0640697920376629 1.1867797259271218 
0.2009 2 0.017230818842958986 0.09464046460073199 0.2165006277084021 0.2701316913302008 0.05593564172184549 0.03596125401836737 1.1254406586230523 
0.3707 2 0.018537947073056726 0.08351980302751047 0.21233899137737713 0.24734450670765773 0.0510288750502836 0.03103527733916372 1.116774394834038 
0.0930 1 0.021390981562209654 0.11101782468371017 0.2527311185666699 0.3293556682908829 0.06620440312295992 0.05091459608412136 1.201547762963765 
0.2813 2 0.01961392561722539 0.10430360857658956 0.22647539709142997 0.27566762392784994 0.06195876709690747 0.039765253723692474 1.1424049362712554 
0.5601 3 0.019662793869082932 0.07764538834909221 0.31581327390543323 0.3960425165979194 0.04865409110908757 0.04242861436910129 1.2476985310696977 
0.5015 3 0.024235255973222614 0.09726108811734578 0.3749486370504883 0.4841043489672867 0.060748172045284196 0.06092097199627704 1.3751463531323682 
0.6522 3 0.016775227688252153 0.07708566512917388 0.4092051397033045 0.49946288810224887 0.046930446408713015 0.04694975644454988 1.2263906928189368 
0.1662 1 0.009251511351484236 0.04586355791945921 0.15205276592166092 0.18301466518129383 0.027557534635471722 0.015349620747610843 1.0585139706041358 
0.4600 3 0.030097022399224658 0.16838085849843384 0.5693078520776105 0.7188175366584015 0.09923894044882925 0.11368853434888103 2.2153891416047267 
0.6758 3 0.05740623172180743 0.26458563593407103 0.25726852666993416 0.3080962603752107 0.16099593382793922 0.10400787133576367 1.3410585074389907 
0.6531 3 0.009967844437046703 0.044127326739989016 0.17660595198891996 0.21457620098294264 0.02704758558851786 0.016261639214877995 1.068850561565374 
0.6701 3 0.016528750661622623 0.07448925377260582 0.25511197081428805 0.3029696367910754 0.04550900221711422 0.03244190803133316 1.1584446945053233 
0.5146 3 0.020645765448634223 0.06064940373383605 0.21281416119677277 0.3264530003610332 0.04064758459123514 0.03407508262302291 1.1460492879999378 
0.1817 1 0.01094942050613434 0.059756213518399215 0.1712388735313381 0.2165305554918037 0.03535281701226678 0.02086596413840023 1.0654550636767615 
0.3514 2 0.009298835792757216 0.04766377840425273 0.11055044179800225 0.15091192053846716 0.028481307098504972 0.013912421515736528 1.0402484907009188 
0.6379 3 0.03144192315691303 0.14005652094220886 0.3005173061322236 0.3662737407287956 0.08574922204956094 0.06940283200167102 1.3714714115095268 
0.7757 3 0.02304120642017306 0.14326998842062194 0.7014361470766849 0.8209812358681816 0.0831555974203975 0.11261567652669062 1.5135034964138228 
0.7660 3 0.03506784365571009 0.1599786229944183 0.5473253183521148 0.64047253184917 0.0975232333250642 0.1167369741365155 1.943710850219702 
0.8423 3 0.013585583012605242 0.06446454700604501 0.210575382598257 0.2878037501515996 0.03902506500932512 0.028836804079553552 1.1313671494979256 
0.0160 1 0.013577642272924831 0.06500056492502516 0.15107434014165882 0.1808117845624085 0.039289103598975 0.022768629306373057 1.0913400818549996 
0.2161 2 0.016916256535469867 0.07692615506342805 0.23564638786462044 0.3274263707564871 0.04692120579944896 0.03632949570950359 1.1400261024606144 
0.2881 2 0.01353249073083931 0.06310221390722794 0.17928725925055627 0.24510217136076892 0.038317352319033625 0.02692202722053084 1.106029299807398 
0.1720 1 0.01022790768972912 0.03955287969378725 0.07682489324120693 0.09859451411832576 0.024890393691758186 0.009316871193219927 1.0225929669243476 
0.3304 2 0.01354915002355562 0.062355864646905915 0.26240082212490656 0.3088336852979222 0.03795250733523077 0.026549699471066245 1.1255283142021357 
0.2065 2 0.013754759861328443 0.0628539852853641 0.22448072381765136 0.27168248346088136 0.03830437257334627 0.025292063742457623 1.1066631082156297 
0.2883 2 0.009197916217360018 0.04679217791760403 0.14244025577930533 0.178311318377339 0.027995047067482026 0.01275504332759079 1.0268249934292994 
0.1506 1 0.01875736901195288 0.09628232366711001 0.3086172843647615 0.36600554047490125 0.057519846339531444 0.04453346938951698 1.1919801919652562 
0.7993 3 0.03261644685863845 0.1120990528008918 0.20840319442049976 0.3205046929931184 0.07235774982976513 0.054810507740919695 1.2249886025344356 
0.5176 3 0.0193754617047165 0.10118258672186142 0.18667977873510483 0.2536448676239817 0.06027902421328896 0.04067798255992452 1.1714260215842929 
0.6718 3 0.02378349576958476 0.11601743249275756 0.5485154316356626 0.7292639879396811 0.06990046413117115 0.0978772709252392 1.6131746002743126 
0.4868 3 0.014811754951185321 0.0723136045454331 0.18904072772175967 0.25472937813857677 0.04356267974830921 0.029949501560284003 1.1239290835067415 
0.2620 2 0.012369859474842702 0.06125428568635714 0.18573573766068438 0.23801228811154015 0.036812072580599924 0.024335477059656836 1.104466506450395 
0.2590 2 0.010252042795831086 0.057031542703115855 0.08469984482570335 0.1194846709359787 0.03364179274947347 0.015296702244087879 1.0413376192534092 
0.0185 1 0.0062799458382952434 0.035900340513732636 0.11444611680968216 0.15694808337790497 0.021090143176013938 0.011179412016417508 1.036440810894938 
0.4536 3 0.04870204159703455 0.2505130568338723 0.4073226259993757 0.5015775074399915 0.14960754921545344 0.14940228746447445 1.8718536978477756 
0.1135 1 0.007994133599321053 0.033250515635052914 0.05736841093915771 0.07747920894392059 0.020622324617186983 0.007686156822848329 1.0174683576071175 
0.0001 1 0.008892425801894381 0.06011675475706187 0.10955258883128449 0.16931689424496643 0.03450459027947813 0.02201233250533805 1.0782236989149065 
0.0055 1 0.007192445521499996 0.037893009751223616 0.11552350653318609 0.1568640646231627 0.022542727636361806 0.010981573638493709 1.0323421783923006 
0.0274 1 0.00875983116876714 0.036121596498391216 0.08135777576178878 0.10088539792684562 0.02244071383357918 0.009270887266771532 1.0249952877804216 
0.3689 2 0.013314565440568825 0.07110844099943957 0.2831203506354772 0.3851955695149992 0.04221150322000419 0.035903398039274066 1.1229692693010649 
0.1168 1 0.00878865720275219 0.04549574714586764 0.13928874579562542 0.17495761352202036 0.027142202174309914 0.014732199482377336 1.053870100409732 
0.5707 3 0.038104730657314206 0.1867868914271224 0.5755373730349753 0.7773886294497142 0.1124458110422183 0.1596528888537795 1.530536445030391 
0.4328 3 0.017003401132107875 0.08766039139337455 0.1826158450637458 0.23059119647985063 0.05233189626274121 0.03381167132029792 1.1449417013197385 
0.2366 2 0.018288002649085425 0.07412901428731788 0.2879749441831283 0.37917291837981876 0.04620850846820165 0.038569196142839456 1.1838290414683224 
0.0522 1 0.011651338398736801 0.05679881072260791 0.23160118853370332 0.28051720410159064 0.03422507456067236 0.021385050260945393 1.0702150323120008 
0.5819 3 0.02051320593875638 0.09004542044738438 0.3217671434266088 0.38093863457992855 0.05527931319307038 0.04564731511105536 1.2353994305030103 
0.1139 1 0.008997196832324205 0.0488097056519365 0.136683156979633 0.17315200443695408 0.028903451242130354 0.01571213952896177 1.0558361635072873 
