0.2459 2 0.0370666386431544 0.1759013948289584 
0.5099 3 0.03740696320691332 0.2250261313588397 
0.2006 2 0.013909664405964814 0.0921921310949664 
0.0028 1 0.1357722620393001 0.5092516975257604 
0.0370 1 0.01602838884557655 0.07264295468906362 
0.0322 1 0.004698398900183632 0.022423448021495082 
0.5857 3 0.009011256790510801 0.033379716690531844 
0.2466 2 0.010083218281445004 0.055041155628731464 
0.1712 1 0.004336231327327114 0.02330736395515776 
0.1154 1 0.011222319260845043 0.05845403844060668 
0.8142 3 0.01972605875336705 0.11669272395886239 
0.0583 1 0.012767190232400194 0.07735759911832862 
0.4816 3 0.005311700404904917 0.02425187354541562 
0.6624 3 0.016465705930167607 0.062447670779615605 
0.0140 1 0.01278124747247119 0.06367960844706977 
0.0188 1 0.04842048439778503 0.2333822751737217 
0.1591 1 0.005549907593885463 0.02843383433562268 
0.0097 1 0.007562940514572952 0.030962907188610583 
0.3904 2 0.02087584204227041 0.07846300773387672 
0.2097 2 0.01563560749166079 0.07233028609838177 
0.6983 3 0.02707094633038019 0.11932443627521414 
0.1352 1 0.023183388530822656 0.1148073065987725 
0.4430 3 0.01255061853682131 0.07205486984041404 
0.1893 1 0.013077690220719843 0.06615239453106363 
0.0120 1 0.006773280229116551 0.039934648286898536 
0.0634 1 0.009063077567907224 0.046902510088742654 
0.4720 3 0.039204187679471335 0.18789553595364566 
0.5184 3 0.017205368121439482 0.07807340700369196 
0.1344 1 0.009378498098423779 0.04910341910230149 
0.4194 3 0.02766155036845544 0.16623709011275326 
0.5532 3 0.05241640276962723 0.18437804437093094 
0.0051 1 0.007211439142033896 0.04191103260255612 
0.3684 2 0.009371998999161885 0.044647924464665235 
0.3487 2 0.03144791813847974 0.12319082509243515 
0.2405 2 0.010347951408162904 0.05513414361424589 
0.0848 1 0.011036101209294989 0.055436406534064085 
0.0162 1 0.00795350430897647 0.0415777595427158 
0.0193 1 0.016960130904210922 0.08727424449486398 
0.0011 1 0.026865975347444584 0.13002744877635544 
0.0569 1 0.00791172778912454 0.043298288074278435 
0.6352 3 0.016777036283527984 0.09400457726791152 
0.0013 1 0.01263650432987073 0.06251527050446427 
0.4788 3 0.03257975207794351 0.18384618062949276 
0.3873 2 0.03083832849758856 0.11231252786114373 
0.0680 1 0.03349868355322238 0.150408583967115 
0.2055 2 0.02042885922659631 0.0987967974182556 
0.2472 2 0.02065642986634236 0.12317772030805249 
0.2085 2 0.007782457086521528 0.047672534624869076 
0.6302 3 0.056078331496769336 0.3017731343854614 
0.3753 2 0.009897467939505291 0.05368757129377322 
0.2275 2 0.0064564769677137816 0.037349598685211545 
0.9297 3 0.02751953222258025 0.11340996394774436 
0.3861 2 0.019662600265019693 0.08681164060594751 
0.0864 1 0.009400585449529748 0.05467879608115038 
0.7715 3 0.03239320873667224 0.18018545467398978 
0.4702 3 0.019705377895773212 0.08745891208467961 
0.0301 1 0.03721025496377429 0.18375290109001863 
0.0051 1 0.01328008955927643 0.05932006167729411 
0.4014 3 0.028113710525061026 0.12980735767776452 
0.3184 2 0.009308396740673287 0.053905367505763836 
0.0036 1 0.008982306373883836 0.04293033200829564 
0.4406 3 0.008439078125168418 0.0509608550555944 
0.0102 1 0.010757067286258052 0.05022630089527112 
0.1798 1 0.024485241383587715 0.09550730784876331 
0.0440 1 0.018898758282301868 0.10746642702305756 
0.4953 3 0.05877802994047878 0.2990726464872863 
0.0636 1 0.018330253536331956 0.09418035323751768 
0.1556 1 0.013375507877269915 0.06605198277554966 
0.0235 1 0.011478925861271803 0.0554176262659717 
0.4620 3 0.061439108869069586 0.23740963460676817 
0.1492 1 0.02344141990097219 0.12680490087134913 
0.6675 3 0.034276990931081865 0.14079758938645257 
0.0626 1 0.005073953412429099 0.02719529987736674 
0.4362 3 0.01850451722369007 0.08762247994279654 
0.0183 1 0.01565751865404581 0.07896802799283195 
0.1898 1 0.007072768376076775 0.04287167473981285 
0.5109 3 0.041574966712670226 0.20947371463935002 
0.2821 2 0.008529252840133663 0.04007012321507771 
0.3879 2 0.02751742194631187 0.1436205906223993 
0.5222 3 0.026348467474761092 0.12641864404397687 
0.2384 2 0.01817901336532815 0.07826910734703303 
0.3280 2 0.027687766403378365 0.15199393251427887 
0.8674 3 0.030585540346683295 0.1382863760322341 
0.3096 2 0.027349626660781234 0.1445147265394141 
0.2915 2 0.026795924695185998 0.11819169946140613 
0.4106 3 0.02381305054539206 0.11308481941696594 
0.2967 2 0.03322937529148972 0.16191731359891 
0.8731 3 0.01855681151916674 0.08207225028083484 
0.3749 2 0.023589533050324688 0.08299774924054752 
0.1917 1 0.007136203686524188 0.042484668161676356 
0.5576 3 0.030625888516416764 0.11891999242759174 
0.6929 3 0.03682480707365419 0.16808641843903993 
0.2875 2 0.011729710430185706 0.07134513892137506 
0.3381 2 0.0062546875144357285 0.034198239560187846 
0.4697 3 0.026592311571823755 0.13766117281434892 
0.1481 1 0.013813175454966862 0.06925468501254703 
0.0054 1 0.013037751914155927 0.05564864816046762 
0.4913 3 0.011158155152594525 0.055798960601051883 
0.6291 3 0.02374786185882514 0.11131983100906521 
0.4322 3 0.008579383225037287 0.05266835881148256 
0.1097 1 0.006951050901356323 0.03943401388974631 
0.1759 1 0.027456787511654 0.1460117260568843 
0.1906 1 0.011453678298803302 0.06301119759639273 
0.5882 3 0.020607218922247622 0.08055929188889943 
0.5480 3 0.010491539107845827 0.05446069924138155 
0.0027 1 0.009184980081311949 0.04790942629417237 
0.0094 1 0.01632538281798357 0.06058303120029919 
0.2700 2 0.01452528282989533 0.06973865150276741 
0.1396 1 0.01158091336450828 0.06379392885800067 
0.0519 1 0.009553947976824219 0.05445342101099019 
0.2124 2 0.00811189589616815 0.05485912862235583 
0.0498 1 0.009596703308212436 0.05039674463965198 
0.5973 3 0.05026289745664736 0.18771477751680404 
0.0002 1 0.010102908573095494 0.04815038712090776 
0.1035 1 0.01623140331309636 0.08279310208330125 
0.0721 1 0.011884641205551093 0.07230870931258027 
0.4088 3 0.009601096077458791 0.050884832924242875 
0.7131 3 0.14481210008354892 0.7618873740094327 
0.0397 1 0.006478185589476685 0.028386827435774087 
0.5848 3 0.022386509865017563 0.10081435983418982 
0.3919 2 0.0119252487683159 0.059344607383784796 
0.4194 3 0.010471939552045562 0.04868101692266623 
0.4507 3 0.016732749236269672 0.08272622566511639 
0.0129 1 0.01794677961678129 0.08600682936690114 
0.6272 3 0.014309497181516759 0.06908267009619537 
0.5343 3 0.061084574003208165 0.32883633057612405 
0.0965 1 0.007144646223261929 0.038127716444531445 
0.0803 1 0.009761002531669912 0.04648069452140202 
0.3120 2 0.0539649227700961 0.2776942434910465 
0.6696 3 0.02188251173814313 0.11693508909374799 
0.4868 3 0.01535061755259642 0.07165288006693346 
0.4840 3 0.012292575824206751 0.06800702698299106 
0.6053 3 0.018184995657557615 0.09056209516513435 
0.3629 2 0.0062422930142292145 0.0405881519310851 
0.1295 1 0.015982787057340367 0.07967214006108529 
0.1206 1 0.0100546216652284 0.04658674793175154 
0.4237 3 0.022360255787243054 0.11051602445869138 
0.0909 1 0.006606003987669852 0.03670478571842335 
0.5028 3 0.027558912543221823 0.11458430612899846 
0.0130 1 0.08107892184047918 0.25983687956848767 
0.3587 2 0.01711414107988328 0.07091270350258043 
0.0481 1 0.020290498314047754 0.11549783239848521 
0.4467 3 0.012736411866886652 0.06306484931158589 
0.6905 3 0.02239689515160606 0.07258859869479892 
0.0965 1 0.015045427746235405 0.04392064377340885 
0.0286 1 0.017890189302968436 0.076691130583562 
0.6085 3 0.049390225370640126 0.2285912150191482 
0.7666 3 0.02459159017849013 0.11556677857101443 
0.0072 1 0.013474689932507375 0.0669432587162663 
0.3101 2 0.009638608745252112 0.05589788388805957 
0.1704 1 0.019682358029100726 0.0776091417082552 
0.3638 2 0.016640427473884247 0.08481837552824109 
0.7249 3 0.028100418157618684 0.17380859602588167 
0.2009 2 0.017230818842958986 0.09464046460073199 
0.3707 2 0.018537947073056726 0.08351980302751047 
0.6281 3 0.013874482908168714 0.05602596386737826 
0.2813 2 0.01961392561722539 0.10430360857658956 
0.5601 3 0.019662793869082932 0.07764538834909221 
0.5015 3 0.024235255973222614 0.09726108811734578 
0.5941 3 0.030831052924212878 0.14152311643300097 
0.1662 1 0.009251511351484236 0.04586355791945921 
0.4600 3 0.030097022399224658 0.16838085849843384 
0.6758 3 0.05740623172180743 0.26458563593407103 
0.0731 1 0.009089263093102007 0.04350376840226291 
0.6701 3 0.016528750661622623 0.07448925377260582 
0.5146 3 0.020645765448634223 0.06064940373383605 
0.1817 1 0.01094942050613434 0.059756213518399215 
0.5488 3 0.009995936215493412 0.05580667354625868 
0.6379 3 0.03144192315691303 0.14005652094220886 
0.7757 3 0.02304120642017306 0.14326998842062194 
0.7660 3 0.03506784365571009 0.1599786229944183 
0.1673 1 0.02831154008576728 0.1507151345320274 
0.0160 1 0.013577642272924831 0.06500056492502516 
0.2161 2 0.016916256535469867 0.07692615506342805 
0.2881 2 0.01353249073083931 0.06310221390722794 
0.3579 2 0.010270523785863956 0.05518875210662526 
0.3304 2 0.01354915002355562 0.062355864646905915 
0.2065 2 0.013754759861328443 0.0628539852853641 
0.2883 2 0.009197916217360018 0.04679217791760403 
0.3478 2 0.0150728227875075 0.07501286780887229 
0.7993 3 0.03261644685863845 0.1120990528008918 
0.5176 3 0.0193754617047165 0.10118258672186142 
0.6718 3 0.02378349576958476 0.11601743249275756 
0.6808 3 0.012335398758184141 0.06205478504155106 
0.2620 2 0.012369859474842702 0.06125428568635714 
0.2590 2 0.010252042795831086 0.057031542703115855 
0.0185 1 0.0062799458382952434 0.035900340513732636 
0.5236 3 0.016755769610529308 0.07736945852756785 
0.1135 1 0.007994133599321053 0.033250515635052914 
0.0001 1 0.008892425801894381 0.06011675475706187 
0.0055 1 0.007192445521499996 0.037893009751223616 
0.2434 2 0.00913886347466942 0.049810145798892674 
0.3689 2 0.013314565440568825 0.07110844099943957 
0.1168 1 0.00878865720275219 0.04549574714586764 
0.5707 3 0.038104730657314206 0.1867868914271224 
0.6325 3 0.041994911411421844 0.18692657617524888 
0.2366 2 0.018288002649085425 0.07412901428731788 
0.0522 1 0.011651338398736801 0.05679881072260791 
0.5819 3 0.02051320593875638 0.09004542044738438 
