0.5099 3 0.03740696320691332 0.2250261313588397 
0.2006 2 0.013909664405964814 0.0921921310949664 
0.0745 1 0.014283368336069939 0.07917166759359476 
0.0028 1 0.1357722620393001 0.5092516975257604 
0.0322 1 0.004698398900183632 0.022423448021495082 
0.5857 3 0.009011256790510801 0.033379716690531844 
0.0393 1 0.004939978187911891 0.022573309776625514 
0.2466 2 0.010083218281445004 0.055041155628731464 
0.1154 1 0.011222319260845043 0.05845403844060668 
0.8142 3 0.01972605875336705 0.11669272395886239 
0.0862 1 0.013449371858390064 0.06616348339159853 
0.0583 1 0.012767190232400194 0.07735759911832862 
0.6624 3 0.016465705930167607 0.062447670779615605 
0.0140 1 0.01278124747247119 0.06367960844706977 
0.2888 2 0.011733968930323609 0.059966721394230885 
0.0188 1 0.04842048439778503 0.2333822751737217 
0.0097 1 0.007562940514572952 0.030962907188610583 
0.3904 2 0.02087584204227041 0.07846300773387672 
0.6948 3 0.024264821570873542 0.11117032794101238 
0.2097 2 0.01563560749166079 0.07233028609838177 
0.1352 1 0.023183388530822656 0.1148073065987725 
0.4430 3 0.01255061853682131 0.07205486984041404 
0.1897 1 0.011123747596922244 0.06634013773962219 
0.1893 1 0.013077690220719843 0.06615239453106363 
0.0634 1 0.009063077567907224 0.046902510088742654 
0.4720 3 0.039204187679471335 0.18789553595364566 
0.5286 3 0.07427413916222203 0.3236347357823459 
0.5184 3 0.017205368121439482 0.07807340700369196 
0.4194 3 0.02766155036845544 0.16623709011275326 
0.5532 3 0.05241640276962723 0.18437804437093094 
0.3405 2 0.01790855346650997 0.09000019836108585 
0.0051 1 0.007211439142033896 0.04191103260255612 
0.3487 2 0.03144791813847974 0.12319082509243515 
0.2405 2 0.010347951408162904 0.05513414361424589 
0.0615 1 0.01127796432858152 0.05196345597088655 
0.0848 1 0.011036101209294989 0.055436406534064085 
0.0193 1 0.016960130904210922 0.08727424449486398 
0.0011 1 0.026865975347444584 0.13002744877635544 
0.2713 2 0.036865254570981665 0.0892236558659932 
0.0569 1 0.00791172778912454 0.043298288074278435 
0.0013 1 0.01263650432987073 0.06251527050446427 
0.4788 3 0.03257975207794351 0.18384618062949276 
0.3182 2 0.007255130739738492 0.039260640129933334 
0.3873 2 0.03083832849758856 0.11231252786114373 
0.2055 2 0.02042885922659631 0.0987967974182556 
0.2472 2 0.02065642986634236 0.12317772030805249 
0.0863 1 0.008455975899177652 0.041473003915186914 
0.2085 2 0.007782457086521528 0.047672534624869076 
0.3753 2 0.009897467939505291 0.05368757129377322 
0.2275 2 0.0064564769677137816 0.037349598685211545 
0.4300 3 0.05990633405566348 0.30242480742379846 
0.9297 3 0.02751953222258025 0.11340996394774436 
0.0864 1 0.009400585449529748 0.05467879608115038 
0.7715 3 0.03239320873667224 0.18018545467398978 
0.4794 3 0.030591149684559504 0.11000941401011162 
0.4702 3 0.019705377895773212 0.08745891208467961 
0.0051 1 0.01328008955927643 0.05932006167729411 
0.4014 3 0.028113710525061026 0.12980735767776452 
0.2840 2 0.02151918753349351 0.09352235522906194 
0.3184 2 0.009308396740673287 0.053905367505763836 
0.4406 3 0.008439078125168418 0.0509608550555944 
0.0102 1 0.010757067286258052 0.05022630089527112 
0.0387 1 0.021073072921149585 0.09098276294574818 
0.1798 1 0.024485241383587715 0.09550730784876331 
0.4953 3 0.05877802994047878 0.2990726464872863 
0.0636 1 0.018330253536331956 0.09418035323751768 
0.2330 2 0.018761297856959243 0.09247708174641414 
0.1556 1 0.013375507877269915 0.06605198277554966 
0.4620 3 0.061439108869069586 0.23740963460676817 
0.1492 1 0.02344141990097219 0.12680490087134913 
0.0002 1 0.007146668719773129 0.036666177103966524 
0.6675 3 0.034276990931081865 0.14079758938645257 
0.4362 3 0.01850451722369007 0.08762247994279654 
0.0183 1 0.01565751865404581 0.07896802799283195 
0.0114 1 0.00904748356164058 0.0432428689785197 
0.1898 1 0.007072768376076775 0.04287167473981285 
0.2821 2 0.008529252840133663 0.04007012321507771 
0.3879 2 0.02751742194631187 0.1436205906223993 
0.3438 2 0.017484835625298026 0.09053645225996904 
0.5222 3 0.026348467474761092 0.12641864404397687 
0.3280 2 0.027687766403378365 0.15199393251427887 
0.8674 3 0.030585540346683295 0.1382863760322341 
0.1902 1 0.019763177680730652 0.0898079659605154 
0.3096 2 0.027349626660781234 0.1445147265394141 
0.4106 3 0.02381305054539206 0.11308481941696594 
0.2967 2 0.03322937529148972 0.16191731359891 
0.1961 1 0.0459923158852426 0.24141533689945288 
0.8731 3 0.01855681151916674 0.08207225028083484 
0.1917 1 0.007136203686524188 0.042484668161676356 
0.5576 3 0.030625888516416764 0.11891999242759174 
0.1893 1 0.01031298115730946 0.05182379302944536 
0.6929 3 0.03682480707365419 0.16808641843903993 
0.3381 2 0.0062546875144357285 0.034198239560187846 
0.4697 3 0.026592311571823755 0.13766117281434892 
0.3356 2 0.039093850468270006 0.08662716243620718 
0.1481 1 0.013813175454966862 0.06925468501254703 
0.4913 3 0.011158155152594525 0.055798960601051883 
0.6291 3 0.02374786185882514 0.11131983100906521 
0.2665 2 0.01427462153719983 0.06740295697842777 
0.4322 3 0.008579383225037287 0.05266835881148256 
0.1759 1 0.027456787511654 0.1460117260568843 
0.1906 1 0.011453678298803302 0.06301119759639273 
0.1639 1 0.03707071120489589 0.16390203592283908 
0.5882 3 0.020607218922247622 0.08055929188889943 
0.0027 1 0.009184980081311949 0.04790942629417237 
0.0094 1 0.01632538281798357 0.06058303120029919 
0.3864 2 0.007849809173783997 0.03147877346140547 
0.2700 2 0.01452528282989533 0.06973865150276741 
0.0519 1 0.009553947976824219 0.05445342101099019 
0.2124 2 0.00811189589616815 0.05485912862235583 
0.1503 1 0.04121259438036912 0.1834375852084566 
0.0498 1 0.009596703308212436 0.05039674463965198 
0.0002 1 0.010102908573095494 0.04815038712090776 
0.1035 1 0.01623140331309636 0.08279310208330125 
0.7628 3 0.07370525322979751 0.3022181046509885 
0.0721 1 0.011884641205551093 0.07230870931258027 
0.7131 3 0.14481210008354892 0.7618873740094327 
0.0397 1 0.006478185589476685 0.028386827435774087 
0.1369 1 0.0340086435046185 0.17216206846256932 
0.5848 3 0.022386509865017563 0.10081435983418982 
0.4194 3 0.010471939552045562 0.04868101692266623 
0.4507 3 0.016732749236269672 0.08272622566511639 
0.8191 3 0.023681278831446453 0.10513703059519526 
0.0129 1 0.01794677961678129 0.08600682936690114 
0.5343 3 0.061084574003208165 0.32883633057612405 
0.0965 1 0.007144646223261929 0.038127716444531445 
0.2483 2 0.014567939409111703 0.07527742716292475 
0.0803 1 0.009761002531669912 0.04648069452140202 
0.6696 3 0.02188251173814313 0.11693508909374799 
0.4868 3 0.01535061755259642 0.07165288006693346 
0.8495 3 0.039140679252950714 0.19264015435888737 
0.4840 3 0.012292575824206751 0.06800702698299106 
0.3629 2 0.0062422930142292145 0.0405881519310851 
0.1295 1 0.015982787057340367 0.07967214006108529 
0.5857 3 0.02428366703460155 0.10625813417494534 
0.1206 1 0.0100546216652284 0.04658674793175154 
0.0909 1 0.006606003987669852 0.03670478571842335 
0.5028 3 0.027558912543221823 0.11458430612899846 
0.3233 2 0.04851732656555836 0.2659886323330917 
0.0130 1 0.08107892184047918 0.25983687956848767 
0.0481 1 0.020290498314047754 0.11549783239848521 
0.4467 3 0.012736411866886652 0.06306484931158589 
0.2202 2 0.010327108618161798 0.05299078441209608 
0.6905 3 0.02239689515160606 0.07258859869479892 
0.0286 1 0.017890189302968436 0.076691130583562 
0.6085 3 0.049390225370640126 0.2285912150191482 
0.8540 3 0.08217061148595495 0.4674811940172006 
0.7666 3 0.02459159017849013 0.11556677857101443 
0.3101 2 0.009638608745252112 0.05589788388805957 
0.1704 1 0.019682358029100726 0.0776091417082552 
0.0794 1 0.006966552941528606 0.03722256296395969 
0.3638 2 0.016640427473884247 0.08481837552824109 
0.2009 2 0.017230818842958986 0.09464046460073199 
0.3707 2 0.018537947073056726 0.08351980302751047 
0.0930 1 0.021390981562209654 0.11101782468371017 
0.6281 3 0.013874482908168714 0.05602596386737826 
0.5601 3 0.019662793869082932 0.07764538834909221 
0.5015 3 0.024235255973222614 0.09726108811734578 
0.6522 3 0.016775227688252153 0.07708566512917388 
0.5941 3 0.030831052924212878 0.14152311643300097 
0.4600 3 0.030097022399224658 0.16838085849843384 
0.6758 3 0.05740623172180743 0.26458563593407103 
0.6531 3 0.009967844437046703 0.044127326739989016 
0.0731 1 0.009089263093102007 0.04350376840226291 
0.5146 3 0.020645765448634223 0.06064940373383605 
0.1817 1 0.01094942050613434 0.059756213518399215 
0.3514 2 0.009298835792757216 0.04766377840425273 
0.5488 3 0.009995936215493412 0.05580667354625868 
0.7757 3 0.02304120642017306 0.14326998842062194 
0.7660 3 0.03506784365571009 0.1599786229944183 
0.8423 3 0.013585583012605242 0.06446454700604501 
0.1673 1 0.02831154008576728 0.1507151345320274 
0.2161 2 0.016916256535469867 0.07692615506342805 
0.2881 2 0.01353249073083931 0.06310221390722794 
0.1720 1 0.01022790768972912 0.03955287969378725 
0.3579 2 0.010270523785863956 0.05518875210662526 
0.2065 2 0.013754759861328443 0.0628539852853641 
0.2883 2 0.009197916217360018 0.04679217791760403 
0.1506 1 0.01875736901195288 0.09628232366711001 
0.3478 2 0.0150728227875075 0.07501286780887229 
0.5176 3 0.0193754617047165 0.10118258672186142 
0.6718 3 0.02378349576958476 0.11601743249275756 
0.4868 3 0.014811754951185321 0.0723136045454331 
0.6808 3 0.012335398758184141 0.06205478504155106 
0.2590 2 0.010252042795831086 0.057031542703115855 
0.0185 1 0.0062799458382952434 0.035900340513732636 
0.4536 3 0.04870204159703455 0.2505130568338723 
0.5236 3 0.016755769610529308 0.07736945852756785 
0.0001 1 0.008892425801894381 0.06011675475706187 
0.0055 1 0.007192445521499996 0.037893009751223616 
0.0274 1 0.00875983116876714 0.036121596498391216 
0.2434 2 0.00913886347466942 0.049810145798892674 
0.1168 1 0.00878865720275219 0.04549574714586764 
0.5707 3 0.038104730657314206 0.1867868914271224 
0.4328 3 0.017003401132107875 0.08766039139337455 
0.6325 3 0.041994911411421844 0.18692657617524888 
0.0522 1 0.011651338398736801 0.05679881072260791 
0.5819 3 0.02051320593875638 0.09004542044738438 
0.1139 1 0.008997196832324205 0.0488097056519365 
