0.0751 1 0.14782798172018274 0.09583094445916444 
0.5161 3 0.43958870411295886 0.8497365126108631 
0.1463 1 0.4531680383196168 0.34504306499524795 
0.0869 1 0.44325154748452505 0.1530630512864304 
0.0030 1 0.19017514824851808 0.05926922317470281 
0.2749 2 0.1350433495665037 0.055583929191848 
0.2255 2 0.14248493515064892 0.08012257459959486 
0.4194 3 0.39016703832961674 0.36623367296773324 
0.0011 1 0.3688207717922821 0.34858311576081036 
0.2029 2 0.3876392136078639 0.520981893550355 
0.0878 1 0.20220988790112093 0.10270148932043832 
0.0909 1 0.14070021299787 0.10497179161820841 
0.7438 3 0.40575467245327507 0.2717621717872034 
0.2310 2 0.1866249337506623 0.14959107094776405 
0.0319 1 0.17963669363306342 0.08139032724625161 
0.6889 3 0.25408168918310803 0.4543368562982728 
0.6946 3 0.3057215627843721 0.22408396582441217 
0.0275 1 0.19153599464005402 0.07454859785701315 
0.0707 1 0.17422682773172266 0.07001526907655985 
1.0000 3 0.3249397006029939 0.34504344724142244 
0.0066 1 0.19428768712312838 0.3123706567166717 
0.0200 1 0.13075223247767545 0.07058150228775004 
0.3733 2 0.32346544534554644 0.3862493349699794 
0.5273 3 0.38652473475265225 0.2042502303813062 
0.1920 1 0.1843059469405305 0.1225298053013085 
0.5141 3 0.22591238087619123 0.15679801905511068 
0.0901 1 0.12578997210027923 0.0880013997633651 
0.8642 3 0.45153284467155375 0.26468114639698553 
0.3708 2 0.20145037549624528 0.12112955855010724 
0.1126 1 0.14854185458145427 0.06848035063181583 
0.2605 2 0.13386693133068653 0.03339102635347386 
0.1937 1 0.261139338606614 0.14466204850820985 
0.3362 2 0.19636280637193612 0.13933304813320035 
0.7548 3 0.23736672633273637 0.18412681008886106 
0.2886 2 0.18822510774892262 0.16945561153853048 
0.2441 2 0.11655827441725597 0.09562062910607767 
0.3317 2 0.2581197088029125 0.17820114412867025 
0.6099 3 0.4220227897721024 0.8139827821753178 
0.3308 2 0.43348276517234857 0.24060940757264082 
0.0172 1 0.11092808071919294 0.10626875506880373 
0.2003 2 0.1914965250347495 0.17458016310951074 
0.0001 1 0.07387663123368757 0.0472696208461057 
0.0756 1 0.08422204777952216 0.07862473633163704 
0.0813 1 0.1451874681253188 0.20517674360900884 
0.0432 1 0.08457583424165782 0.06532457820378193 
0.0000 1 0.07077973220267816 0.055923908910704895 
0.0167 1 0.16353498465015345 0.19082706260763932 
0.8529 3 0.18583339166608306 0.1837821373691623 
0.1938 1 0.2809228707712923 0.2525934912257303 
0.1059 1 0.32665517344826556 0.3312627661529076 
0.3383 2 0.5034275357246424 0.7567521826001123 
0.0368 1 0.2858609713902863 0.311377763194042 
0.3114 2 0.31754372456275426 0.27289693480758065 
0.1241 1 0.09212303876961223 0.0641209654769558 
0.1440 1 0.28596570034299695 0.1770713748666525 
0.0659 1 0.16821949780502188 0.32696586605801603 
0.0635 1 0.13687269127308724 0.11672838776383837 
0.4252 3 0.21745139548604495 0.11379050644342045 
0.0175 1 0.3358057419425807 0.10817645405807921 
0.5019 3 0.21728013719862832 0.05571156837690529 
0.3251 2 0.4295388046119541 0.2110112879865836 
0.1828 1 0.2211468885311148 0.07928615470879244 
0.0400 1 0.16229836701632996 0.08364389740545275 
0.5815 3 0.3036272237277627 0.26927571933931965 
0.7745 3 0.40657005429945714 0.23285348856437998 
0.5415 3 0.35679468205317955 0.21707561576218307 
0.0386 1 0.13637734622653816 0.061485089250871226 
0.3890 2 0.44554105458945414 0.17392404001632675 
0.2385 2 0.4647569824301758 1.185772148803263 
0.0407 1 0.08935156648433523 0.05510401089537299 
0.0159 1 0.2592381776182242 0.3406626668249855 
0.2347 2 0.250398646013539 0.10944334944030507 
0.3484 2 0.4215159048409517 0.28838227507033304 
0.3305 2 0.3765709242907559 0.0712781573644725 
0.1668 1 0.18328390716092832 0.11200503815370969 
0.1105 1 0.13463254367456307 0.05573632922117454 
0.2812 2 0.4666341536584633 0.20581740203245555 
0.0934 1 0.15247374526254742 0.057098223123742714 
0.3469 2 0.2614468355316446 0.15655026342758815 
0.2935 2 0.49856188438115634 0.2536415488692769 
0.0373 1 0.177811531884681 0.09053782962695384 
0.5467 3 0.2917784622153778 0.2708897885001547 
0.0139 1 0.5016206837931615 0.148424081941772 
0.0584 1 0.2701173288267118 0.20186036160631668 
0.0243 1 0.2604111358886411 0.22249097324186132 
0.0598 1 0.14718596814031776 0.0895309222734539 
0.1341 1 0.15056926430735643 0.06527606317823145 
0.1955 1 0.1604549154508455 0.13790981064527805 
0.0055 1 0.09044409555904429 0.08346715627156308 
0.1157 1 0.3161532184678152 0.31951442122792 
0.3197 2 0.24339705602943992 0.09950513500017069 
0.4336 3 0.44173680263197407 0.17405163639559754 
0.1585 1 0.3448738012619875 0.1074033949350344 
0.1310 1 0.179434325656743 0.06796841419319458 
0.1358 1 0.13053061469385258 0.0786344256344861 
0.3655 2 0.518561744382557 0.3126779328930551 
0.4047 3 0.34001166988330056 0.11458973305251668 
0.2077 2 0.19196580034199617 0.11031467483504119 
0.1667 1 0.49838990610093925 0.42078659688995684 
0.2311 2 0.42060022399775987 0.6301915869454847 
0.0338 1 0.09603163968360291 0.06406370198983857 
0.1141 1 0.22622806771932255 0.20320418818722275 
0.8139 3 0.2283245267547323 0.2716712534620684 
0.1430 1 0.1737109828901709 0.12167474613618201 
0.1375 1 0.20259217407825933 0.2132048275303398 
0.3505 2 0.35637354626453677 0.3150982967270967 
0.3098 2 0.3366156638433616 0.21563884316865276 
0.2782 2 0.21840856591434096 0.150209481082944 
0.1571 1 0.4297823521764784 0.4162492146158164 
0.7204 3 0.37689765102348965 0.9785145253625723 
0.2042 2 0.22911157888421108 0.22854914547436217 
0.0912 1 0.14160594394056095 0.0835823547781148 
0.1497 1 0.19070906290937023 0.048808782810231544 
0.1941 1 0.253880111198888 0.1073295986763808 
0.3154 2 0.5368772812271874 0.7031404269212629 
0.3672 2 0.4498821411785882 0.20904336804171655 
0.2825 2 0.22717471825281707 0.08460839869714522 
0.2477 2 0.24810546894531113 0.1433000245612869 
0.2023 2 0.24684972150278517 0.14618995558713332 
0.3986 2 0.2989367606323935 0.1607582296851658 
0.1510 1 0.4200282797172032 0.16598450324529354 
0.3415 2 0.21614883851161482 0.10307722974211753 
0.7570 3 0.48388383116168826 0.5136791936459973 
0.1336 1 0.10673754262457387 0.07250751117222504 
0.3983 2 0.22249583504164933 0.11531412845478525 
0.0463 1 0.21523674763252415 0.12410499366905817 
0.1491 1 0.48697432025679743 0.9748698748032886 
0.3162 2 0.3219687403125975 0.13696526496872455 
0.3980 2 0.6831716282837174 0.605724143221404 
0.4356 3 0.5387346326536736 0.5434449787501345 
0.5285 3 0.3381745882541172 0.1523512133618476 
0.0027 1 0.36044113558864405 0.18069000630343482 
0.0106 1 0.1334062259377403 0.07933653271330605 
0.3769 2 0.2419705502944971 0.0695668410172728 
0.0946 1 0.18322012779872227 0.13926206060008725 
0.0648 1 0.20587771122288773 0.10806642602135598 
0.0095 1 0.1724058859411403 0.11498212551566261 
0.2382 2 0.211812691873081 0.07439629171501765 
0.0206 1 0.2580949990500099 0.11507241376700657 
0.0124 1 0.12746013539864637 0.07173468061272234 
0.5374 3 0.3704831851681477 0.16940280792787346 
0.0078 1 0.20345332546674516 0.159832313158203 
0.0902 1 0.2989082309176908 0.120800117265737 
0.8772 3 0.3276517634823656 0.31579381613246343 
0.1297 1 0.17364443355566464 0.11924052299665842 
0.0145 1 0.3154451855481447 0.10202173011875798 
0.3111 2 0.49774246257537474 0.278176943087811 
0.0339 1 0.08579337206627882 0.05076050261619564 
0.1053 1 0.26876600233997683 0.15210323595372294 
0.4442 3 0.3561361886381138 0.14793375400145028 
0.6022 3 0.35844122558774405 0.15356860235133418 
0.2914 2 0.350909050909491 0.09872161150839849 
0.2406 2 0.2471886081139191 0.10322835125773598 
0.7601 3 0.6456334836651634 1.42146609190464 
0.0084 1 0.21988077119228833 0.1188772735934739 
0.4747 3 0.30094906050939463 0.18716969489075863 
0.3747 2 0.23924919750802495 0.1723679806904562 
0.1537 1 0.2545187348126515 0.08366632317702755 
0.2853 2 0.20750388496115021 0.12440432052278165 
0.0615 1 0.1484989150108494 0.10369271835754369 
0.3900 2 0.3924969350306497 0.26765082753191294 
0.6039 3 0.38991145088549095 0.27744764661885163 
0.4915 3 0.2154425755742448 0.10956276616161056 
0.7338 3 0.4316046039539604 0.7419208825681051 
0.2718 2 0.2231109388906111 0.13948411100231678 
0.7722 3 0.42924367756322457 0.2795743391061378 
0.2039 2 0.4041648583514165 0.44968673092050293 
0.1995 1 0.3258753012469874 0.11233266137145588 
0.5462 3 0.4459402605973942 0.7072417889745478 
0.3995 2 0.3912719772802272 0.3326784191002855 
0.2071 2 0.3812244177558225 0.4482136872189306 
0.5400 3 0.4022838571614281 0.1461570355357767 
0.3956 2 0.19710734892651066 0.1315823381112041 
0.3680 2 0.6836693033069674 0.6685104449284985 
0.1211 1 0.4671797782022182 0.23565738141848033 
0.0665 1 0.25240565594344044 0.19534295775808794 
0.0057 1 0.1139311306886934 0.056275945741178085 
0.3085 2 0.23596695033049722 0.13772684005993474 
0.3200 2 0.2086715532844674 0.11315662808491579 
0.7929 3 0.14230099699003002 0.05541307261313152 
0.1964 1 0.30803983960160414 0.07812964338990722 
0.2066 2 0.2425141048589517 0.12802925666501042 
0.4799 3 0.31522599774002313 0.2501242457606768 
0.7126 3 0.3095650343496569 0.271227362916693 
0.6164 3 0.4475734042659568 0.20480008630605537 
0.4434 3 0.2742916270837289 0.14092263334963587 
0.4657 3 0.3145028149718504 0.2565281984360775 
0.0963 1 0.09589618103818982 0.05874534266360571 
0.2142 2 0.2570882691173088 0.17620665053520962 
0.3641 2 0.33963884361156416 0.1487166412027965 
0.2404 2 0.3595733442665572 0.07814965313148557 
0.1529 1 0.3936332036679637 0.13583988417230983 
0.2193 2 0.2318654913450861 0.1516414304154844 
0.5165 3 0.2839422405775939 0.11992748377087503 
0.5834 3 0.21026891731082661 0.11046946830293564 
0.3549 2 0.23699029009709865 0.08902318374221653 
0.2552 2 0.38395974040259606 0.3411467031630786 
0.0035 1 0.12414714852851483 0.09890058184169315 
0.5531 3 0.429690813091869 0.21251127018964538 
0.1395 1 0.2189486405135957 0.06937582908581252 
0.0434 1 0.17381001189988082 0.053550087804086585 
0.0402 1 0.2179192308076919 0.14494380367377566 
0.6045 3 0.44857390426095745 0.30652344188450553 
0.2366 2 0.21442486575134206 0.08256073144459983 
0.2857 2 0.1890154398456016 0.13954827428207522 
0.5309 3 0.28223153768462306 0.21167380042419115 
0.4368 3 0.3066424935750643 0.13292382445858839 
0.1386 1 0.21149818501815001 0.20830713582407012 
0.2680 2 0.1894061259387409 0.0819684193419674 
0.5403 3 0.3706356536434635 0.2214284019472555 
0.5068 3 0.3526884131158684 0.17663728864810957 
0.2416 2 0.3651784482155179 0.3551005790873877 
0.6919 3 0.4779202507974924 0.3501579649802901 
0.8507 3 0.5468076619233807 0.3274353808489489 
0.1796 1 0.2532862971370283 0.12477623328292843 
0.0126 1 0.20305711942880533 0.07693484174607979 
0.3770 2 0.34909047909520907 0.2769061322880153 
0.1863 1 0.20277950220497795 0.06868964995512482 
0.0734 1 0.16884549154508474 0.059287320122566926 
0.1067 1 0.3305131948680514 0.11459991743518429 
0.4041 3 0.2206991630083694 0.1427512817086063 
0.0897 1 0.4745032649673506 0.3597685201501959 
0.3747 2 0.330452345476545 0.17230600993796238 
0.1463 1 0.3941970880291188 0.1959187835294426 
0.2628 2 0.38022256777432223 0.1796737969838221 
0.7331 3 0.5817219127808722 1.1543195730042117 
0.2425 2 0.1865419545804544 0.13567947368905428 
0.9306 3 0.4229320706792934 0.42657096164402103 
0.0224 1 0.2184845551544476 0.11478857586968233 
0.5165 3 0.35189179108208846 0.1535226476683962 
0.2303 2 0.14704347956520425 0.09256716629756175 
0.1791 1 0.37086275137248637 0.15419958235298817 
0.0711 1 0.10577691223087764 0.07179787989284525 
0.2103 2 0.29978306216937806 0.10225376831403234 
0.4247 3 0.3564298757012433 0.6494836556363038 
0.1972 1 0.1577795122048772 0.03310848961777744 
0.1279 1 0.2697161828381714 0.12249183532068708 
0.0014 1 0.13342738572614266 0.11239155051343724 
0.0820 1 0.12229510704892928 0.06893177064219348 
0.2762 2 0.559982790172098 0.6072865557271641 
0.3485 2 0.3551388686113142 0.11049680296619757 
0.0854 1 0.16065667343326467 0.07221437169173553 
0.4543 3 0.4096653533464668 0.2171485735793519 
0.1265 1 0.26691412085879146 0.08264129617946119 
0.2256 2 0.28754499455005467 0.17358179405464663 
0.1501 1 0.21859298407015845 0.08254446026919725 
0.2634 2 0.2554905850941484 0.1481504866143835 
0.5496 3 0.2964766352336481 0.07991882950592057 
0.5819 3 0.308095109048909 0.07073536108057508 
