0.4728 3 0.24093033756375157 0.10184054283418129 
0.5036 3 0.3765124689752576 0.4078949555459934 
0.1456 1 0.4397670445942016 0.5002723402016289 
0.0257 1 0.2502423427834271 0.0745546571126173 
0.0189 1 0.29569771393169064 0.229583566097588 
0.1343 1 0.22303567148059136 0.11521017006642166 
0.0635 1 0.4704261632784169 0.24018398873288427 
0.3463 2 0.28639623624784855 0.36623678600652704 
0.0308 1 0.20658569793586526 0.12762602848853424 
0.1214 1 0.240078689107392 0.14785151634650687 
0.2219 2 0.25077292469896995 0.1553540366133374 
0.0426 1 0.21949871431180085 0.19588066816747476 
0.6845 3 0.343092558808844 0.5844282634113361 
0.0867 1 0.16172492561511526 0.15054456153760365 
0.0699 1 0.31751216578776975 0.14566843669576354 
0.0182 1 0.139248760136424 0.13639914182046853 
0.3170 2 0.4045857027868648 0.3819279460931017 
0.0165 1 0.21332777010280318 0.10820512286279023 
0.2710 2 0.3144342717245961 0.10849583261812192 
0.1248 1 0.352207107719569 0.22351880747885075 
0.1863 1 0.27539655086983594 0.15052778564842095 
0.0019 1 0.16582996102221717 0.07643056300872765 
0.0848 1 0.19944176651930018 0.19681587908614218 
0.6961 3 0.5160690014875244 0.29034502317414174 
0.1448 1 0.29643910401340545 0.39608264617697675 
0.6588 3 0.5050344325698898 0.5646703954242787 
0.0797 1 0.25528234395459765 0.2789760707978255 
0.3807 2 0.32027271714547767 0.2031981377428373 
0.3719 2 0.33860116119075434 0.21276932427041312 
0.1676 1 0.2914085324928627 0.1187295362727317 
0.2115 2 0.15532778309655287 0.07625248528337794 
0.1127 1 0.2551987023229015 0.17045981542298422 
0.4779 3 0.3297923025374542 0.30757317881481894 
0.9535 3 0.30148035691577607 0.2223939112097434 
0.5730 3 0.326388907946388 0.18524458106619687 
0.2256 2 0.2017892859085734 0.22697654627414143 
0.2443 2 0.32261129440960384 0.23452788104245093 
0.3975 2 0.3976288487919104 0.48772605372745154 
0.1523 1 0.37307115844993916 0.31564450640930336 
0.0599 1 0.2176711683944892 0.13100010183703376 
0.3950 2 0.411889589165361 0.2812707280896367 
0.1460 1 0.17578632056168958 0.1136823645860133 
0.2162 2 0.23957936114411504 0.1757504464661892 
0.0791 1 0.2759982020115707 0.13013894162612583 
0.0960 1 0.2925276830966566 0.14506829007328165 
0.0614 1 0.19940917334458724 0.0737018036545223 
0.0170 1 0.3742304214513987 0.23130683368906896 
0.0014 1 0.2439840034816323 0.21991586006867284 
0.2138 2 0.2850007189874719 0.28918197708529475 
0.2730 2 0.2794375076879682 0.2571368846314327 
0.5388 3 0.5215169490468303 0.4673342021009949 
0.2937 2 0.21435429692900473 0.13758495092599152 
0.4511 3 0.36137010131313063 0.3628304160128221 
0.2022 2 0.21233842601688155 0.15180776437154317 
0.2703 2 0.3265452043882145 0.3226538269192338 
0.0502 1 0.46964694024919573 0.752240046713313 
0.3809 2 0.3495143903176812 0.26389237917414876 
0.3752 2 0.40713298045774693 0.23510305753856583 
0.1337 1 0.28363120551156756 0.11313145584664717 
0.1805 1 0.22251824946127954 0.0994259861340815 
0.4134 3 0.44759959085281614 0.4144321019191257 
0.0991 1 0.20597913567657447 0.11849886692501602 
0.0756 1 0.264699869161605 0.1412479544926462 
0.5196 3 0.4278894268301176 0.8832414106727186 
0.7544 3 0.4671306278960901 0.7016060729704118 
0.3403 2 0.31517093901149795 0.5197220531878252 
0.1070 1 0.2656460026202332 0.18175559613195316 
0.6734 3 0.4725041654495853 0.728396217882242 
0.4918 3 0.2322961320553029 0.43890840092440303 
0.2850 2 0.4630795610746077 0.27259266638697627 
0.0155 1 0.2601304371478477 0.10621183646588166 
0.3045 2 0.32154109628437705 0.24099315496775298 
0.3182 2 0.2855359642730795 0.2948776238347591 
0.2918 2 0.3619192972079378 0.28601596459320083 
0.2664 2 0.38162064817673397 0.30746373704259206 
0.0201 1 0.28231910379164515 0.13104104978969083 
0.2921 2 0.3089174181385119 0.37165737019887896 
0.0198 1 0.2684066593139369 0.07979913735455277 
0.0572 1 0.271005011256052 0.1849238258502659 
0.0977 1 0.19137026070312485 0.13902986953706417 
0.0475 1 0.2763291179877503 0.14508565263794487 
0.3828 2 0.4287805030001703 0.34290524450641835 
0.0375 1 0.34595392970831984 0.17892043258271204 
0.2237 2 0.3872983425519652 0.251670933011802 
0.1982 1 0.33832952928323345 0.1968338391216222 
0.0340 1 0.2953826764906345 0.15953795611799645 
0.2608 2 0.2715944773792681 0.14732883309017233 
0.2184 2 0.2627850761069891 0.2233805224230056 
0.0001 1 0.1542358429634342 0.07004998871278455 
0.2956 2 0.3055706246667099 0.20591751645198977 
0.3225 2 0.292849535499444 0.10986553203496627 
0.4147 3 0.3581797406309 0.31184963275817096 
0.0640 1 0.1901642321577625 0.11127560571150884 
0.0646 1 0.2165684524582959 0.07310458767958752 
0.2151 2 0.24242679130964198 0.10952747567980324 
0.5781 3 0.4913662482332833 0.48271149643304634 
0.1700 1 0.24220489566365672 0.13763254267465252 
0.4259 3 0.4747266821967962 0.23517517893242784 
0.2475 2 0.20750411486058767 0.17482209234842724 
0.5232 3 0.45842145451685273 0.40210011738954304 
0.2631 2 0.2846087213007059 0.16317547079074907 
0.4028 3 0.27533301489984624 0.21107774088254547 
0.8946 3 0.4896531491824506 0.5850376815897153 
0.2014 2 0.34025490756593146 0.05690788699413579 
0.3005 2 0.3114812874414892 0.4572629454194478 
0.2646 2 0.3588356477799916 0.18857153019903503 
0.3199 2 0.28567244819218807 0.2573393562488194 
0.2690 2 0.4080228367745978 0.369320711570436 
0.1557 1 0.43828958407181123 0.32822936240833894 
0.7274 3 0.4596245263778309 0.469337722288412 
0.4484 3 0.2971070196392728 0.3881220010649663 
0.0117 1 0.4213729803815173 0.2586191275516026 
0.2768 2 0.3114969012506218 0.16625627720820682 
0.2245 2 0.3808977719357884 0.19088551210386673 
0.3781 2 0.3946873863263481 0.24892301917431117 
0.3015 2 0.3913954711758779 0.2966106639188744 
0.0274 1 0.17492808531384094 0.10128512166614412 
0.2436 2 0.32599116113184906 0.5497101282724018 
0.1044 1 0.22335679606015643 0.13090636858259244 
0.1823 1 0.34857996440059114 0.2948629963341158 
0.0081 1 0.28620841662326735 0.09397872174491263 
0.4402 3 0.16102560912098846 0.1536864325256315 
0.4626 3 0.31930981880476234 0.1952378456983907 
0.1495 1 0.2542070472553216 0.17952640462578917 
0.4114 3 0.31464377289282125 0.3555267326081117 
0.0688 1 0.27936492079183595 0.17050492214149243 
0.1561 1 0.3653342309415479 0.49494748473191197 
0.1640 1 0.3818641716588658 0.2135864112177768 
0.2463 2 0.40025486096168317 0.41732511619936263 
0.4796 3 0.5509321405764305 0.7757476307565877 
0.4782 3 0.35895232350763323 0.3111512119756923 
0.0005 1 0.21227502743413637 0.11860696233157149 
0.0308 1 0.1342458670347888 0.15491538827880277 
0.2195 2 0.2548385656563763 0.08717489693144048 
0.1248 1 0.18310458045261807 0.11381254769860523 
0.0844 1 0.30734037681180537 0.1802023390042885 
0.0592 1 0.25727941031246326 0.12237442281359372 
0.1372 1 0.20621584974097348 0.09233248384261993 
0.0886 1 0.23362001875950938 0.15613533228566193 
0.2307 2 0.22527649191632854 0.13349285553080584 
0.4891 3 0.3583639675703735 0.2725426787554233 
0.0073 1 0.2562545997006934 0.2565699745060693 
0.1290 1 0.3365925893008424 0.19810118230576093 
0.4545 3 0.25252643742920605 0.31305228024725856 
0.1572 1 0.3454387504101696 0.3149594221482396 
0.3265 2 0.2740110318665642 0.18960415476960749 
0.0868 1 0.21489254359749435 0.33231025079335186 
0.0898 1 0.22868686657636905 0.11812787810306725 
0.1702 1 0.25891078006502405 0.20471439772650296 
0.5432 3 0.3776212405184607 0.1615025912565607 
0.5258 3 0.43070188942977505 0.20856154946784772 
0.4048 3 0.32533843675838137 0.11136784358921857 
0.1847 1 0.42842779979785206 0.30524590883040126 
0.6864 3 0.42923350911277625 0.5319074579419482 
0.0547 1 0.2115442936130006 0.08764638073837482 
0.4430 3 0.3842864917326835 0.3830641967507427 
0.4341 3 0.48776549955076287 0.3096177217930116 
0.0937 1 0.2619182755527284 0.10971824406208106 
0.1900 1 0.32966185395510694 0.2069076067119171 
0.1922 1 0.36909486597900265 0.1916918265289286 
0.3010 2 0.40272117388651313 0.18628296023457605 
0.5399 3 0.50274405258761 0.35221360122221274 
0.4350 3 0.39979803191472774 0.30278546401495665 
0.6907 3 0.42099804799232726 0.5925697214295716 
0.3533 2 0.33181716737647227 0.18894257341246096 
0.6129 3 0.26999648250538905 0.1557932507809171 
0.2648 2 0.2397888089513426 0.10079631468094054 
0.1811 1 0.4507644565858041 0.3079643291923212 
0.5992 3 0.4884852339030834 0.3440132688301249 
0.0675 1 0.39232694768508525 0.1929819404388395 
0.4350 3 0.5017524858775271 0.3700276757893826 
0.3692 2 0.29111858043806643 0.14952843442362287 
0.2415 2 0.30774676187100275 0.19261976018419363 
0.2846 2 0.4116339158344605 0.33239326026862925 
0.1488 1 0.2397413725834659 0.16733158463649145 
0.3943 2 0.2059854036880766 0.244472707260962 
0.0093 1 0.19353573073208885 0.07615863630804973 
0.3587 2 0.3951900342792437 0.14222090224650935 
0.2089 2 0.35152383452130836 0.17420302560500267 
1.0000 3 0.285850550051403 0.2656201997273373 
0.1981 1 0.21986421479811363 0.05722316520422456 
0.2351 2 0.28463254230851437 0.18525267649476448 
0.5380 3 0.32765430112165495 0.24932718260012476 
0.7475 3 0.4942269375672856 0.8169556681910691 
0.7015 3 0.47389979255045817 0.5028051270392186 
0.3988 2 0.22066753031788236 0.164564394219593 
0.2962 2 0.34397507573623465 0.45920645394895626 
0.1324 1 0.2318234516734739 0.11448403490995226 
0.0086 1 0.1860410784396281 0.07527830683736013 
0.2447 2 0.3188778329405758 0.2699875657955486 
0.5689 3 0.4958629734619122 0.19509006187880365 
0.1468 1 0.36514842604113734 0.24956286660424248 
0.2653 2 0.31992785662384915 0.2001744717884211 
0.3572 2 0.31551673768183897 0.23116778507362679 
0.7123 3 0.40174095227898243 0.3751920530426297 
0.3519 2 0.412254475653698 0.28784438252342226 
0.5214 3 0.3248691472254184 0.2011602810127349 
0.4956 3 0.22394730151008124 0.1545498086529008 
0.7012 3 0.506643241361842 0.44364421999287657 
0.3504 2 0.28997822871286016 0.17380032972310153 
0.0536 1 0.2528594991065497 0.14537829777830794 
0.4990 3 0.3262863721901882 0.4361257206042379 
0.6471 3 0.4505432705717908 0.4312244295970574 
0.2191 2 0.3207619110236545 0.1972822767984406 
0.3619 2 0.2731782156844603 0.19223424456190102 
0.7290 3 0.3906291505933988 0.31615696441427776 
0.4911 3 0.35939099647505557 0.27372126949699155 
0.2651 2 0.34055492232683093 0.20522085717140887 
0.1630 1 0.299503380973616 0.18316577743061244 
0.5463 3 0.4405341671509003 0.3250591680414922 
0.5295 3 0.38902297935934227 0.34260657102502085 
0.7458 3 0.29912678850299207 0.46352987660789496 
0.7481 3 0.5293229090544951 0.440595885253672 
0.8071 3 0.4050690770245213 0.2143619724916526 
0.2055 2 0.3218731964242587 0.2465763252365812 
0.0295 1 0.3663688267129311 0.23062489850055537 
0.3106 2 0.32072143791950314 0.3174317438987914 
0.2321 2 0.20600359822910752 0.13173625552278811 
0.1366 1 0.33504264496606584 0.1411780909184346 
0.2539 2 0.2848300372522138 0.1593087730372665 
0.2526 2 0.42577425283341697 0.5208737201930671 
0.1585 1 0.4887506878890983 0.25761054020421786 
0.2186 2 0.30776371992683327 0.23023174396817947 
0.1045 1 0.4481889800530351 0.273894412045385 
0.3404 2 0.3884927609222858 0.3387595872987896 
0.7501 3 0.35915942984120236 0.3792867751536987 
0.3819 2 0.4264123076102142 0.22636685494308378 
0.9484 3 0.3778393693630949 0.29185684120238237 
0.3457 2 0.28445053487470356 0.1461545779222748 
0.7100 3 0.4027278635884997 0.2895263844199596 
0.2073 2 0.25005387173887206 0.11685598414557037 
0.5434 3 0.3109554581197597 0.1258049826751033 
0.0214 1 0.25515066564379885 0.09881556859052888 
0.4731 3 0.4165876369497884 0.31305038292441256 
0.5763 3 0.314702736102492 0.19141151571040885 
0.0884 1 0.23447814087511293 0.07561641449914025 
0.1099 1 0.17608348432070234 0.14716825086045027 
0.2813 2 0.2280320904032329 0.100750315065612 
0.0607 1 0.23332214103727505 0.09810443357747611 
0.2427 2 0.3844017107743829 0.19956965037890861 
0.2753 2 0.3499477041430656 0.3509798447905599 
0.4440 3 0.2478265370826017 0.15808996854774532 
0.5099 3 0.3329907401343656 0.5527616395835823 
0.4106 3 0.3187453382758091 0.18097188665622224 
0.2239 2 0.46575127832507474 0.47391863481429686 
0.2210 2 0.3790053551572886 0.19204127220213602 
0.1859 1 0.2863377219289101 0.20207509416809938 
0.5108 3 0.3671695297960536 0.19874418229997842 
0.1171 1 0.38626557335526057 0.21921156683138873 
