0.3471 2 0.4649389806424806 0.27955434689524195 
0.6155 3 0.5011399645807979 1.087052991759026 
0.2534 2 0.6511869046171487 0.463723955584801 
0.0632 1 0.5048458142356103 0.3935499160899081 
0.0156 1 0.39363276420786864 0.2722046998632797 
0.0434 1 0.4366511644947895 0.3474602674671836 
0.0814 1 0.46331512749651294 0.3135473694412389 
0.5720 3 0.6339279431710528 1.0281379574826535 
0.0137 1 0.4719119925756095 0.3122658667276635 
0.2370 2 0.453529190755311 0.4036311716076251 
0.4286 3 0.7578373957733348 0.39409918094463925 
0.2397 2 0.6852048650098148 2.9892132106041482 
0.7510 3 0.740312990993254 1.3512284771520766 
0.0148 1 0.4480920413575514 0.2545709216564321 
0.0552 1 0.4175377689699234 0.22497326259110775 
0.6662 3 0.48060593086678993 2.5128796785966885 
0.5585 3 0.643444211137743 1.198074776098326 
0.0274 1 0.411769412363181 0.3211398408036492 
0.1269 1 0.5001343346710783 0.2575680128161021 
0.1079 1 0.5361043482758686 0.27847125070837536 
0.1182 1 0.4014858254500286 0.22939761505487608 
0.0058 1 0.40468736593653 0.23388381197029887 
0.0894 1 0.4635708639880323 0.4072217039516413 
0.6816 3 0.49390999290768384 0.3209251406896135 
0.1401 1 0.3175547456120767 0.19277388672785853 
0.7615 3 0.45736672534987877 0.46872057660401983 
0.1466 1 0.5319153740058973 0.3590621060917757 
0.4480 3 0.3522794428398192 0.15587706786193803 
0.3509 2 0.46680929005877997 0.23643091734268054 
0.1680 1 0.4111623184956844 0.19826707145122574 
0.3616 2 0.43932324404407713 0.22132796317061834 
0.2239 2 0.40845859823610225 0.15597639483666245 
0.3439 2 0.5227976107312788 0.40917852119615583 
0.5761 3 0.5769689497406143 0.5933069403566954 
0.4894 3 0.5800124843036609 0.5187371676388023 
0.0533 1 0.5328700141991358 0.4469445084287699 
0.2748 2 0.702420012891831 0.6344049387408007 
0.4954 3 0.6292173666586168 0.5616058345684463 
0.3686 2 0.5386658080055203 0.35203522589221004 
0.2012 2 0.46568527803720644 0.33820078441939855 
0.5063 3 0.5588009020832541 0.2637919745214994 
0.2479 2 0.5029494288743082 0.39165322495483484 
0.2292 2 0.39136715748379364 0.2021963266705683 
0.0674 1 0.5682952475193306 0.4597735432562979 
0.1439 1 0.4476789574691358 0.2733132497500899 
0.0510 1 0.531528452229555 0.20829919773085692 
0.0160 1 0.47255178871398673 0.278221675454929 
0.6000 3 0.5032632494160569 2.5151904685935675 
0.1834 1 0.8469340985903763 0.6113321302672189 
0.2152 2 0.49002716552357023 0.290526177435122 
0.5048 3 0.4736580724399464 0.3698266470854591 
0.1298 1 0.3772117491773388 0.33080205669975726 
0.2783 2 0.6038274879061063 0.7847543734315201 
0.3431 2 0.4259168109992607 0.31093003917005363 
0.2406 2 0.5847767561366635 0.3871022433488418 
0.0425 1 0.6121404223263378 2.4998900643449904 
0.4089 3 0.4503564026498205 0.2285326864698132 
0.2864 2 0.5796812896371121 0.29877667049260564 
0.0584 1 0.39402864049113845 0.18187889528593354 
0.4645 3 0.5069268213474497 0.3003774941581504 
0.4903 3 0.561752719027776 0.46341883173431747 
0.1718 1 0.4790189286088715 0.24307665452947277 
0.1905 1 0.43920727354108385 0.362422013290696 
0.7115 3 0.88802093725725 2.586798156999132 
0.9737 3 0.8193762641558715 1.5040238968685002 
0.4255 3 0.3845681780759186 0.37208172441418175 
0.3028 2 0.8791913001092325 2.100084774781971 
0.6379 3 0.8386891703847359 1.6253723022731648 
0.3995 2 0.6582866154921139 4.8942688222416235 
0.3463 2 0.3909970532062654 0.22119832619419585 
0.0760 1 0.4237540005196716 0.16907165537205257 
0.0348 1 0.5161189431973326 0.30469937917012185 
0.3417 2 0.5287942100196087 0.5663967844427312 
0.3061 2 0.4721167691356386 0.22057096766442366 
0.3086 2 0.5204030952330286 0.23789194297014052 
0.0041 1 0.3710986020498312 0.18942318175986217 
0.1516 1 0.547997914991618 0.43124136321295 
0.0131 1 0.4770906115743129 0.17347853319844686 
0.4235 3 0.7338280994946835 4.714789076088835 
0.0635 1 0.4172063309040531 0.25969190269823733 
0.0229 1 0.4713932510245651 0.25644144820535486 
0.4885 3 0.4635615191207327 0.3179197700881085 
0.0335 1 0.49308899556914537 0.2826456537727285 
0.2771 2 0.582111046462378 0.3295338826887618 
0.1968 1 0.4096966424163112 0.2470523782931517 
0.0172 1 0.4005608679178695 0.2248722658052491 
0.3418 2 0.43598967211865974 0.12552539027036877 
0.1429 1 0.4860688506477454 0.3441983214509605 
0.0053 1 0.45612244996493984 0.4506765135399727 
0.3094 2 0.6187403505612383 0.4833698282100102 
0.4946 3 0.5132575150257617 0.36984841776264077 
0.2172 2 0.788560433278035 0.3934369869809036 
0.1579 1 0.632769294992846 0.46861711224948377 
0.1663 1 0.5050575498291511 0.2987571726690451 
0.2344 2 0.32404868209706184 0.08845526294347458 
0.5351 3 0.7635515154408057 1.095650707624174 
0.3038 2 0.5191962751656028 0.3412682864623075 
0.4097 3 0.39849838101327634 0.2881457595904336 
0.2331 2 0.5443174040335361 0.4453026470144568 
0.3420 2 0.6310678259975029 0.45256148355975556 
0.0300 1 0.4238001907408398 0.24409818633555957 
0.2671 2 0.5408246372703871 0.4889314891681659 
0.8475 3 0.8686484977126965 2.287591217384167 
0.2091 2 0.33588770959903924 0.090163676790547 
0.1918 1 0.572805263860122 0.5736745873065974 
0.2975 2 0.6032227851311835 0.43178757830283443 
0.3313 2 0.4577569131655254 0.43334993197078514 
0.2160 2 0.6361011375643504 0.5062938274070998 
0.1225 1 0.5651064306661793 0.296780667931153 
0.7873 3 0.7134888934951522 0.8590815203407283 
0.1944 1 0.3299858867043731 0.30203494548742654 
0.3868 2 0.5341846376732866 0.2359128861803273 
0.3104 2 0.4984805710643559 0.1743626086526336 
0.2425 2 0.5056787328111241 0.27261643439121164 
0.3273 2 0.6191435345437349 0.43448529837926625 
0.3967 2 0.6280003077676375 0.2136170239917553 
0.2653 2 0.30693756216605844 0.09303714978452783 
0.2286 2 0.5788371838697641 1.3486458716028566 
0.2161 2 0.44391573744528434 0.4945693913536491 
0.4182 3 0.5344137433873112 0.26726160590219633 
0.0132 1 0.3862712363305837 0.16811256662918034 
0.5047 3 0.3957002013628227 0.2972336410312415 
0.6464 3 0.6714300486710345 0.773405963655357 
0.0966 1 0.7533432967028058 0.2952299370373806 
0.3201 2 0.6204825919101205 0.3683862823250349 
0.1025 1 0.5556510034667154 0.38119195108958054 
0.2373 2 0.5326308677255438 0.665123501061179 
0.2382 2 0.5009337708967652 0.31576664133626653 
0.1067 1 0.6151300497243355 0.6287511307120027 
0.5314 3 0.6269135116494946 0.8946209038440455 
0.3647 2 0.4817693123304417 0.3357351983619169 
0.0052 1 0.38944971691533276 0.23260232072593198 
0.0381 1 0.48041000448176063 0.5092798135335397 
0.4181 3 0.43273622418660673 0.22640459391106085 
0.1754 1 0.535872546074512 0.27572150754571223 
0.1377 1 0.419679348724865 0.3095715370412208 
0.0047 1 0.3958728581606556 0.1742515921567801 
0.2386 2 0.4335400101541236 0.17331381509132934 
0.0099 1 0.5277010329277402 0.4087529487926851 
0.0664 1 0.6051388995849704 0.35079050578686644 
0.7118 3 0.6186010139218705 0.5368940010721159 
0.0060 1 0.5162296595496881 0.35017979878589134 
0.1419 1 0.4553329485818612 0.30310895682253697 
0.6414 3 0.6321461656319153 0.7490851945995403 
0.1712 1 0.5888764768386463 0.42265331311565785 
0.2299 2 0.5007954842074833 0.311083945968753 
0.8823 3 0.45109795097888117 0.490513199978194 
0.0190 1 0.3309297640044534 0.1613203141475527 
0.1311 1 0.5079799357334268 0.4207361228344632 
0.5438 3 0.5667175574511347 0.2498687793425516 
0.5864 3 0.5534703465427082 0.3697881681306297 
0.3646 2 0.41597632857088307 0.19609291555216432 
0.2766 2 0.47869678413606004 0.31252304006943854 
0.8504 3 0.5912869320134343 0.46079990239613944 
0.0189 1 0.3720431530203277 0.21753255089113827 
0.5850 3 0.5943870475334478 0.7280569257451086 
0.4410 3 0.5401018601993854 0.38871361953343175 
0.0689 1 0.4092972844797987 0.20362788570224055 
0.5256 3 0.5276335218616369 0.28334241120186454 
0.0713 1 0.3723578329614248 0.24439337237632455 
0.3231 2 0.5656703996446157 0.4449709029766483 
0.5174 3 0.5033042055897822 0.3691058166834753 
0.4950 3 0.4048052419095402 0.19965380019899645 
0.6481 3 0.6054206189740361 0.9378987608585749 
0.4617 3 0.4040515591776348 0.250997460265747 
0.7586 3 0.5234955814939896 0.3167937482702879 
0.2968 2 0.4429751006462319 0.26303639430963466 
0.1001 1 0.6022525733215298 0.19055970619542034 
0.7131 3 0.5247888634248593 0.3844403181224127 
0.1606 1 0.6132028444742609 0.3798735705597218 
0.7015 3 0.5921319201262305 0.4928214424501397 
0.4556 3 0.5734951090236499 0.17793618684642717 
0.3980 2 0.4597041706446981 0.3178862285971077 
0.2542 2 0.749511886382068 0.7381792919929457 
0.1946 1 0.47117726565754137 0.43102114822225174 
0.0675 1 0.3430731844130351 0.267359101728105 
0.0063 1 0.3806757005135224 0.21298434713873307 
0.2816 2 0.44016413609213495 0.12278993969272332 
0.1705 1 0.4951973892166934 0.22937922048596185 
0.9167 3 0.417530968913532 0.21672917037034606 
0.3690 2 0.3815029561720585 0.11424483978104111 
0.0018 1 0.3851019095569936 0.23084848341640957 
0.5666 3 0.5986314968471996 0.43872523548949044 
0.8082 3 0.663192782629514 1.0637393403968098 
0.5087 3 0.5438897050235536 0.6342547239921887 
0.3864 2 0.4146253651136286 0.37537307990569263 
0.4092 3 0.5862080214875969 0.6398051366165708 
0.1260 1 0.5556995321674477 1.0228432375181897 
0.2826 2 0.48647275749623076 0.3256823376299504 
0.3612 2 0.5310718257640984 0.328885827818943 
0.4788 3 0.5717157877140853 0.4023201246095861 
0.1774 1 0.5454246409770203 0.23944585577256589 
0.2740 2 0.478590850026747 0.3645698687691063 
0.3799 2 0.4340384569123126 0.29372642533399224 
0.7165 3 0.5918956513099983 0.4432078256909314 
0.3418 2 0.6485189358952848 0.5729807848647392 
0.2620 2 0.3848935943751422 0.2322522009977017 
0.6153 3 0.6490094612533068 0.4231206731757488 
0.6423 3 0.6695564951390043 0.6355726515681638 
0.2862 2 0.5452636130441387 0.25331079445217064 
0.1939 1 0.5521285303049153 0.3141903476108532 
0.4299 3 0.3794198836949071 0.4217336754136335 
0.5588 3 0.5582814500631358 0.2954452405109882 
0.6582 3 0.5007920419649163 0.3540230327832668 
0.0555 1 0.4098456239324588 0.20387569293846158 
0.7034 3 0.6751678825675118 0.5296884663187585 
0.5147 3 0.500458773614293 0.4366068682910677 
0.1829 1 0.6559796228792039 0.5536246729125605 
0.3997 2 0.4490400281573311 0.35049124311567376 
0.5820 3 0.6345650719064071 0.605588038086581 
0.5469 3 0.614889012014064 0.4997510676559173 
0.1972 1 0.503956183158909 0.686145406168707 
0.7838 3 0.7600074743383447 0.9267053732828368 
0.9321 3 0.6333746442636693 0.42118990473723633 
0.1603 1 0.4611518065712589 0.3147497612636693 
0.0405 1 0.506489747948217 0.4171181259471842 
0.2731 2 0.4277285437529936 0.39672998502021 
0.2551 2 0.4384248810242715 0.2816666759393861 
0.0637 1 0.4293655741848707 0.0880889517159059 
0.1988 1 0.4509517553411205 0.38695804262164163 
0.7063 3 0.48620249198462984 0.22597143835885283 
0.1701 1 0.5671154904206706 0.3750795569113337 
0.2077 2 0.37683608425821885 0.16917882918191857 
0.1540 1 0.5204672056098569 0.39719561257478864 
0.3039 2 0.6486746685744 0.5044984617796765 
0.9028 3 0.7000635971431766 0.9423978705181627 
0.4171 3 0.577349928414318 0.6939553015755353 
0.9151 3 0.6053495134289406 0.9375731885066227 
0.2272 2 0.47302962271913573 0.25856137713092436 
0.6065 3 0.4924064546505398 0.29843261172272223 
0.3405 2 0.5332297572422685 0.4164533580805507 
0.3040 2 0.7023918967854552 0.5958839410308917 
0.0832 1 0.43085049054488617 0.20698573991542357 
0.2048 2 0.45327378971866705 0.33771114031457755 
0.3908 2 0.39839025675439915 0.3239478049443223 
0.3148 2 0.5102700090588115 0.22786966283389612 
0.1223 1 0.3994054059986666 0.3155429002335018 
0.1543 1 0.5423144402167746 0.3002064020392094 
0.0219 1 0.4408547388061196 0.22751680604914318 
0.2813 2 0.5970643602369892 0.4548388269381659 
0.4063 3 0.42641084694399617 0.2647821502126562 
0.3227 2 0.46630670647241634 0.24266172434744662 
0.3866 2 0.6381844324148551 0.5526717521307678 
0.2998 2 0.5321590007078048 0.30643293373268055 
0.3603 2 0.5489017399674629 0.4446068182667499 
0.2235 2 0.5297857401453948 0.28746399028927255 
0.1565 1 0.4633675495364661 0.30471413188137236 
0.4189 3 0.5616089700500452 0.20504265699117785 
0.2959 2 0.49320754834463143 0.27879457861693424 
