0.2619 2 0.11652249055101538 0.15254910812426234 
0.6124 3 0.2547686935930094 0.7382114218280077 
0.2131 2 0.3326035338916693 0.47211684260332354 
0.1477 1 0.1385122781716292 0.14297353129158072 
0.0197 1 0.19227423228500046 0.44120302049875115 
0.1107 1 0.09268081624177445 0.1639702152929985 
0.1956 1 0.23168586946295808 0.3781053136158065 
0.6544 3 0.20364809298098754 0.4396243278969103 
0.0073 1 0.09170008614891223 0.1292113832659647 
0.1223 1 0.15089806302925107 0.2713013782707146 
0.2279 2 0.1389253396754602 0.20663768135299795 
0.7555 3 0.15293341266641952 0.4029116725004527 
0.7920 3 0.40324879308741873 1.214905421104266 
0.1045 1 0.10331475506200785 0.1974102959183351 
0.0535 1 0.13813602968360933 0.18187383342540084 
0.3612 2 0.2279185661182889 0.37732147874460825 
0.7929 3 0.19423042698624918 0.4878697790555376 
0.0175 1 0.07769215617509545 0.20076020186124552 
0.0691 1 0.10602491452480448 0.18133400183646148 
0.0417 1 0.2010123852287123 0.16298670768667456 
0.2567 2 0.0596042892280191 0.1761558502377613 
0.0181 1 0.04088970535331758 0.08893965527940931 
0.3925 2 0.21237003727930043 0.4402310924247802 
0.6658 3 0.18821897464041462 0.1652399382541255 
0.2347 2 0.09673953133070126 0.2004749356085659 
0.6258 3 0.17759082040706864 0.36333521788598727 
0.2709 2 0.21047230969702002 0.4803869980451201 
0.4325 3 0.21904536670083746 0.29980156550380344 
0.3764 2 0.11976779557799928 0.17074397142366693 
0.2227 2 0.151316549876206 0.16003606655027272 
0.2336 2 0.10478213547907282 0.2355665885307717 
0.2879 2 0.12932701079640438 0.15639223241964384 
0.4801 3 0.22389663565303947 0.43705929663067716 
0.6958 3 0.290140028921672 0.8820174513854185 
0.5568 3 0.10370292154470784 0.22879127327780827 
0.1260 1 0.1600408769493991 0.3241515561649552 
0.3774 2 0.192678158611966 0.3630046989062883 
0.4101 3 0.22124490959033488 0.7937789567955051 
0.2600 2 0.19479673877517684 0.4040869621880427 
0.2096 2 0.06379757326804189 0.14489881848139663 
0.3256 2 0.21391378439171174 0.3021553535872526 
0.4199 3 0.1752336287057561 0.28288457107343556 
0.2159 2 0.09167916568408321 0.14822986461482768 
0.0472 1 0.07467403513859953 0.16923675965466045 
0.1577 1 0.08660809946695171 0.1254849286571679 
0.0745 1 0.08584407523811426 0.23102702852885346 
0.0442 1 0.14961269827965792 0.1827518555662485 
0.1259 1 0.1286246073043496 0.28423871022944946 
0.2904 2 0.19682966096602753 0.49243273701006396 
0.5096 3 0.24562278221203582 0.4501506467443547 
0.6273 3 0.2252277185648773 0.36199668473267216 
0.5280 3 0.19588269481011897 0.3280741697426269 
0.4573 3 0.27174057514851263 0.5663367749166645 
0.1199 1 0.08014730170686829 0.19320441758175086 
0.3705 2 0.15783571399949964 0.4180155962521901 
0.0581 1 0.41246088917211515 1.5383393699920742 
0.3256 2 0.2117822826842545 0.26574603540171 
0.2169 2 0.17178957350876417 0.20416102056969335 
0.0507 1 0.1356910414440943 0.2481079555471271 
0.1803 1 0.12378182090600538 0.1922868640490969 
0.6086 3 0.2866239464026429 0.8637730035259122 
0.2958 2 0.1103870583634053 0.1827598528021316 
0.2525 2 0.06325593573797803 0.11404153315562339 
0.4985 3 0.24755739033935892 0.9869864136208639 
0.8442 3 0.20774087317674833 0.6756724726365553 
0.5153 3 0.20922275765047674 0.5531069827553405 
0.2026 2 0.1694166028712146 0.27592130871031967 
0.6985 3 0.6718863500619107 0.904018608384846 
0.4225 3 0.32815856491252665 1.2283643840070355 
0.4640 3 0.20079010188058474 0.22631651196413538 
0.0555 1 0.05552752937884391 0.1085664202033413 
0.2875 2 0.21656443854755966 0.2989946917925365 
0.3753 2 0.31190383024546875 0.8810629618084054 
0.3832 2 0.14580901361059756 0.16653011129996287 
0.2238 2 0.11940221624609726 0.21575716148679627 
0.0079 1 0.03562231063082455 0.08568815336558165 
0.4243 3 0.1735521807087041 0.33376663447582566 
0.0167 1 0.0739037889342731 0.09271957722390865 
0.4773 3 0.0964690523624914 0.20746407078941784 
0.2627 2 0.2436254352229567 0.48197880578779856 
0.0668 1 0.14040202485451808 0.22449315295504718 
0.5962 3 0.17694246924518925 0.3110446791212832 
0.0412 1 0.1139599643400051 0.2359005440802164 
0.1631 1 0.2910278391132393 0.39709009194946593 
0.3080 2 0.13247963014484088 0.20166077449777872 
0.0453 1 0.11277508168808761 0.17847918735354415 
0.3063 2 0.10849202432713753 0.11845999991638408 
0.1448 1 0.10234987976144491 0.1894468415229931 
0.0137 1 0.04407226548300519 0.10151476445580293 
0.3864 2 0.2465581923292226 0.509858887675925 
0.2777 2 0.039474026133276344 0.10242985199840561 
0.4473 3 0.1048658813356443 0.1724950792111771 
0.2409 2 0.2134826256208687 0.4138769722554294 
0.0159 1 0.05215901391629614 0.10988405524424011 
0.1909 1 0.053883958054436784 0.095669952096194 
0.5228 3 0.37949353835365496 0.8301087531570168 
0.1299 1 0.09437595276228686 0.23222187330604543 
0.3947 2 0.1732711358026387 0.26424578656297437 
0.2280 2 0.1941050363921069 0.32710729565242896 
0.5097 3 0.20949010450766076 0.3601750904659622 
0.0422 1 0.06199042375237229 0.10891468379514542 
0.3810 2 0.21687278854524075 0.29282625892909897 
0.9102 3 0.3520249842732289 1.046620534373727 
0.1867 1 0.14285105268763348 0.05191116056610082 
0.2887 2 0.27706249789432286 0.8056793296222658 
0.3905 2 0.29339414679091896 0.4925643604353749 
0.4293 3 0.24024409959145787 0.5171851856984512 
0.2733 2 0.19867188635504845 0.38151921935586836 
0.2225 2 0.23190095339041705 0.24528322306831418 
0.9015 3 0.31806552861645065 0.7425278346114345 
0.4468 3 0.1748789216035411 0.5030413138976881 
0.1498 1 0.10514141104652733 0.13986543931707293 
0.4099 3 0.06534705017571049 0.13237935752420124 
0.2541 2 0.170919635578528 0.175262338637514 
0.6509 3 0.3260218752834578 0.4176392697209586 
0.3326 2 0.1746405634675747 0.3547280598190219 
0.3015 2 0.03855589740159181 0.09846231470953043 
0.4787 3 0.1798960065678075 0.6613018669754669 
0.1604 1 0.09546859989620027 0.20760399873253624 
0.4580 3 0.19511982092313976 0.21502740015628882 
0.0078 1 0.08069354599948615 0.09688870375686014 
0.5002 3 0.10684297607531401 0.20736785764536436 
0.5685 3 0.30451112972194005 0.30408888349884583 
0.1951 1 0.06901263189066444 0.133061717588136 
0.4743 3 0.15272178070382514 0.21391117731562026 
0.1796 1 0.0875958578306211 0.23937810147746313 
0.2291 2 0.4249506408258221 0.9295346818662542 
0.2484 2 0.07827494467311973 0.18563358307486819 
0.1746 1 0.5236939829265694 1.3017655863883155 
0.4914 3 0.3394944028122611 0.9322799401560088 
0.5479 3 0.11480895740886314 0.16837855424923176 
0.0131 1 0.06194279092098328 0.10155422029039657 
0.0112 1 0.14474403237642977 0.30334198129994716 
0.4021 3 0.06742563242315498 0.07786996879522778 
0.1538 1 0.21620663165385795 0.5928632569280251 
0.2443 2 0.09380195830771032 0.20444015831399337 
0.0233 1 0.1401280420677045 0.17797146653663168 
0.2357 2 0.047204013628410216 0.07610087966979777 
0.0917 1 0.07955465042933019 0.19899266748146535 
0.1291 1 0.11449463548451673 0.27351979064391996 
0.6345 3 0.2689891869537179 0.7855163119793974 
0.0565 1 0.15121321375867353 0.37485489835380903 
0.0955 1 0.10634251956367453 0.22424837642915896 
0.8143 3 0.33824139287862237 0.9955518747047373 
0.0754 1 0.2183094461464316 0.31299853279663215 
0.2474 2 0.06315017135165404 0.1468103160674816 
0.8334 3 0.22258433592085108 0.6058549963664079 
0.0155 1 0.09641887222141403 0.17113794798002757 
0.1344 1 0.17517109785262952 0.3401700401680557 
0.6003 3 0.15373277322194007 0.13513237920527962 
0.7768 3 0.29867542835458327 0.5804225082815457 
0.2965 2 0.138107804714989 0.10588995242113661 
0.3121 2 0.17377628141641235 0.2621490088290892 
0.7394 3 0.33653879051542906 0.8011156809874005 
0.5506 3 0.08722608651614208 0.09943078220698395 
0.6981 3 0.19113938691158805 0.4400033843677119 
0.4953 3 0.31278055124172244 0.4028380074817709 
0.0763 1 0.12053749303270526 0.16474219878515534 
0.3370 2 0.17535039624935042 0.2652185028567236 
0.0909 1 0.04977252339943624 0.09354822684834373 
0.3046 2 0.23145887496621825 0.11500650741760067 
0.6690 3 0.2778020778223243 0.3300342785939598 
0.4788 3 0.08936560850627245 0.1759405910661258 
0.7991 3 0.4985065450948391 0.965474824480778 
0.1147 1 0.1018586450002803 0.1523408543350342 
0.3854 2 0.12499749466872541 0.16744669871405224 
0.3626 2 0.048847967799571144 0.06091732038589724 
0.2242 2 0.24892729279488796 0.24317084257819804 
0.5831 3 0.2627528940216455 0.32773746969616185 
0.2057 2 0.08113730599403152 0.14367450179218774 
0.4089 3 0.3383492332888805 0.49180344765942086 
0.0962 1 0.07376657555733565 0.17588871381232246 
0.5045 3 0.40128671662852333 0.6722761750981883 
0.3532 2 0.31737963082467147 0.5790414697894266 
0.0915 1 0.1901119039352718 0.3382661957666461 
0.3463 2 0.16371886669134833 0.4005868664015088 
0.0278 1 0.05461932218883062 0.10256360507960863 
0.3729 2 0.12562154767305128 0.12730885446981996 
0.3351 2 0.08151680650743266 0.10153082650987175 
0.5962 3 0.10600392325494079 0.20280607997703134 
0.0944 1 0.089558087452671 0.07249220619111557 
0.4604 3 0.16108772314813682 0.23537728602069488 
0.6284 3 0.22031099406776802 0.3753995384334088 
0.8672 3 0.37987087849766027 2.247587005923495 
0.7566 3 0.26798413626990814 0.8880955023164003 
0.1886 1 0.16537812847900174 0.33396395311668176 
0.3989 2 0.17775239696264886 0.4036950596736643 
0.2501 2 0.12391652258690589 0.16888957676385283 
0.1398 1 0.03594122088618383 0.09577168932565142 
0.3484 2 0.1259786407475072 0.22429607456843723 
0.6734 3 0.3546354777512898 0.26226684951344886 
0.1667 1 0.18396406661086984 0.19290604428932695 
0.4779 3 0.19562402382686525 0.2145283268524306 
0.2707 2 0.14633470038923602 0.27864163017813887 
0.6194 3 0.17476270555093376 0.38145430837701405 
0.2750 2 0.12613145299149633 0.24290820806654537 
0.3570 2 0.19860898666488908 0.5535622174705852 
0.5911 3 0.06290490830542003 0.19395454123505937 
0.6171 3 0.19196575501085925 0.4469560095584742 
0.3639 2 0.11100377585865906 0.22465696147991246 
0.2542 2 0.09795713433163675 0.17342631894443425 
0.1077 1 0.17482068718129454 0.12328324201466334 
0.6713 3 0.23987822156693714 0.2834841414363588 
0.3361 2 0.06788865753396979 0.14787500344281668 
0.5310 3 0.15518252744792374 0.40475772576810976 
0.5934 3 0.10660126570763273 0.28607425952574295 
0.4983 3 0.1337669951558469 0.25590164939252297 
0.2928 2 0.1369355138976017 0.27901632832592005 
0.3202 2 0.14696200955571212 0.2116567826720376 
0.6709 3 0.16468954013576775 0.31523795511702146 
0.7441 3 0.19947137621895572 0.683674272881881 
0.7578 3 0.22433248772881081 0.8047904456318546 
0.8635 3 0.32060950515485437 0.8057295095207674 
0.8376 3 0.09172599298592214 0.20476231140018222 
0.1754 1 0.18278599238764287 0.2687796749195596 
0.0162 1 0.09444638115252149 0.14376872705176474 
0.3274 2 0.17714541447673393 0.3882900379312765 
0.2966 2 0.061079008316555064 0.15445715109042765 
0.1058 1 0.09348280820572244 0.13498093081013315 
0.3091 2 0.1490075839567752 0.1959681011547825 
0.4564 3 0.09253124988146184 0.16195059781424545 
0.1477 1 0.138768296307897 0.1881774168632166 
0.4682 3 0.09841246511634105 0.12415238534859682 
0.2496 2 0.18091817893131473 0.27326376027135724 
0.3259 2 0.2598096413975509 0.3467211529081519 
0.9046 3 0.27409939085939 0.6390735826548164 
0.4488 3 0.14415501711968845 0.28074900267418756 
0.7750 3 0.31328054750646583 0.8221268501056379 
0.3117 2 0.09936691281595687 0.20458160515555002 
0.6362 3 0.12158211822056093 0.2896434395961442 
0.3779 2 0.19180097784227684 0.2850924013787677 
0.3139 2 0.13781592583795427 0.14016960009954774 
0.0231 1 0.03887507721027757 0.11808154590253989 
0.3276 2 0.18459406312337445 0.3096927601901808 
0.5869 3 0.16604073237054737 0.27776469436531565 
0.2116 2 0.04244475700333828 0.07318963897096264 
0.1433 1 0.061883735077155756 0.2064210443272236 
0.0166 1 0.09724879971064859 0.2196672304144593 
0.0044 1 0.07301891333029933 0.0993769415170116 
0.2887 2 0.08163092790652504 0.18748978495605528 
0.3772 2 0.2136612681815065 0.3854039639684729 
0.1528 1 0.05339619057575488 0.11395446268050856 
0.5566 3 0.24687404456247236 0.634824056553839 
0.4049 3 0.16029402529066344 0.24276824534265418 
0.3286 2 0.2479129600860285 0.5522391012954203 
0.1577 1 0.16795063132106253 0.19081574773942267 
0.1027 1 0.09492754622493513 0.19805523185624724 
0.3597 2 0.16378213449363024 0.18172112363195253 
0.1615 1 0.054924421682206126 0.08641586888236884 
