0.3230 2 0.0736946000000001 0.10646947199739289 
0.4241 3 0.16540490000000002 0.48454258131951283 
0.1455 1 0.17974639999999997 0.589147907225992 
0.0549 1 0.09818130000000003 0.09146247080807474 
0.0321 1 0.09573410000000002 0.212210804313359 
0.1544 1 0.09359800000000013 0.11173365166058394 
0.0348 1 0.09115080000000009 0.10984705862847564 
0.3762 2 0.10485029999999998 0.3661157674319271 
0.0157 1 0.09103029999999991 0.17495645021949288 
0.2052 2 0.09309889999999996 0.15484077506726635 
0.1316 1 0.08330890000000013 0.12101802683571838 
0.1590 1 0.0844146 0.2208845121080937 
0.4665 3 0.1405015 0.6623685373548373 
0.0854 1 0.05776179999999977 0.1128988171041852 
0.0821 1 0.10710260000000009 0.1592697791909801 
0.1034 1 0.04633159999999996 0.15793687276927335 
0.3908 2 0.16589879999999976 0.4018665250836172 
0.0138 1 0.09089549999999993 0.11177134623767003 
0.1118 1 0.1020455000000001 0.09791951477813107 
0.1023 1 0.1831122999999999 0.27803763484498656 
0.1360 1 0.09438720000000009 0.14773290026541377 
0.0480 1 0.06562009999999996 0.11280999721029374 
0.1312 1 0.09185879999999995 0.2825630080236864 
0.6522 3 0.20855739999999998 0.24267801589775168 
0.0464 1 0.09464400000000009 0.3658569263311781 
0.2755 2 0.1350337 0.26940494459947206 
0.0986 1 0.1162234999999999 0.31306143729619534 
0.3083 2 0.10221959999999994 0.21120297926635134 
0.4163 3 0.13298149999999992 0.21632385763558043 
0.2387 2 0.10683909999999992 0.11305432820622117 
0.1785 1 0.04803129999999996 0.07603030394321637 
0.1302 1 0.10649059999999984 0.1539160425252273 
0.4027 3 0.14142819999999975 0.31223390180542687 
0.8351 3 0.11731089999999995 0.23512858525934305 
0.3138 2 0.15513070000000023 0.2537069408852673 
0.1016 1 0.09919399999999998 0.24005797335484602 
0.2670 2 0.15322559999999988 0.30968848380432923 
0.2672 2 0.15853209999999987 0.585885943836204 
0.1923 1 0.18252409999999983 0.32770514929160166 
0.0756 1 0.09193039999999988 0.1745922040761937 
0.3178 2 0.15495229999999993 0.2589853132942508 
0.1233 1 0.07460559999999986 0.14208122345043622 
0.2444 2 0.09728520000000011 0.15841506893345594 
0.0876 1 0.06133619999999986 0.10706533052271758 
0.0388 1 0.09619030000000016 0.12349056004567707 
0.0642 1 0.0895998000000002 0.10406609168197437 
0.0775 1 0.13598819999999998 0.25241579005621256 
0.0062 1 0.07262289999999996 0.1727173372884691 
0.2238 2 0.08425560000000003 0.23868457851922845 
0.1136 1 0.08604749999999997 0.19892409112391543 
0.3494 2 0.16432679999999988 0.334377528106453 
0.0183 1 0.04682159999999994 0.09901101832873978 
0.2407 2 0.12484510000000011 0.29848708447566563 
0.0941 1 0.0738944999999999 0.1240050498736665 
0.1968 1 0.12087000000000003 0.32171281089125664 
0.0420 1 0.18179300000000012 0.8070231749503759 
0.2797 2 0.14314489999999996 0.26318490265958827 
0.2854 2 0.16516150000000002 0.2541627264065017 
0.0679 1 0.10078460000000011 0.16520715980221837 
0.1384 1 0.09811800000000008 0.11905584019911235 
0.2155 2 0.10657620000000004 0.23930114185725354 
0.0501 1 0.11209759999999994 0.15105442139652264 
0.2786 2 0.10019420000000005 0.15881011963711053 
0.4785 3 0.17817120000000022 0.7284189686819369 
0.4886 3 0.21940089999999982 0.6589932440054584 
0.2549 2 0.14439259999999995 0.5910294788383033 
0.1009 1 0.1141233999999999 0.20028379123890644 
0.3434 2 0.14237900000000003 0.46041852429855273 
0.5056 3 0.12806299999999987 0.7886494152279977 
0.3470 2 0.11247630000000013 0.1897944405833825 
0.0223 1 0.08250919999999988 0.12147381115156601 
0.1187 1 0.11224629999999994 0.21658383352362143 
0.3250 2 0.0882279999999998 0.21564726624337066 
0.1515 1 0.21682710000000008 0.3640762202368072 
0.3409 2 0.16239819999999988 0.35651709135537435 
0.0080 1 0.10194090000000007 0.1007817555833801 
0.1905 1 0.16319379999999997 0.426560092466465 
0.0070 1 0.0740059999999999 0.0892971430333334 
0.1105 1 0.08130489999999992 0.2026191005485615 
0.0304 1 0.0630211 0.14929444824633215 
0.0519 1 0.11023550000000024 0.16553627155126707 
0.3245 2 0.16863050000000016 0.38773868228796327 
0.0302 1 0.10231059999999995 0.14993532654715724 
0.1745 1 0.09509119999999989 0.17715571376038777 
0.1400 1 0.12344330000000008 0.21345158807239908 
0.0216 1 0.11876630000000002 0.1902473947651202 
0.1423 1 0.10501589999999986 0.12677313937796858 
0.1103 1 0.08018120000000008 0.19602894244322394 
0.0010 1 0.05558099999999988 0.08384534758147447 
0.1123 1 0.11391679999999975 0.23239196574636725 
0.1001 1 0.06663829999999989 0.07947217234400804 
0.2934 2 0.1451105999999999 0.34671791615300407 
0.0434 1 0.06793070000000012 0.14045495338881678 
0.0358 1 0.09935370000000007 0.10183570060897294 
0.0937 1 0.0684417000000002 0.10248504250180379 
0.4196 3 0.15150530000000004 0.3723990277435077 
0.4065 3 0.13272199999999998 0.21640473991945336 
0.4631 3 0.17086850000000006 0.22458279406081066 
0.1686 1 0.10796070000000013 0.2098571942349635 
0.3038 2 0.19481400000000004 0.3859495097403456 
0.0910 1 0.06264529999999995 0.10458265765880569 
0.3351 2 0.12206429999999976 0.23944566134683626 
0.7728 3 0.17729559999999994 0.6222186866466621 
0.1366 1 0.08070950000000014 0.09233551037258958 
0.1196 1 0.09188120000000007 0.5139534999754722 
0.0874 1 0.16174339999999998 0.24613996094128382 
0.1194 1 0.09996359999999993 0.2216640287284873 
0.2344 2 0.20391700000000013 0.41295908592527586 
0.2421 2 0.12964569999999997 0.2984117238778392 
0.6208 3 0.16930099999999995 0.40017828636444447 
0.3272 2 0.07758250000000008 0.19740231110882536 
0.1929 1 0.08103710000000017 0.12557257223800813 
0.2214 2 0.11353140000000009 0.1980576197389031 
0.1447 1 0.17094619999999994 0.19720818787398445 
0.2765 2 0.17356219999999994 0.22569546127454929 
0.2278 2 0.11536199999999992 0.22587338402637014 
0.0604 1 0.08512950000000012 0.1812201307837755 
0.1378 1 0.1739475 0.8527159404185551 
0.1240 1 0.10064439999999997 0.2582182845882354 
0.2072 2 0.18779050000000014 0.3632933948460637 
0.0070 1 0.11625240000000021 0.10867654566895227 
0.2427 2 0.08486080000000001 0.18022837577792347 
0.4847 3 0.11031139999999999 0.30133548697537954 
0.1176 1 0.10677250000000002 0.21246841298414954 
0.0707 1 0.11427850000000013 0.46125841443738985 
0.0299 1 0.1131781000000002 0.14535147703996829 
0.1354 1 0.11169119999999992 0.354523403656294 
0.0551 1 0.13341260000000005 0.1889533755037946 
0.2311 2 0.09781539999999994 0.20263584782978497 
0.5704 3 0.15831030000000018 0.3527363737872989 
0.4316 3 0.14756229999999998 0.35479125522482985 
0.0000 1 0.04561899999999995 0.09583516346297893 
0.0186 1 0.045861399999999976 0.10437144251858851 
0.2012 2 0.07815300000000014 0.08030772112234247 
0.0705 1 0.07186080000000013 0.13587164721681302 
0.1078 1 0.09273749999999978 0.16301020995201473 
0.0192 1 0.10131879999999993 0.14493512718283844 
0.0497 1 0.0898045000000001 0.1294379885767336 
0.0288 1 0.0980799000000001 0.19155730167049614 
0.0872 1 0.08633269999999979 0.13453257579544894 
0.3930 2 0.2161236999999999 0.4587210796463696 
0.0007 1 0.060408499999999934 0.12024049901656374 
0.0753 1 0.10383370000000007 0.14586311212523817 
0.3910 2 0.11109509999999997 0.3886849670211283 
0.1535 1 0.15218210000000004 0.3144038681935064 
0.1524 1 0.08163759999999991 0.1524894754007037 
0.1801 1 0.10865330000000002 0.2325754507794942 
0.0325 1 0.07178860000000001 0.0985470140378108 
0.1004 1 0.12481250000000003 0.28303988675861746 
0.5503 3 0.1493676999999999 0.13393416163601407 
0.1338 1 0.1382981000000001 0.13036174119836572 
0.3929 2 0.15599869999999988 0.15499323656170882 
0.2168 2 0.14040089999999986 0.2590161616889627 
0.5309 3 0.24762699999999996 0.8127893787169047 
0.0272 1 0.1054903999999998 0.15407052980930686 
0.3142 2 0.16406420000000002 0.5509864638929458 
0.2601 2 0.16752499999999998 0.29203538467019485 
0.0899 1 0.10836290000000023 0.1403901792517047 
0.1180 1 0.12408870000000005 0.20578715657350338 
0.0604 1 0.13796209999999975 0.188479907275104 
0.2240 2 0.1693721999999998 0.1751379087876698 
0.3084 2 0.17492790000000008 0.2724662480070792 
0.3781 2 0.18354819999999994 0.401825124669775 
0.5828 3 0.15323670000000011 0.7203380001370935 
0.1085 1 0.12622000000000005 0.20370991396687294 
0.2377 2 0.11026530000000023 0.17609822971536243 
0.0572 1 0.09613959999999973 0.10670449068865384 
0.1043 1 0.20307210000000014 0.39915924293213073 
0.5135 3 0.1885991999999997 0.3636182271864603 
0.2217 2 0.1753906 0.19315544074390442 
0.4822 3 0.2472465000000001 0.4889560569115698 
0.0778 1 0.07582409999999995 0.10008520976530647 
0.1241 1 0.08509149999999992 0.14172490717262073 
0.2867 2 0.15630640000000004 0.39412044795484025 
0.0776 1 0.09057500000000004 0.18695682937062058 
0.5236 3 0.12336599999999998 0.3236372092206238 
0.0049 1 0.0652825 0.09224514092167199 
0.1168 1 0.13836490000000007 0.20307963749483204 
0.4455 3 0.16669089999999995 0.2686378666724074 
0.7577 3 0.14261649999999987 0.29893995580416155 
0.2145 2 0.15562180000000003 0.08800041162700642 
0.2693 2 0.12846250000000015 0.20245076707000415 
0.1348 1 0.12769370000000008 0.2830313002804372 
0.5836 3 0.1459215999999999 0.47367004651648864 
0.4885 3 0.13883320000000007 0.32004225874708647 
0.2636 2 0.13006310000000004 0.23151905628702157 
0.2577 2 0.13574050000000004 0.5206168042459417 
0.0852 1 0.10264989999999999 0.16952165186446766 
0.0359 1 0.05007159999999998 0.07970422046074543 
0.2484 2 0.14232200000000023 0.3274752377435333 
0.3793 2 0.2073009999999999 0.27203858456906105 
0.0665 1 0.14379699999999992 0.2821618819897207 
0.2031 2 0.15118300000000015 0.2359368546135919 
0.3359 2 0.1050829999999999 0.22040276400233644 
0.5702 3 0.16227689999999997 0.33647872454455324 
0.4538 3 0.1866748999999999 0.3256764237107679 
0.2254 2 0.10023910000000016 0.19174648456262075 
0.2407 2 0.07091580000000003 0.1387008863990627 
0.3239 2 0.20480249999999994 0.3567641070111864 
0.1263 1 0.09865519999999987 0.17591359984250096 
0.0400 1 0.1253168999999999 0.1848349612872813 
0.1648 1 0.09617250000000008 0.2862231060120657 
0.6875 3 0.23750779999999994 0.45723023022052217 
0.0932 1 0.11980459999999996 0.19275669136681162 
0.3951 2 0.08320680000000001 0.17412800507387682 
0.2756 2 0.13764739999999998 0.25554280423523407 
0.3341 2 0.14166029999999988 0.29216741465891005 
0.1570 1 0.17637040000000012 0.2575395488339901 
0.1052 1 0.11509710000000004 0.1949976746822326 
0.1413 1 0.1559900000000001 0.24271785089196918 
0.4980 3 0.14326590000000006 0.3769822991580966 
0.5529 3 0.11216669999999995 0.4250803531557124 
0.4697 3 0.11469219999999991 0.24844636691168293 
0.7714 3 0.2169444000000001 0.30097670409805305 
0.0933 1 0.10568800000000014 0.18917523138832412 
0.0141 1 0.09449409999999991 0.1659008104590778 
0.0864 1 0.11156499999999987 0.25546520492042285 
0.1632 1 0.0868063999999999 0.14540868177883218 
0.0655 1 0.11065710000000009 0.12264628497331306 
0.1474 1 0.11518710000000021 0.22786509973257418 
0.2634 2 0.16153459999999983 0.37175243871550046 
0.0765 1 0.1259042000000003 0.19258566128436092 
0.3018 2 0.1466051000000001 0.3139178153517089 
0.1447 1 0.11407060000000017 0.16912289310020298 
0.1480 1 0.12436760000000016 0.34100774047654786 
0.7815 3 0.24290740000000008 0.6373380367612277 
0.2248 2 0.14951280000000006 0.24623623324895275 
0.7329 3 0.1476974000000001 0.33917223952173203 
0.0256 1 0.10212129999999983 0.14187673566240372 
0.5314 3 0.1557331000000001 0.28812256541289316 
0.1433 1 0.0833910999999998 0.14317671930130718 
0.3286 2 0.0917961 0.1377449648565187 
0.0223 1 0.08649810000000016 0.0995775362538592 
0.0962 1 0.13774230000000023 0.24835286986280408 
0.3849 2 0.12650549999999988 0.22064208007731997 
0.0955 1 0.11583539999999988 0.10575202202216631 
0.1266 1 0.09778020000000016 0.1972977140802178 
0.1146 1 0.09111750000000021 0.11091246807938604 
0.0678 1 0.08074490000000023 0.10654943989647861 
0.1549 1 0.11792900000000002 0.2501145115479206 
0.2377 2 0.15428639999999988 0.3596878600350165 
0.1711 1 0.08667229999999995 0.144961408111835 
0.2721 2 0.11275340000000007 0.4929084325770934 
0.1329 1 0.13991780000000006 0.21988626380182916 
0.1817 1 0.13195830000000003 0.29820090926162673 
0.0479 1 0.17925130000000022 0.24352921499941388 
0.0658 1 0.0958805000000004 0.16071574957789245 
0.2303 2 0.11325519999999986 0.20660041871375523 
0.1374 1 0.13905380000000006 0.1969401535965465 
