0.3230 2 0.01706253055055987 0.0736946000000001 0.08746671396661719 0.10646947199739289 0.04537856527527998 0.019458957641912904 1.0561720315703536 
0.1455 1 0.026740207775266197 0.17974639999999997 0.5026302679849902 0.589147907225992 0.10324330388763309 0.11163729669774446 1.6778548505358823 
0.0549 1 0.02401167489136636 0.09818130000000003 0.06867954459303464 0.09146247080807474 0.06109648744568319 0.020834141228272287 1.0441723260074518 
0.0321 1 0.019587853878344726 0.09573410000000002 0.16910028711975592 0.212210804313359 0.05766097693917237 0.0353785925070788 1.1492159717701285 
0.1544 1 0.01898108335920478 0.09359800000000013 0.08475649452840638 0.11173365166058394 0.056289541679602456 0.025173061713930536 1.0708008904709718 
0.3762 2 0.026950231909948386 0.10485029999999998 0.2640706274427898 0.3661157674319271 0.06590026595497418 0.054897555164936836 1.2557364351507339 
0.0157 1 0.01938747686136927 0.09103029999999991 0.1388343514366289 0.17495645021949288 0.05520888843068459 0.029640356558820836 1.1046537090320505 
0.2052 2 0.016804443948932022 0.09309889999999996 0.11098937779303858 0.15484077506726635 0.05495167197446599 0.03045504922522798 1.090581903711363 
0.1316 1 0.012445683449798807 0.08330890000000013 0.07994144240051623 0.12101802683571838 0.04787729172489947 0.02558144342911706 1.0776047932315338 
0.4665 3 0.029515956694722654 0.1405015 0.5459462190485309 0.6623685373548373 0.08500872834736133 0.10516289685692294 1.6949659656588405 
0.0854 1 0.01150279611078734 0.05776179999999977 0.08106649003350297 0.1128988171041852 0.03463229805539356 0.014590040391262674 1.039631479886745 
0.0821 1 0.022219765324420482 0.10710260000000009 0.1290831978208918 0.1592697791909801 0.06466118266221028 0.033608357102380394 1.1167387915541043 
0.1034 1 0.009544207276921145 0.04633159999999996 0.12862848336629878 0.15793687276927335 0.027937903638460552 0.014350630209342099 1.0508990239701443 
0.0138 1 0.01779922413660334 0.09089549999999993 0.08123482909661577 0.11177134623767003 0.05434736206830164 0.02353409035665804 1.0644914825354994 
0.1118 1 0.02357764407120828 0.1020455000000001 0.0729682512182473 0.09791951477813107 0.06281157203560418 0.024599410522428984 1.0622857582230927 
0.1023 1 0.03450860595735295 0.1831122999999999 0.2170953847680348 0.27803763484498656 0.10881045297867642 0.07958084212983717 1.3072900553856799 
0.1360 1 0.017321915178181855 0.09438720000000009 0.10450562177113008 0.14773290026541377 0.05585455758909097 0.031296289575373094 1.0952304578602707 
0.1312 1 0.020339830536179177 0.09185879999999995 0.2136756305777095 0.2825630080236864 0.05609931526808956 0.039826649770573805 1.1834337752631403 
0.6522 3 0.036953208742457486 0.20855739999999998 0.19530472375741434 0.24267801589775168 0.12275530437122872 0.07476686269654509 1.2585485647830186 
0.0464 1 0.02185700171657726 0.09464400000000009 0.305151242898977 0.3658569263311781 0.05825050085828867 0.04765536538096059 1.275909239017273 
0.2755 2 0.023805446980890904 0.1350337 0.2131660540094024 0.26940494459947206 0.07941957349044546 0.05274430277658114 1.1832656441406069 
0.3083 2 0.017208817751884264 0.10221959999999994 0.15441307479765382 0.21120297926635134 0.0597142088759421 0.0357472671148777 1.1060600738374915 
0.4163 3 0.02514946866601555 0.13298149999999992 0.1661055122021852 0.21632385763558043 0.07906548433300774 0.05085534916200387 1.2431594453670787 
0.2387 2 0.01960434050665178 0.10683909999999992 0.0805291270791547 0.11305432820622117 0.06322172025332586 0.029072670197506048 1.0799597173374946 
0.1785 1 0.01061415765158275 0.04803129999999996 0.06124156421529437 0.07603030394321637 0.029322728825791355 0.011648685179406676 1.0277435391329386 
0.4027 3 0.028037768162898477 0.14142819999999975 0.24857888298374484 0.31223390180542687 0.08473298408144911 0.06194545627056724 1.273778719249734 
0.8351 3 0.02642332368721889 0.11731089999999995 0.16444765947436066 0.23512858525934305 0.07186711184360942 0.047233990687631774 1.2089270389253024 
0.3138 2 0.025959864812716667 0.15513070000000023 0.2011703737659167 0.2537069408852673 0.09054528240635845 0.06357479799153633 1.3035047293717328 
0.1016 1 0.02180608918223827 0.09919399999999998 0.17097533641372745 0.24005797335484602 0.06050004459111912 0.04021485087569631 1.1674920077013158 
0.2672 2 0.03785086989288822 0.15853209999999987 0.4404087521274353 0.585885943836204 0.09819148494644404 0.11223945390369036 1.704287103564962 
0.1923 1 0.04022908067228966 0.18252409999999983 0.25852863404274873 0.32770514929160166 0.11137659033614475 0.08703312756885301 1.486378655862948 
0.0756 1 0.018104175122406023 0.09193039999999988 0.12347698463070837 0.1745922040761937 0.05501728756120296 0.034007660947577165 1.1221805965004394 
0.3178 2 0.032454111885328374 0.15495229999999993 0.1946882034068028 0.2589853132942508 0.09370320594266415 0.06566305352367309 1.289411656719116 
0.2444 2 0.01998079723506807 0.09728520000000011 0.1231378595315015 0.15841506893345594 0.05863299861753409 0.03163889463794811 1.1092014494942415 
0.0876 1 0.014317343324788982 0.06133619999999986 0.09178669313425589 0.10706533052271758 0.03782677166239442 0.016715597083043647 1.0494700862484974 
0.0388 1 0.01996855276452362 0.09619030000000016 0.09692782985127814 0.12349056004567707 0.05807942638226189 0.026302375180345245 1.079015335827499 
0.0642 1 0.01757586603917507 0.0895998000000002 0.08201947740033652 0.10406609168197437 0.05358783301958764 0.023610180083833563 1.0683108285989296 
0.0062 1 0.014092556955195571 0.07262289999999996 0.13327543224933916 0.1727173372884691 0.043357728477597765 0.022690605960203565 1.081774861681433 
0.2238 2 0.01841377906957884 0.08425560000000003 0.19308146484560237 0.23868457851922845 0.05133468953478944 0.03379578277483184 1.1573069085849779 
0.1136 1 0.020729995761034105 0.08604749999999997 0.13881778806603198 0.19892409112391543 0.053388747880517035 0.03579742767297261 1.124397770868995 
0.3494 2 0.03534464902604467 0.16432679999999988 0.2859315305528896 0.334377528106453 0.09983572451302228 0.07641790518567544 1.3977625873324646 
0.2407 2 0.029235331848111012 0.12484510000000011 0.23807280505754486 0.29848708447566563 0.07704021592405556 0.05673964716475582 1.3062333851666252 
0.0941 1 0.015186001616955307 0.0738944999999999 0.09691973775124538 0.1240050498736665 0.04454025080847761 0.020584391865760613 1.0621879501198146 
0.1968 1 0.028994755143401815 0.12087000000000003 0.2363513971246311 0.32171281089125664 0.07493237757170093 0.0568632467507159 1.2689308175001492 
0.0420 1 0.039437916249406964 0.18179300000000012 0.6463979840447198 0.8070231749503759 0.11061545812470354 0.16251919119199223 2.476692112427236 
0.2854 2 0.03118005696367575 0.16516150000000002 0.19886838992128505 0.2541627264065017 0.09817077848183789 0.06372346056667882 1.266359044695473 
0.0679 1 0.019844111395392935 0.10078460000000011 0.1289449505057671 0.16520715980221837 0.060314355697696526 0.03189236497452187 1.1108131451223413 
0.1384 1 0.021018460970628143 0.09811800000000008 0.0920120594185178 0.11905584019911235 0.05956823048531411 0.026467703712133014 1.0760164157422976 
0.2155 2 0.022136181874519892 0.10657620000000004 0.1846945177392947 0.23930114185725354 0.06435619093725997 0.042209850585384005 1.1838982899533277 
0.2786 2 0.022338727002015557 0.10019420000000005 0.13016083879121917 0.15881011963711053 0.061266463501007805 0.030179640042880408 1.1006153159472432 
0.4785 3 0.036695392399616375 0.17817120000000022 0.6397051367941188 0.7284189686819369 0.10743329619980829 0.14289687562015213 2.458783021933105 
0.4886 3 0.05943935284528817 0.21940089999999982 0.44174893838350276 0.6589932440054584 0.13942012642264398 0.18214777796810233 2.133042062344764 
0.2549 2 0.03606195610377095 0.14439259999999995 0.4819742132627392 0.5910294788383033 0.09022727805188545 0.10110568596463404 1.7535250273315979 
0.3434 2 0.03120863440178839 0.14237900000000003 0.376275668724005 0.46041852429855273 0.08679381720089421 0.08088368134708818 1.4794154799923327 
0.5056 3 0.036211094064296546 0.12806299999999987 0.4799529156304403 0.7886494152279977 0.0821370470321482 0.16311927892518 1.6096771017890243 
0.3470 2 0.024924294894465463 0.11247630000000013 0.1524332550739224 0.1897944405833825 0.0687002974472328 0.03866380044220026 1.1605648666973094 
0.0223 1 0.01915929193862907 0.08250919999999988 0.10137235502036179 0.12147381115156601 0.050834245969314476 0.021643509974348198 1.0612581040698128 
0.3250 2 0.0183367105451826 0.0882279999999998 0.15867175812200052 0.21564726624337066 0.0532823552725912 0.03386191348274015 1.1427043756016724 
0.1515 1 0.045047225136433125 0.21682710000000008 0.2791390195038933 0.3640762202368072 0.1309371625682166 0.11317521223581692 1.560011784494485 
0.3409 2 0.033615748800293395 0.16239819999999988 0.2845886321939896 0.35651709135537435 0.09800697440014663 0.0778327297737186 1.3843320663513792 
0.0080 1 0.020449930093543834 0.10194090000000007 0.07635079528718645 0.1007817555833801 0.06119541504677195 0.02639951059094175 1.0717136622914976 
0.0070 1 0.019157303304125562 0.0740059999999999 0.06898571553940318 0.0892971430333334 0.04658165165206273 0.016996509963674064 1.037351344550522 
0.1105 1 0.01760285383898975 0.08130489999999992 0.1488218978583492 0.2026191005485615 0.049453876919494835 0.03192048559371582 1.1144353135309142 
0.0304 1 0.012171862560784811 0.0630211 0.11629975899731966 0.14929444824633215 0.037596481280392405 0.019060005554503687 1.0654052271372751 
0.0519 1 0.02059545738234684 0.11023550000000024 0.12378339531154176 0.16553627155126707 0.06541547869117353 0.036377260741251645 1.1209370037126056 
0.0302 1 0.02017091951753875 0.10231059999999995 0.11771284241255799 0.14993532654715724 0.061240759758769345 0.03317413852855181 1.1244412040161815 
0.1745 1 0.01905908620940742 0.09509119999999989 0.1380990946399543 0.17715571376038777 0.05707514310470366 0.031029666089563687 1.1075422495636282 
0.1400 1 0.024865008097517943 0.12344330000000008 0.16977536780956104 0.21345158807239908 0.07415415404875901 0.043279859813216616 1.1701545986199293 
0.0216 1 0.022427541189123604 0.11876630000000002 0.1475932113671785 0.1902473947651202 0.07059692059456181 0.04148139274091066 1.157589488006932 
0.1103 1 0.017150496436277324 0.08018120000000008 0.164375310308843 0.19602894244322394 0.0486658482181387 0.027484051652693398 1.1061807339984273 
0.0010 1 0.01249944779561061 0.05558099999999988 0.0679776187636805 0.08384534758147447 0.03404022389780525 0.013923470142030835 1.0353952476241115 
0.1123 1 0.025708956742546432 0.11391679999999975 0.18503682481857378 0.23239196574636725 0.06981287837127309 0.04631731421799501 1.2200853309741972 
0.1001 1 0.0162226597634235 0.06663829999999989 0.06455488315092946 0.07947217234400804 0.041430479881711696 0.015818762293887085 1.037702322364725 
0.0434 1 0.013100837902114122 0.06793070000000012 0.11529732156800944 0.14045495338881678 0.04051576895105712 0.021685510763965757 1.0755255792319456 
0.0358 1 0.019496338142865603 0.09935370000000007 0.07549099747965239 0.10183570060897294 0.05942501907143284 0.026526934056523347 1.0711242487226598 
0.0937 1 0.013071053804401454 0.0684417000000002 0.07806089442665075 0.10248504250180379 0.040756376902200825 0.018568015213956103 1.052054616116645 
0.4196 3 0.036968675929765195 0.15150530000000004 0.2822317943322751 0.3723990277435077 0.09423698796488261 0.08302383053441874 1.4375545879913123 
0.4631 3 0.03590372920541495 0.17086850000000006 0.18177458035665556 0.22458279406081066 0.10338611460270751 0.06165570596405752 1.2641630042947936 
0.1686 1 0.01995518295620569 0.10796070000000013 0.15426495048688088 0.2098571942349635 0.06395794147810291 0.039506821529860195 1.161728249722539 
0.3038 2 0.042713937237667934 0.19481400000000004 0.3108579301347552 0.3859495097403456 0.11876396861883398 0.10091369377189612 1.584057808543089 
0.0910 1 0.012134544122919103 0.06264529999999995 0.07847505631204899 0.10458265765880569 0.037389922061459524 0.01640518228498864 1.044465486575946 
0.7728 3 0.039316998179045305 0.17729559999999994 0.5283639716731278 0.6222186866466621 0.10830629908952262 0.1278262225262634 1.8730693444446849 
0.1366 1 0.020367839992859 0.08070950000000014 0.07264785981789214 0.09233551037258958 0.05053866999642957 0.01998802836467771 1.047619800186444 
0.1196 1 0.019224790197542724 0.09188120000000007 0.44580299082295677 0.5139534999754722 0.055552995098771395 0.05643102210842185 1.3786642787777978 
0.0874 1 0.038032109872861125 0.16174339999999998 0.17044441455849274 0.24613996094128382 0.09988775493643055 0.06927180027983064 1.265943519359644 
0.2344 2 0.04603811348098984 0.20391700000000013 0.3412671475303086 0.41295908592527586 0.12497755674049499 0.1093170910590902 1.6458638857127308 
0.2421 2 0.028066838896365482 0.12964569999999997 0.24216521668337607 0.2984117238778392 0.07885626944818273 0.056648689478288265 1.2918872197746711 
0.6208 3 0.03698985648469889 0.16930099999999995 0.3330979998851268 0.40017828636444447 0.10314542824234942 0.09558386337451465 1.6638455991795371 
0.3272 2 0.013944411596629762 0.07758250000000008 0.13836436692171064 0.19740231110882536 0.04576345579831492 0.028070770977929767 1.109887918384472 
0.2214 2 0.02142891526933556 0.11353140000000009 0.15834317092468195 0.1980576197389031 0.06748015763466783 0.03960586248601751 1.1670358874155247 
0.1447 1 0.03174591532984916 0.17094619999999994 0.14950850494948895 0.19720818787398445 0.10134605766492455 0.057667313270411955 1.2039881925147584 
0.2765 2 0.035134451917433716 0.17356219999999994 0.16324255971848303 0.22569546127454929 0.10434832595871683 0.07103873726336789 1.2885889531321304 
0.2278 2 0.026574879627035256 0.11536199999999992 0.19087911279539926 0.22587338402637014 0.0709684398135176 0.04491024172544075 1.220318042216787 
0.1378 1 0.033862438294853005 0.1739475 0.663840909643328 0.8527159404185551 0.1039049691474265 0.16630385081296284 2.234184939271181 
0.1240 1 0.02003302693855641 0.10064439999999997 0.21339345481196845 0.2582182845882354 0.06033871346927819 0.04040885141841326 1.1704126657386784 
0.2072 2 0.039036624011105234 0.18779050000000014 0.2824530700047685 0.3632933948460637 0.11341356200555269 0.09191632879209718 1.4594685255548794 
0.0070 1 0.029765482718310234 0.11625240000000021 0.08776204754108165 0.10867654566895227 0.07300894135915523 0.030274187307247093 1.0858835646366845 
0.4847 3 0.022265055393991606 0.11031139999999999 0.22634679074442912 0.30133548697537954 0.0662882276969958 0.0493281327871781 1.188204971842798 
0.1176 1 0.022178159161698987 0.10677250000000002 0.17323287722722117 0.21246841298414954 0.0644753295808495 0.037679338627691586 1.1553404474681663 
0.0707 1 0.026639114725030437 0.11427850000000013 0.3626773756099281 0.46125841443738985 0.07045880736251528 0.06843431214159947 1.3669246660550751 
0.0299 1 0.021888135644210455 0.1131781000000002 0.10649645781833247 0.14535147703996829 0.06753311782210533 0.032486771221808666 1.088112319773592 
0.0551 1 0.02640314636238056 0.13341260000000005 0.14279766661877746 0.1889533755037946 0.0799078731811903 0.045972900113925394 1.186095785704224 
0.2311 2 0.018792268239857024 0.09781539999999994 0.16013486282235861 0.20263584782978497 0.05830383411992848 0.03356626826530232 1.1209211672328954 
0.5704 3 0.04374116630394792 0.15831030000000018 0.2581955914263628 0.3527363737872989 0.10102573315197405 0.08175761179725291 1.435694201403557 
0.4316 3 0.03232235899635281 0.14756229999999998 0.3014501459445563 0.35479125522482985 0.08994232949817639 0.06836254876438368 1.3468135649151474 
0.0186 1 0.010782066917201315 0.045861399999999976 0.08429971014586468 0.10437144251858851 0.028321733458600645 0.012177866524091297 1.0338515342265515 
0.2012 2 0.021824654557324536 0.07815300000000014 0.06525177770170158 0.08030772112234247 0.049988827278662336 0.018030601694960437 1.040634019932683 
0.0705 1 0.014924412563040843 0.07186080000000013 0.10850031850375161 0.13587164721681302 0.04339260628152049 0.021298098739592583 1.0702072411958052 
0.1078 1 0.0178362433608894 0.09273749999999978 0.12914821667958565 0.16301020995201473 0.05528687168044459 0.02977357244046346 1.1120644701140372 
0.0497 1 0.01938938202357274 0.0898045000000001 0.10389205137265761 0.1294379885767336 0.05459694101178642 0.025215214098478 1.077477107831416 
0.0288 1 0.01917984888077234 0.0980799000000001 0.1464833011999292 0.19155730167049614 0.05862987444038622 0.03358117934617546 1.1222559626202977 
0.0872 1 0.016554426772188602 0.08633269999999979 0.10982513817040972 0.13453257579544894 0.051443563386094196 0.026714118756375325 1.0952029575169884 
0.3930 2 0.05860096338022873 0.2161236999999999 0.3086180338678825 0.4587210796463696 0.1373623316901143 0.13449918997532745 1.7636940150818734 
0.0753 1 0.019822208259666622 0.10383370000000007 0.10828224678172278 0.14586311212523817 0.06182795412983334 0.033772691456147794 1.107860676808871 
0.3910 2 0.02539109979339116 0.11109509999999997 0.2890389770798393 0.3886849670211283 0.06824309989669557 0.062011413361213526 1.2569926561341296 
0.1535 1 0.029301104203011446 0.15218210000000004 0.2562247668758687 0.3144038681935064 0.09074160210150574 0.0669890059728277 1.2961032758672713 
0.1524 1 0.015674751238194964 0.08163759999999991 0.11628604084131118 0.1524894754007037 0.048656175619097436 0.02456271593416632 1.0760102636183864 
0.0325 1 0.016079712908109008 0.07178860000000001 0.07662611247211744 0.0985470140378108 0.043934156454054504 0.017514179522653 1.0453937658620023 
0.1004 1 0.029296314095937782 0.12481250000000003 0.19869984193660614 0.28303988675861746 0.07705440704796891 0.05713747573037091 1.228519929141006 
0.5503 3 0.03612554277542566 0.1493676999999999 0.10925485331752854 0.13393416163601407 0.09274662138771278 0.04041971095750583 1.119684446892036 
0.1338 1 0.03198259266007087 0.1382981000000001 0.1067421437094342 0.13036174119836572 0.08514034633003548 0.03711408508882008 1.1102040197581915 
0.2168 2 0.029327351878057697 0.14040089999999986 0.21389589397824837 0.2590161616889627 0.08486412593902878 0.05645296619008077 1.269942911040342 
0.5309 3 0.06491123776264622 0.24762699999999996 0.6036094830074341 0.8127893787169047 0.15626911888132308 0.23170325715518636 2.6372861971818016 
0.0272 1 0.019065932498599784 0.1054903999999998 0.10415336635950441 0.15407052980930686 0.06227816624929979 0.03846629669038223 1.1165816845235024 
0.3142 2 0.07377515390247134 0.16406420000000002 0.35519016085765526 0.5509864638929458 0.11891967695123568 0.1521775672696827 1.5944830422878944 
0.0899 1 0.020854735805154172 0.10836290000000023 0.1097422445261339 0.1403901792517047 0.0646088179025772 0.033119657907185754 1.108687362419008 
0.1180 1 0.02490957616811592 0.12408870000000005 0.15951715110616987 0.20578715657350338 0.07449913808405799 0.04343235856229095 1.1784497177032893 
0.0604 1 0.029635179658920253 0.13796209999999975 0.15319988218568714 0.188479907275104 0.08379863982946001 0.04548731209816101 1.1751277836424232 
0.2240 2 0.03194343665484088 0.1693721999999998 0.14092376320862907 0.1751379087876698 0.10065781832742035 0.050734269840580715 1.158889415818144 
0.3781 2 0.03988722441142473 0.18354819999999994 0.3084086673344502 0.401825124669775 0.11171771220571233 0.09813834027466344 1.5302205210271616 
0.5828 3 0.04958917892712751 0.15323670000000011 0.4624957266314319 0.7203380001370935 0.1014129394635638 0.15941734272032168 1.683021737150913 
0.1085 1 0.02623520992250195 0.12622000000000005 0.1692960581337683 0.20370991396687294 0.076227604961251 0.045716811131237094 1.204842942158429 
0.2377 2 0.017797427407078955 0.11026530000000023 0.13265623678626365 0.17609822971536243 0.0640313637035396 0.037753659814579406 1.154842103211781 
0.1043 1 0.034514426298442556 0.20307210000000014 0.32105490211179033 0.39915924293213073 0.11879326314922135 0.09817220548885255 1.388959251960684 
0.5135 3 0.04092890721915069 0.1885991999999997 0.2892701551296967 0.3636182271864603 0.11476405360957519 0.10103496901633996 1.5366534935309175 
0.2217 2 0.03521525121869179 0.1753906 0.14767222828158685 0.19315544074390442 0.1053029256093459 0.05734717516049108 1.220048556089218 
0.4822 3 0.05538092867137749 0.2472465000000001 0.39839372168906484 0.4889560569115698 0.1513137143356888 0.14811198714989948 2.018828504859416 
0.1241 1 0.016601577753284535 0.08509149999999992 0.11351591206400963 0.14172490717262073 0.05084653887664223 0.023977744162966743 1.0624272236748449 
0.2867 2 0.03500265314619347 0.15630640000000004 0.3164777802212704 0.39412044795484025 0.09565452657309675 0.08245423321812553 1.515399602918958 
0.0776 1 0.018595347822810124 0.09057500000000004 0.12442981095013259 0.18695682937062058 0.054585173911405084 0.03600652087298454 1.1111006102834518 
0.5236 3 0.035720143862199544 0.12336599999999998 0.21864237038537643 0.3236372092206238 0.07954307193109976 0.059770923793813956 1.283416755103254 
0.1168 1 0.030792135974227322 0.13836490000000007 0.17020988463445824 0.20307963749483204 0.08457851798711369 0.04829423948185626 1.180611325105425 
0.4455 3 0.0349015112993476 0.16669089999999995 0.21960970449329636 0.2686378666724074 0.10079620564967377 0.065011900010887 1.2924180230550217 
0.7577 3 0.0440100440423341 0.14261649999999987 0.20300460800894388 0.29893995580416155 0.09331327202116699 0.07294158430023044 1.3031231476047085 
0.2145 2 0.04528198399707189 0.15562180000000003 0.07264489218855824 0.08800041162700642 0.10045189199853596 0.03458219589543636 1.080665556233 
0.1348 1 0.02185063389562108 0.12769370000000008 0.21490204373773353 0.2830313002804372 0.07477216694781058 0.05357033406885296 1.17125197639981 
0.5836 3 0.035861932243125526 0.1459215999999999 0.3682902806728299 0.47367004651648864 0.09089176612156272 0.08950980927914555 1.5694981206471865 
0.4885 3 0.029816620730640685 0.13883320000000007 0.24285987009273627 0.32004225874708647 0.08432491036532037 0.06388471677489352 1.281373068337123 
0.2636 2 0.031237030642065414 0.13006310000000004 0.1625487196028563 0.23151905628702157 0.08065006532103272 0.05439004404403359 1.2229016791740006 
0.0852 1 0.02124031863306061 0.10264989999999999 0.14109515433940742 0.16952165186446766 0.0619451093165303 0.034182243504034336 1.133565346837937 
0.0359 1 0.012266656769809281 0.05007159999999998 0.06714339541669635 0.07970422046074543 0.03116912838490463 0.01231662803927574 1.0301843516523783 
0.2484 2 0.03210106640572598 0.14232200000000023 0.26165056397585923 0.3274752377435333 0.0872115332028631 0.06727371498916933 1.3955327156522181 
0.3793 2 0.03555731488736672 0.2073009999999999 0.1987857864499477 0.27203858456906105 0.12142915744368331 0.08491771888414122 1.2919821716989845 
0.2031 2 0.02535574191961187 0.15118300000000015 0.16591047461363512 0.2359368546135919 0.08826937095980601 0.056664963537722435 1.1934169905374628 
0.3359 2 0.02154596658269034 0.1050829999999999 0.17679652044459238 0.22040276400233644 0.06331448329134512 0.03946489875972212 1.1639622059229993 
0.5702 3 0.03646164891403095 0.16227689999999997 0.2812603051166942 0.33647872454455324 0.09936927445701546 0.07759779559971824 1.4470535675406668 
0.4538 3 0.0382062282489267 0.1866748999999999 0.24658984248046567 0.3256764237107679 0.1124405641244633 0.08560856574506817 1.3945554257100388 
0.2407 2 0.013397984279826962 0.07091580000000003 0.11199200043787613 0.1387008863990627 0.0421568921399135 0.021463869475336305 1.0752094494741595 
0.3239 2 0.046274351111347374 0.20480249999999994 0.30682315020987533 0.3567641070111864 0.12553842555567366 0.09891500186914409 1.6318643205541892 
0.1263 1 0.02131422961448178 0.09865519999999987 0.14162831899979522 0.17591359984250096 0.059984714807240824 0.03256994694501297 1.1201517837586379 
0.0400 1 0.023975105406745467 0.1253168999999999 0.12500409844804594 0.1848349612872813 0.07464600270337268 0.046672603978156126 1.1525036787538794 
0.6875 3 0.0397845795524777 0.23750779999999994 0.37188210324521664 0.45723023022052217 0.13864618977623883 0.12568246596157062 1.659102462129189 
0.0932 1 0.023018462394625388 0.11980459999999996 0.14546115227331427 0.19275669136681162 0.07141153119731267 0.0404954086331644 1.155478536932454 
0.3951 2 0.016122495085383336 0.08320680000000001 0.1322387072528081 0.17412800507387682 0.049664647542691676 0.027672687333050477 1.1010861663461753 
0.2756 2 0.027564191270142206 0.13764739999999998 0.18687232188910258 0.25554280423523407 0.08260579563507109 0.058575723075687064 1.223787954152613 
0.1570 1 0.0319973646829894 0.17637040000000012 0.18944508425926992 0.2575395488339901 0.10418388234149475 0.06934843479278403 1.2636790184291569 
0.1052 1 0.023467231201517717 0.11509710000000004 0.152431533091268 0.1949976746822326 0.06928216560075888 0.042542235972577405 1.1600705010560972 
0.1413 1 0.028358655653300768 0.1559900000000001 0.19635866371372734 0.24271785089196918 0.09217432782665043 0.05629149088355465 1.1921176826118265 
0.4980 3 0.03742633900676468 0.14326590000000006 0.27556979977792273 0.3769822991580966 0.09034611950338237 0.0759028084327232 1.3860281390100258 
0.4697 3 0.037035136337394685 0.11469219999999991 0.1674690353681714 0.24844636691168293 0.0758636681686973 0.06277356580978982 1.2041699479992887 
0.7714 3 0.054395516490660455 0.2169444000000001 0.2027023573961796 0.30097670409805305 0.13566995824533026 0.10069608020148163 1.4409531595083567 
0.0933 1 0.023385533999286005 0.10568800000000014 0.15814978716807498 0.18917523138832412 0.06453676699964307 0.03399381676775774 1.1238088000034878 
0.0141 1 0.01873363421908262 0.09449409999999991 0.13143383820290266 0.1659008104590778 0.05661386710954126 0.029679354623511896 1.1064684874542565 
0.1632 1 0.016644498387366233 0.0868063999999999 0.11106307877018229 0.14540868177883218 0.05172544919368306 0.02685497665534105 1.0883968150771444 
0.0655 1 0.02650108899211664 0.11065710000000009 0.10236096660781288 0.12264628497331306 0.06857909449605837 0.030920062317625036 1.095607629644428 
0.1474 1 0.023378479671911753 0.11518710000000021 0.17823001047539003 0.22786509973257418 0.06928278983595598 0.043878812235614725 1.1858343230258144 
0.2634 2 0.03424023923972023 0.16153459999999983 0.30499443141716365 0.37175243871550046 0.09788741961986003 0.08636471053254488 1.4862269080852972 
0.3018 2 0.028434100478734157 0.1466051000000001 0.25566119262446285 0.3139178153517089 0.08751960023936713 0.06347235994820737 1.2767817862277981 
0.1447 1 0.02386189450059465 0.11407060000000017 0.1362313923838917 0.16912289310020298 0.06896624725029742 0.03567072709013483 1.1235797421105649 
0.1480 1 0.031396858210450324 0.12436760000000016 0.2934627853192845 0.34100774047654786 0.07788222910522524 0.06075415705834616 1.3776967135223137 
0.7815 3 0.06342861379234964 0.24290740000000008 0.4098424285683685 0.6373380367612277 0.15316800689617485 0.19250094466488818 1.9963622366767062 
0.7329 3 0.03860639016825274 0.1476974000000001 0.2380534419925635 0.33917223952173203 0.09315189508412641 0.07160263980529047 1.3471335290518471 
0.0256 1 0.019455982261977787 0.10212129999999983 0.0950440126444715 0.14187673566240372 0.06078864113098881 0.03751158300670443 1.1045778655483784 
0.5314 3 0.0319220757599698 0.1557331000000001 0.23036303197574506 0.28812256541289316 0.09382758787998495 0.06556703503721616 1.3107561917979975 
0.1433 1 0.01877155960455679 0.0833910999999998 0.12072776450982 0.14317671930130718 0.051081329802278294 0.02466848799948023 1.0825564600827664 
0.0223 1 0.02042732145563516 0.08649810000000016 0.08175999616263117 0.0995775362538592 0.053462710727817664 0.021922072586944345 1.0594547844348496 
0.0962 1 0.026525353853602468 0.13774230000000023 0.1821207094255201 0.24835286986280408 0.08213382692680135 0.0543295639025328 1.2307479431139936 
0.3849 2 0.025497413030507655 0.12650549999999988 0.16086468021338027 0.22064208007731997 0.07600145651525377 0.04881731399818969 1.2031548392374265 
0.0955 1 0.028089391829339092 0.11583539999999988 0.08625781939879137 0.10575202202216631 0.07196239591466949 0.02984055078166376 1.0818651799614472 
0.1146 1 0.01685194231231326 0.09111750000000021 0.08054716586092932 0.11091246807938604 0.05398472115615674 0.024820307791020107 1.0699197208702147 
0.0678 1 0.019768284558856045 0.08074490000000023 0.08875356885899303 0.10654943989647861 0.050256592279428136 0.0208892539912812 1.0582425245499527 
0.1549 1 0.025954954432237994 0.11792900000000002 0.18563716464157495 0.2501145115479206 0.071941977216119 0.04945605940358165 1.2322397347636436 
0.2377 2 0.030146399493226058 0.15428639999999988 0.2680549319330691 0.3596878600350165 0.09221639974661297 0.07560118405780045 1.3063096934976977 
0.2721 2 0.026483094893992674 0.11275340000000007 0.41879260186254885 0.4929084325770934 0.06961824744699638 0.06815191931801547 1.434313645353117 
0.1329 1 0.034174004370466214 0.13991780000000006 0.14658994661969624 0.21988626380182916 0.08704590218523314 0.062196290250637117 1.193055215901205 
0.1817 1 0.03018258368681571 0.13195830000000003 0.23017070310286422 0.29820090926162673 0.08107044184340786 0.05843397479022763 1.3103998814254347 
0.0479 1 0.03670361259679594 0.17925130000000022 0.19100272424327652 0.24352921499941388 0.10797745629839808 0.06977820707351721 1.3173891086697915 
0.2303 2 0.022887156260327553 0.11325519999999986 0.1581422566711524 0.20660041871375523 0.06807117813016371 0.04140440341533459 1.1762320345411585 
0.1374 1 0.026262482140124856 0.13905380000000006 0.15188887783807115 0.1969401535965465 0.08265814107006246 0.04760375465666738 1.1713270283789354 
