0.4241 3 0.03555802378585677 0.16540490000000002 0.39200198069714065 0.48454258131951283 0.10048146189292839 0.100594496926905 1.6220743219961822 
0.1455 1 0.026740207775266197 0.17974639999999997 0.5026302679849902 0.589147907225992 0.10324330388763309 0.11163729669774446 1.6778548505358823 
0.0549 1 0.02401167489136636 0.09818130000000003 0.06867954459303464 0.09146247080807474 0.06109648744568319 0.020834141228272287 1.0441723260074518 
0.0321 1 0.019587853878344726 0.09573410000000002 0.16910028711975592 0.212210804313359 0.05766097693917237 0.0353785925070788 1.1492159717701285 
0.0348 1 0.018885361811287978 0.09115080000000009 0.08232894938207169 0.10984705862847564 0.05501808090564403 0.024032905197024515 1.066586192550681 
0.3762 2 0.026950231909948386 0.10485029999999998 0.2640706274427898 0.3661157674319271 0.06590026595497418 0.054897555164936836 1.2557364351507339 
0.0157 1 0.01938747686136927 0.09103029999999991 0.1388343514366289 0.17495645021949288 0.05520888843068459 0.029640356558820836 1.1046537090320505 
0.2052 2 0.016804443948932022 0.09309889999999996 0.11098937779303858 0.15484077506726635 0.05495167197446599 0.03045504922522798 1.090581903711363 
0.1590 1 0.017177576229033407 0.0844146 0.16782108571761747 0.2208845121080937 0.050796088114516705 0.03217795048585265 1.1315451038355178 
0.4665 3 0.029515956694722654 0.1405015 0.5459462190485309 0.6623685373548373 0.08500872834736133 0.10516289685692294 1.6949659656588405 
0.0854 1 0.01150279611078734 0.05776179999999977 0.08106649003350297 0.1128988171041852 0.03463229805539356 0.014590040391262674 1.039631479886745 
0.0821 1 0.022219765324420482 0.10710260000000009 0.1290831978208918 0.1592697791909801 0.06466118266221028 0.033608357102380394 1.1167387915541043 
0.3908 2 0.06588090517491899 0.16589879999999976 0.25862084772833366 0.4018665250836172 0.11588985258745937 0.11026542452512615 1.4339825418486865 
0.0138 1 0.01779922413660334 0.09089549999999993 0.08123482909661577 0.11177134623767003 0.05434736206830164 0.02353409035665804 1.0644914825354994 
0.1118 1 0.02357764407120828 0.1020455000000001 0.0729682512182473 0.09791951477813107 0.06281157203560418 0.024599410522428984 1.0622857582230927 
0.1023 1 0.03450860595735295 0.1831122999999999 0.2170953847680348 0.27803763484498656 0.10881045297867642 0.07958084212983717 1.3072900553856799 
0.0480 1 0.01262854528062567 0.06562009999999996 0.08190923730219285 0.11280999721029374 0.03912432264031281 0.018680979800605776 1.0515751537572517 
0.1312 1 0.020339830536179177 0.09185879999999995 0.2136756305777095 0.2825630080236864 0.05609931526808956 0.039826649770573805 1.1834337752631403 
0.6522 3 0.036953208742457486 0.20855739999999998 0.19530472375741434 0.24267801589775168 0.12275530437122872 0.07476686269654509 1.2585485647830186 
0.0464 1 0.02185700171657726 0.09464400000000009 0.305151242898977 0.3658569263311781 0.05825050085828867 0.04765536538096059 1.275909239017273 
0.0986 1 0.02696610578530927 0.1162234999999999 0.2544302494128922 0.31306143729619534 0.07159480289265459 0.054859172910565863 1.3114715540585753 
0.3083 2 0.017208817751884264 0.10221959999999994 0.15441307479765382 0.21120297926635134 0.0597142088759421 0.0357472671148777 1.1060600738374915 
0.4163 3 0.02514946866601555 0.13298149999999992 0.1661055122021852 0.21632385763558043 0.07906548433300774 0.05085534916200387 1.2431594453670787 
0.2387 2 0.01960434050665178 0.10683909999999992 0.0805291270791547 0.11305432820622117 0.06322172025332586 0.029072670197506048 1.0799597173374946 
0.1302 1 0.020403243961994662 0.10649059999999984 0.1146023492258806 0.1539160425252273 0.06344692198099725 0.03281183823479113 1.1107214256128368 
0.4027 3 0.028037768162898477 0.14142819999999975 0.24857888298374484 0.31223390180542687 0.08473298408144911 0.06194545627056724 1.273778719249734 
0.8351 3 0.02642332368721889 0.11731089999999995 0.16444765947436066 0.23512858525934305 0.07186711184360942 0.047233990687631774 1.2089270389253024 
0.3138 2 0.025959864812716667 0.15513070000000023 0.2011703737659167 0.2537069408852673 0.09054528240635845 0.06357479799153633 1.3035047293717328 
0.2670 2 0.03208665872218028 0.15322559999999988 0.24790271782425713 0.30968848380432923 0.09265612936109008 0.067379887744492 1.309976673513429 
0.2672 2 0.03785086989288822 0.15853209999999987 0.4404087521274353 0.585885943836204 0.09819148494644404 0.11223945390369036 1.704287103564962 
0.1923 1 0.04022908067228966 0.18252409999999983 0.25852863404274873 0.32770514929160166 0.11137659033614475 0.08703312756885301 1.486378655862948 
0.0756 1 0.018104175122406023 0.09193039999999988 0.12347698463070837 0.1745922040761937 0.05501728756120296 0.034007660947577165 1.1221805965004394 
0.1233 1 0.011867448738986536 0.07460559999999986 0.10646295859118704 0.14208122345043622 0.0432365243694932 0.023593916523395993 1.0824291604367053 
0.2444 2 0.01998079723506807 0.09728520000000011 0.1231378595315015 0.15841506893345594 0.05863299861753409 0.03163889463794811 1.1092014494942415 
0.0876 1 0.014317343324788982 0.06133619999999986 0.09178669313425589 0.10706533052271758 0.03782677166239442 0.016715597083043647 1.0494700862484974 
0.0388 1 0.01996855276452362 0.09619030000000016 0.09692782985127814 0.12349056004567707 0.05807942638226189 0.026302375180345245 1.079015335827499 
0.0775 1 0.029281267183748894 0.13598819999999998 0.20527290582265934 0.25241579005621256 0.08263473359187444 0.05628997013358085 1.2756803881576628 
0.0062 1 0.014092556955195571 0.07262289999999996 0.13327543224933916 0.1727173372884691 0.043357728477597765 0.022690605960203565 1.081774861681433 
0.2238 2 0.01841377906957884 0.08425560000000003 0.19308146484560237 0.23868457851922845 0.05133468953478944 0.03379578277483184 1.1573069085849779 
0.1136 1 0.020729995761034105 0.08604749999999997 0.13881778806603198 0.19892409112391543 0.053388747880517035 0.03579742767297261 1.124397770868995 
0.0183 1 0.008131644426626205 0.04682159999999994 0.06967915453805398 0.09901101832873978 0.027476622213313075 0.013321315195163587 1.0353917954662644 
0.2407 2 0.029235331848111012 0.12484510000000011 0.23807280505754486 0.29848708447566563 0.07704021592405556 0.05673964716475582 1.3062333851666252 
0.0941 1 0.015186001616955307 0.0738944999999999 0.09691973775124538 0.1240050498736665 0.04454025080847761 0.020584391865760613 1.0621879501198146 
0.1968 1 0.028994755143401815 0.12087000000000003 0.2363513971246311 0.32171281089125664 0.07493237757170093 0.0568632467507159 1.2689308175001492 
0.2797 2 0.02938745714352702 0.14314489999999996 0.2046380653001576 0.26318490265958827 0.0862661785717635 0.05850609915603165 1.2650343535490476 
0.2854 2 0.03118005696367575 0.16516150000000002 0.19886838992128505 0.2541627264065017 0.09817077848183789 0.06372346056667882 1.266359044695473 
0.0679 1 0.019844111395392935 0.10078460000000011 0.1289449505057671 0.16520715980221837 0.060314355697696526 0.03189236497452187 1.1108131451223413 
0.1384 1 0.021018460970628143 0.09811800000000008 0.0920120594185178 0.11905584019911235 0.05956823048531411 0.026467703712133014 1.0760164157422976 
0.0501 1 0.025024100956717373 0.11209759999999994 0.1281202196640835 0.15105442139652264 0.06856085047835865 0.030293972911482323 1.0814484135884794 
0.2786 2 0.022338727002015557 0.10019420000000005 0.13016083879121917 0.15881011963711053 0.061266463501007805 0.030179640042880408 1.1006153159472432 
0.4785 3 0.036695392399616375 0.17817120000000022 0.6397051367941188 0.7284189686819369 0.10743329619980829 0.14289687562015213 2.458783021933105 
0.4886 3 0.05943935284528817 0.21940089999999982 0.44174893838350276 0.6589932440054584 0.13942012642264398 0.18214777796810233 2.133042062344764 
0.1009 1 0.021937306843465527 0.1141233999999999 0.15639385818612453 0.20028379123890644 0.06803035342173272 0.039218694543025304 1.1464243929660527 
0.3434 2 0.03120863440178839 0.14237900000000003 0.376275668724005 0.46041852429855273 0.08679381720089421 0.08088368134708818 1.4794154799923327 
0.5056 3 0.036211094064296546 0.12806299999999987 0.4799529156304403 0.7886494152279977 0.0821370470321482 0.16311927892518 1.6096771017890243 
0.3470 2 0.024924294894465463 0.11247630000000013 0.1524332550739224 0.1897944405833825 0.0687002974472328 0.03866380044220026 1.1605648666973094 
0.1187 1 0.021925480342324073 0.11224629999999994 0.176001511831576 0.21658383352362143 0.06708589017116201 0.040044403236662425 1.1479802152876375 
0.3250 2 0.0183367105451826 0.0882279999999998 0.15867175812200052 0.21564726624337066 0.0532823552725912 0.03386191348274015 1.1427043756016724 
0.1515 1 0.045047225136433125 0.21682710000000008 0.2791390195038933 0.3640762202368072 0.1309371625682166 0.11317521223581692 1.560011784494485 
0.3409 2 0.033615748800293395 0.16239819999999988 0.2845886321939896 0.35651709135537435 0.09800697440014663 0.0778327297737186 1.3843320663513792 
0.1905 1 0.03726894445485706 0.16319379999999997 0.3246317318613841 0.426560092466465 0.10023137222742852 0.09449890541986625 1.4666227986825373 
0.0070 1 0.019157303304125562 0.0740059999999999 0.06898571553940318 0.0892971430333334 0.04658165165206273 0.016996509963674064 1.037351344550522 
0.1105 1 0.01760285383898975 0.08130489999999992 0.1488218978583492 0.2026191005485615 0.049453876919494835 0.03192048559371582 1.1144353135309142 
0.0304 1 0.012171862560784811 0.0630211 0.11629975899731966 0.14929444824633215 0.037596481280392405 0.019060005554503687 1.0654052271372751 
0.3245 2 0.04007662665546631 0.16863050000000016 0.32594504274031205 0.38773868228796327 0.10435356332773324 0.08820474930336343 1.5487270140120704 
0.0302 1 0.02017091951753875 0.10231059999999995 0.11771284241255799 0.14993532654715724 0.061240759758769345 0.03317413852855181 1.1244412040161815 
0.1745 1 0.01905908620940742 0.09509119999999989 0.1380990946399543 0.17715571376038777 0.05707514310470366 0.031029666089563687 1.1075422495636282 
0.1400 1 0.024865008097517943 0.12344330000000008 0.16977536780956104 0.21345158807239908 0.07415415404875901 0.043279859813216616 1.1701545986199293 
0.1423 1 0.02253439528182378 0.10501589999999986 0.10120696280499977 0.12677313937796858 0.06377514764091181 0.027640385882191518 1.0739561314840913 
0.1103 1 0.017150496436277324 0.08018120000000008 0.164375310308843 0.19602894244322394 0.0486658482181387 0.027484051652693398 1.1061807339984273 
0.0010 1 0.01249944779561061 0.05558099999999988 0.0679776187636805 0.08384534758147447 0.03404022389780525 0.013923470142030835 1.0353952476241115 
0.1123 1 0.025708956742546432 0.11391679999999975 0.18503682481857378 0.23239196574636725 0.06981287837127309 0.04631731421799501 1.2200853309741972 
0.2934 2 0.03296634097360834 0.1451105999999999 0.2990374015820702 0.34671791615300407 0.08903847048680412 0.06703869561720455 1.3744137251420079 
0.0434 1 0.013100837902114122 0.06793070000000012 0.11529732156800944 0.14045495338881678 0.04051576895105712 0.021685510763965757 1.0755255792319456 
0.0358 1 0.019496338142865603 0.09935370000000007 0.07549099747965239 0.10183570060897294 0.05942501907143284 0.026526934056523347 1.0711242487226598 
0.0937 1 0.013071053804401454 0.0684417000000002 0.07806089442665075 0.10248504250180379 0.040756376902200825 0.018568015213956103 1.052054616116645 
0.4065 3 0.023266500065340708 0.13272199999999998 0.15904917786489253 0.21640473991945336 0.07799425003267034 0.04664836526672981 1.169239466988039 
0.4631 3 0.03590372920541495 0.17086850000000006 0.18177458035665556 0.22458279406081066 0.10338611460270751 0.06165570596405752 1.2641630042947936 
0.1686 1 0.01995518295620569 0.10796070000000013 0.15426495048688088 0.2098571942349635 0.06395794147810291 0.039506821529860195 1.161728249722539 
0.3038 2 0.042713937237667934 0.19481400000000004 0.3108579301347552 0.3859495097403456 0.11876396861883398 0.10091369377189612 1.584057808543089 
0.3351 2 0.021944945484866623 0.12206429999999976 0.17923175447977194 0.23944566134683626 0.07200462274243319 0.04558353136206495 1.1650430740853712 
0.7728 3 0.039316998179045305 0.17729559999999994 0.5283639716731278 0.6222186866466621 0.10830629908952262 0.1278262225262634 1.8730693444446849 
0.1366 1 0.020367839992859 0.08070950000000014 0.07264785981789214 0.09233551037258958 0.05053866999642957 0.01998802836467771 1.047619800186444 
0.1196 1 0.019224790197542724 0.09188120000000007 0.44580299082295677 0.5139534999754722 0.055552995098771395 0.05643102210842185 1.3786642787777978 
0.1194 1 0.01872800335382988 0.09996359999999993 0.16218544173294366 0.2216640287284873 0.0593458016769149 0.03660806829579393 1.139481226823125 
0.2344 2 0.04603811348098984 0.20391700000000013 0.3412671475303086 0.41295908592527586 0.12497755674049499 0.1093170910590902 1.6458638857127308 
0.2421 2 0.028066838896365482 0.12964569999999997 0.24216521668337607 0.2984117238778392 0.07885626944818273 0.056648689478288265 1.2918872197746711 
0.6208 3 0.03698985648469889 0.16930099999999995 0.3330979998851268 0.40017828636444447 0.10314542824234942 0.09558386337451465 1.6638455991795371 
0.1929 1 0.015460399870274366 0.08103710000000017 0.09581442295329588 0.12557257223800813 0.04824874993513727 0.024989678298395452 1.076271876623446 
0.2214 2 0.02142891526933556 0.11353140000000009 0.15834317092468195 0.1980576197389031 0.06748015763466783 0.03960586248601751 1.1670358874155247 
0.1447 1 0.03174591532984916 0.17094619999999994 0.14950850494948895 0.19720818787398445 0.10134605766492455 0.057667313270411955 1.2039881925147584 
0.2765 2 0.035134451917433716 0.17356219999999994 0.16324255971848303 0.22569546127454929 0.10434832595871683 0.07103873726336789 1.2885889531321304 
0.0604 1 0.016930470669714398 0.08512950000000012 0.13929360810512448 0.1812201307837755 0.05102998533485726 0.029468182859016374 1.110943347554838 
0.1378 1 0.033862438294853005 0.1739475 0.663840909643328 0.8527159404185551 0.1039049691474265 0.16630385081296284 2.234184939271181 
0.1240 1 0.02003302693855641 0.10064439999999997 0.21339345481196845 0.2582182845882354 0.06033871346927819 0.04040885141841326 1.1704126657386784 
0.2072 2 0.039036624011105234 0.18779050000000014 0.2824530700047685 0.3632933948460637 0.11341356200555269 0.09191632879209718 1.4594685255548794 
0.2427 2 0.01701415773888651 0.08486080000000001 0.13755856141908562 0.18022837577792347 0.05093747886944326 0.02766417777847991 1.1000959657934648 
0.4847 3 0.022265055393991606 0.11031139999999999 0.22634679074442912 0.30133548697537954 0.0662882276969958 0.0493281327871781 1.188204971842798 
0.1176 1 0.022178159161698987 0.10677250000000002 0.17323287722722117 0.21246841298414954 0.0644753295808495 0.037679338627691586 1.1553404474681663 
0.0707 1 0.026639114725030437 0.11427850000000013 0.3626773756099281 0.46125841443738985 0.07045880736251528 0.06843431214159947 1.3669246660550751 
0.1354 1 0.024725591053424315 0.11169119999999992 0.2986699432114936 0.354523403656294 0.06820839552671212 0.055858259864813235 1.3283961562187587 
0.0551 1 0.02640314636238056 0.13341260000000005 0.14279766661877746 0.1889533755037946 0.0799078731811903 0.045972900113925394 1.186095785704224 
0.2311 2 0.018792268239857024 0.09781539999999994 0.16013486282235861 0.20263584782978497 0.05830383411992848 0.03356626826530232 1.1209211672328954 
0.5704 3 0.04374116630394792 0.15831030000000018 0.2581955914263628 0.3527363737872989 0.10102573315197405 0.08175761179725291 1.435694201403557 
0.0000 1 0.00909206052358678 0.04561899999999995 0.0736530874259041 0.09583516346297893 0.027355530261793368 0.01223059006943827 1.0343261264305788 
0.0186 1 0.010782066917201315 0.045861399999999976 0.08429971014586468 0.10437144251858851 0.028321733458600645 0.012177866524091297 1.0338515342265515 
0.2012 2 0.021824654557324536 0.07815300000000014 0.06525177770170158 0.08030772112234247 0.049988827278662336 0.018030601694960437 1.040634019932683 
0.0705 1 0.014924412563040843 0.07186080000000013 0.10850031850375161 0.13587164721681302 0.04339260628152049 0.021298098739592583 1.0702072411958052 
0.0192 1 0.02171314349864222 0.10131879999999993 0.12210130327733677 0.14493512718283844 0.06151597174932107 0.029999613825753363 1.1032955259089048 
0.0497 1 0.01938938202357274 0.0898045000000001 0.10389205137265761 0.1294379885767336 0.05459694101178642 0.025215214098478 1.077477107831416 
0.0288 1 0.01917984888077234 0.0980799000000001 0.1464833011999292 0.19155730167049614 0.05862987444038622 0.03358117934617546 1.1222559626202977 
0.0872 1 0.016554426772188602 0.08633269999999979 0.10982513817040972 0.13453257579544894 0.051443563386094196 0.026714118756375325 1.0952029575169884 
0.0007 1 0.010698943178423504 0.060408499999999934 0.08929458935552771 0.12024049901656374 0.03555372158921172 0.018186731343821882 1.056605261401699 
0.0753 1 0.019822208259666622 0.10383370000000007 0.10828224678172278 0.14586311212523817 0.06182795412983334 0.033772691456147794 1.107860676808871 
0.3910 2 0.02539109979339116 0.11109509999999997 0.2890389770798393 0.3886849670211283 0.06824309989669557 0.062011413361213526 1.2569926561341296 
0.1535 1 0.029301104203011446 0.15218210000000004 0.2562247668758687 0.3144038681935064 0.09074160210150574 0.0669890059728277 1.2961032758672713 
0.1801 1 0.021832969448454018 0.10865330000000002 0.18311898059023504 0.2325754507794942 0.06524313472422702 0.04143502585110358 1.173736901919878 
0.0325 1 0.016079712908109008 0.07178860000000001 0.07662611247211744 0.0985470140378108 0.043934156454054504 0.017514179522653 1.0453937658620023 
0.1004 1 0.029296314095937782 0.12481250000000003 0.19869984193660614 0.28303988675861746 0.07705440704796891 0.05713747573037091 1.228519929141006 
0.5503 3 0.03612554277542566 0.1493676999999999 0.10925485331752854 0.13393416163601407 0.09274662138771278 0.04041971095750583 1.119684446892036 
0.3929 2 0.02881325827896649 0.15599869999999988 0.11444343068153494 0.15499323656170882 0.09240597913948319 0.046599534075945095 1.1460114658682352 
0.2168 2 0.029327351878057697 0.14040089999999986 0.21389589397824837 0.2590161616889627 0.08486412593902878 0.05645296619008077 1.269942911040342 
0.5309 3 0.06491123776264622 0.24762699999999996 0.6036094830074341 0.8127893787169047 0.15626911888132308 0.23170325715518636 2.6372861971818016 
0.0272 1 0.019065932498599784 0.1054903999999998 0.10415336635950441 0.15407052980930686 0.06227816624929979 0.03846629669038223 1.1165816845235024 
0.2601 2 0.030704889138683543 0.16752499999999998 0.2284927812458122 0.29203538467019485 0.09911494456934176 0.06894455754990556 1.2735159629207664 
0.0899 1 0.020854735805154172 0.10836290000000023 0.1097422445261339 0.1403901792517047 0.0646088179025772 0.033119657907185754 1.108687362419008 
0.1180 1 0.02490957616811592 0.12408870000000005 0.15951715110616987 0.20578715657350338 0.07449913808405799 0.04343235856229095 1.1784497177032893 
0.0604 1 0.029635179658920253 0.13796209999999975 0.15319988218568714 0.188479907275104 0.08379863982946001 0.04548731209816101 1.1751277836424232 
0.3084 2 0.03615048627817202 0.17492790000000008 0.2199287499149177 0.2724662480070792 0.10553919313908605 0.07254533658540979 1.3371637147582318 
0.3781 2 0.03988722441142473 0.18354819999999994 0.3084086673344502 0.401825124669775 0.11171771220571233 0.09813834027466344 1.5302205210271616 
0.5828 3 0.04958917892712751 0.15323670000000011 0.4624957266314319 0.7203380001370935 0.1014129394635638 0.15941734272032168 1.683021737150913 
0.1085 1 0.02623520992250195 0.12622000000000005 0.1692960581337683 0.20370991396687294 0.076227604961251 0.045716811131237094 1.204842942158429 
0.0572 1 0.0193495653478426 0.09613959999999973 0.07944102833921055 0.10670449068865384 0.057744582673921165 0.02652442795133446 1.075725125287401 
0.1043 1 0.034514426298442556 0.20307210000000014 0.32105490211179033 0.39915924293213073 0.11879326314922135 0.09817220548885255 1.388959251960684 
0.5135 3 0.04092890721915069 0.1885991999999997 0.2892701551296967 0.3636182271864603 0.11476405360957519 0.10103496901633996 1.5366534935309175 
0.2217 2 0.03521525121869179 0.1753906 0.14767222828158685 0.19315544074390442 0.1053029256093459 0.05734717516049108 1.220048556089218 
0.0778 1 0.014560717966422453 0.07582409999999995 0.07802797123543037 0.10008520976530647 0.0451924089832112 0.02015199902686466 1.0584771823406853 
0.1241 1 0.016601577753284535 0.08509149999999992 0.11351591206400963 0.14172490717262073 0.05084653887664223 0.023977744162966743 1.0624272236748449 
0.2867 2 0.03500265314619347 0.15630640000000004 0.3164777802212704 0.39412044795484025 0.09565452657309675 0.08245423321812553 1.515399602918958 
0.0776 1 0.018595347822810124 0.09057500000000004 0.12442981095013259 0.18695682937062058 0.054585173911405084 0.03600652087298454 1.1111006102834518 
0.0049 1 0.011869236813398434 0.0652825 0.06492381685775091 0.09224514092167199 0.038575868406699215 0.017423919558593157 1.0453580830169207 
0.1168 1 0.030792135974227322 0.13836490000000007 0.17020988463445824 0.20307963749483204 0.08457851798711369 0.04829423948185626 1.180611325105425 
0.4455 3 0.0349015112993476 0.16669089999999995 0.21960970449329636 0.2686378666724074 0.10079620564967377 0.065011900010887 1.2924180230550217 
0.7577 3 0.0440100440423341 0.14261649999999987 0.20300460800894388 0.29893995580416155 0.09331327202116699 0.07294158430023044 1.3031231476047085 
0.2693 2 0.02416573850739874 0.12846250000000015 0.1592106320761877 0.20245076707000415 0.07631411925369944 0.04679756119273282 1.1984117015049136 
0.1348 1 0.02185063389562108 0.12769370000000008 0.21490204373773353 0.2830313002804372 0.07477216694781058 0.05357033406885296 1.17125197639981 
0.5836 3 0.035861932243125526 0.1459215999999999 0.3682902806728299 0.47367004651648864 0.09089176612156272 0.08950980927914555 1.5694981206471865 
0.4885 3 0.029816620730640685 0.13883320000000007 0.24285987009273627 0.32004225874708647 0.08432491036532037 0.06388471677489352 1.281373068337123 
0.2577 2 0.02985958421061434 0.13574050000000004 0.43792094384959895 0.5206168042459417 0.0828000421053072 0.08419756657307706 1.5311280169105024 
0.0852 1 0.02124031863306061 0.10264989999999999 0.14109515433940742 0.16952165186446766 0.0619451093165303 0.034182243504034336 1.133565346837937 
0.0359 1 0.012266656769809281 0.05007159999999998 0.06714339541669635 0.07970422046074543 0.03116912838490463 0.01231662803927574 1.0301843516523783 
0.2484 2 0.03210106640572598 0.14232200000000023 0.26165056397585923 0.3274752377435333 0.0872115332028631 0.06727371498916933 1.3955327156522181 
0.0665 1 0.03227749423173647 0.14379699999999992 0.2265561289910483 0.2821618819897207 0.08803724711586819 0.06500416102325234 1.2947075806034922 
0.2031 2 0.02535574191961187 0.15118300000000015 0.16591047461363512 0.2359368546135919 0.08826937095980601 0.056664963537722435 1.1934169905374628 
0.3359 2 0.02154596658269034 0.1050829999999999 0.17679652044459238 0.22040276400233644 0.06331448329134512 0.03946489875972212 1.1639622059229993 
0.5702 3 0.03646164891403095 0.16227689999999997 0.2812603051166942 0.33647872454455324 0.09936927445701546 0.07759779559971824 1.4470535675406668 
0.2254 2 0.021268163300469517 0.10023910000000016 0.13373932191852075 0.19174648456262075 0.06075363165023484 0.039627769776218895 1.1361841535598893 
0.2407 2 0.013397984279826962 0.07091580000000003 0.11199200043787613 0.1387008863990627 0.0421568921399135 0.021463869475336305 1.0752094494741595 
0.3239 2 0.046274351111347374 0.20480249999999994 0.30682315020987533 0.3567641070111864 0.12553842555567366 0.09891500186914409 1.6318643205541892 
0.1263 1 0.02131422961448178 0.09865519999999987 0.14162831899979522 0.17591359984250096 0.059984714807240824 0.03256994694501297 1.1201517837586379 
0.1648 1 0.021115165277518468 0.09617250000000008 0.2392638103194789 0.2862231060120657 0.058643832638759275 0.04040367436819987 1.1824127637566653 
0.6875 3 0.0397845795524777 0.23750779999999994 0.37188210324521664 0.45723023022052217 0.13864618977623883 0.12568246596157062 1.659102462129189 
0.0932 1 0.023018462394625388 0.11980459999999996 0.14546115227331427 0.19275669136681162 0.07141153119731267 0.0404954086331644 1.155478536932454 
0.3951 2 0.016122495085383336 0.08320680000000001 0.1322387072528081 0.17412800507387682 0.049664647542691676 0.027672687333050477 1.1010861663461753 
0.3341 2 0.04382878158514214 0.14166029999999988 0.21086096015332723 0.29216741465891005 0.09274454079257101 0.07746196690029984 1.3112280814460948 
0.1570 1 0.0319973646829894 0.17637040000000012 0.18944508425926992 0.2575395488339901 0.10418388234149475 0.06934843479278403 1.2636790184291569 
0.1052 1 0.023467231201517717 0.11509710000000004 0.152431533091268 0.1949976746822326 0.06928216560075888 0.042542235972577405 1.1600705010560972 
0.1413 1 0.028358655653300768 0.1559900000000001 0.19635866371372734 0.24271785089196918 0.09217432782665043 0.05629149088355465 1.1921176826118265 
0.5529 3 0.02455522518903225 0.11216669999999995 0.3643627010997474 0.4250803531557124 0.0683609625945161 0.06238408208763814 1.4133069632384785 
0.4697 3 0.037035136337394685 0.11469219999999991 0.1674690353681714 0.24844636691168293 0.0758636681686973 0.06277356580978982 1.2041699479992887 
0.7714 3 0.054395516490660455 0.2169444000000001 0.2027023573961796 0.30097670409805305 0.13566995824533026 0.10069608020148163 1.4409531595083567 
0.0933 1 0.023385533999286005 0.10568800000000014 0.15814978716807498 0.18917523138832412 0.06453676699964307 0.03399381676775774 1.1238088000034878 
0.0864 1 0.020830798796697983 0.11156499999999987 0.1858551278697349 0.25546520492042285 0.06619789939834893 0.04444135521895896 1.1838923741285796 
0.1632 1 0.016644498387366233 0.0868063999999999 0.11106307877018229 0.14540868177883218 0.05172544919368306 0.02685497665534105 1.0883968150771444 
0.0655 1 0.02650108899211664 0.11065710000000009 0.10236096660781288 0.12264628497331306 0.06857909449605837 0.030920062317625036 1.095607629644428 
0.1474 1 0.023378479671911753 0.11518710000000021 0.17823001047539003 0.22786509973257418 0.06928278983595598 0.043878812235614725 1.1858343230258144 
0.0765 1 0.025916997635326868 0.1259042000000003 0.15328839438004085 0.19258566128436092 0.07591059881766359 0.04354357353062325 1.1781765885402133 
0.3018 2 0.028434100478734157 0.1466051000000001 0.25566119262446285 0.3139178153517089 0.08751960023936713 0.06347235994820737 1.2767817862277981 
0.1447 1 0.02386189450059465 0.11407060000000017 0.1362313923838917 0.16912289310020298 0.06896624725029742 0.03567072709013483 1.1235797421105649 
0.1480 1 0.031396858210450324 0.12436760000000016 0.2934627853192845 0.34100774047654786 0.07788222910522524 0.06075415705834616 1.3776967135223137 
0.2248 2 0.02867742579102943 0.14951280000000006 0.17847922132552632 0.24623623324895275 0.08909511289551475 0.05962800569597523 1.2317159781223936 
0.7329 3 0.03860639016825274 0.1476974000000001 0.2380534419925635 0.33917223952173203 0.09315189508412641 0.07160263980529047 1.3471335290518471 
0.0256 1 0.019455982261977787 0.10212129999999983 0.0950440126444715 0.14187673566240372 0.06078864113098881 0.03751158300670443 1.1045778655483784 
0.5314 3 0.0319220757599698 0.1557331000000001 0.23036303197574506 0.28812256541289316 0.09382758787998495 0.06556703503721616 1.3107561917979975 
0.3286 2 0.02070767096981373 0.0917961 0.11226205495189326 0.1377449648565187 0.056251885484906866 0.02582270458173352 1.0779963955940735 
0.0223 1 0.02042732145563516 0.08649810000000016 0.08175999616263117 0.0995775362538592 0.053462710727817664 0.021922072586944345 1.0594547844348496 
0.0962 1 0.026525353853602468 0.13774230000000023 0.1821207094255201 0.24835286986280408 0.08213382692680135 0.0543295639025328 1.2307479431139936 
0.3849 2 0.025497413030507655 0.12650549999999988 0.16086468021338027 0.22064208007731997 0.07600145651525377 0.04881731399818969 1.2031548392374265 
0.1266 1 0.018558949598005577 0.09778020000000016 0.1530181829960431 0.1972977140802178 0.05816957479900287 0.03382387249019587 1.1360810641276933 
0.1146 1 0.01685194231231326 0.09111750000000021 0.08054716586092932 0.11091246807938604 0.05398472115615674 0.024820307791020107 1.0699197208702147 
0.0678 1 0.019768284558856045 0.08074490000000023 0.08875356885899303 0.10654943989647861 0.050256592279428136 0.0208892539912812 1.0582425245499527 
0.1549 1 0.025954954432237994 0.11792900000000002 0.18563716464157495 0.2501145115479206 0.071941977216119 0.04945605940358165 1.2322397347636436 
0.1711 1 0.017594751959318485 0.08667229999999995 0.11839093462258919 0.144961408111835 0.052133525979659215 0.026545285768519597 1.0961453932209764 
0.2721 2 0.026483094893992674 0.11275340000000007 0.41879260186254885 0.4929084325770934 0.06961824744699638 0.06815191931801547 1.434313645353117 
0.1329 1 0.034174004370466214 0.13991780000000006 0.14658994661969624 0.21988626380182916 0.08704590218523314 0.062196290250637117 1.193055215901205 
0.1817 1 0.03018258368681571 0.13195830000000003 0.23017070310286422 0.29820090926162673 0.08107044184340786 0.05843397479022763 1.3103998814254347 
0.0658 1 0.017489605600277493 0.0958805000000004 0.12297061232375267 0.16071574957789245 0.05668505280013894 0.03237431297207132 1.1253628613918238 
0.2303 2 0.022887156260327553 0.11325519999999986 0.1581422566711524 0.20660041871375523 0.06807117813016371 0.04140440341533459 1.1762320345411585 
0.1374 1 0.026262482140124856 0.13905380000000006 0.15188887783807115 0.1969401535965465 0.08265814107006246 0.04760375465666738 1.1713270283789354 
