0.3471 2 0.07660889883419604 0.4649389806424806 0.2339360071628532 0.27955434689524195 0.27077393973833835 0.174939708293226 1.5654639057715414 
0.6155 3 0.0684897000301034 0.5011399645807979 0.8959695348568123 1.087052991759026 0.2848148323054507 0.5162518861495099 2.5841233426473074 
0.2534 2 0.07562022839680722 0.6511869046171487 0.3613798386046605 0.463723955584801 0.36340356650697797 0.3290156923954038 1.3904690740866081 
0.0632 1 0.14928511008697468 0.5048458142356103 0.36775895120922036 0.3935499160899081 0.32706546216129245 0.3035293650483702 7.243790776810042 
0.0434 1 0.07975044174576917 0.4366511644947895 0.27729524050280685 0.3474602674671836 0.2582008031202794 0.19776518247909006 2.1149888951262974 
0.0814 1 0.09215172677634442 0.46331512749651294 0.2673376444779567 0.3135473694412389 0.2777334271364287 0.191120346164334 1.685681489462753 
0.5720 3 0.14683139667192568 0.6339279431710528 0.6627487933574872 1.0281379574826535 0.39037966992148926 0.7665911129441146 2.237475720746891 
0.0137 1 0.06725577097119956 0.4719119925756095 0.2461983950424259 0.3122658667276635 0.26958388177340453 0.19239776290619487 1.5078211241039587 
0.4286 3 0.09641422428485577 0.7578373957733348 0.29420494923138707 0.39409918094463925 0.4271258100290953 0.3374166333785599 1.5824736132563806 
0.2397 2 0.06818184905312571 0.6852048650098148 2.2500238505566426 2.9892132106041482 0.3766933570314703 1.9530915565245595 48.261271016680325 
0.7510 3 0.1193527243061848 0.740312990993254 1.0948102671866973 1.3512284771520766 0.4298328576497194 0.8268905526042895 40.03119928100482 
0.0148 1 0.07463199134521649 0.4480920413575514 0.18620478033056154 0.2545709216564321 0.26136201635138395 0.1734463042754264 1.651555061677013 
0.6662 3 0.08136946619994663 0.48060593086678993 2.2494757536416303 2.5128796785966885 0.2809876985333683 1.0153638132480842 20.663913449793807 
0.5585 3 0.09545415787413228 0.643444211137743 0.9870495724820921 1.198074776098326 0.3694491845059376 0.7707527884763475 3.322840537771607 
0.0274 1 0.07872382475225215 0.411769412363181 0.24819092158814338 0.3211398408036492 0.24524661855771657 0.18506904298666768 1.9060183681391365 
0.1269 1 0.08466891654626052 0.5001343346710783 0.18454949284160413 0.2575680128161021 0.2924016256086694 0.19803440754736984 1.8016154777186044 
0.1182 1 0.06858183697795396 0.4014858254500286 0.15824155602132298 0.22939761505487608 0.23503383121399127 0.157362720922836 1.5687129768854875 
0.0058 1 0.07006428007586042 0.40468736593653 0.18006182052373504 0.23388381197029887 0.2373758230061952 0.1556773929957727 1.5665029714425338 
0.0894 1 0.10240553023085062 0.4635708639880323 0.3173234209332549 0.4072217039516413 0.28298819710944145 0.24865084385654682 2.6899085638266644 
0.6816 3 0.09577176242811339 0.49390999290768384 0.2628525550448108 0.3209251406896135 0.2948408776678986 0.20804636281743086 2.0016065552768674 
0.7615 3 0.09552828583719766 0.45736672534987877 0.4041337985545419 0.46872057660401983 0.2764475055935382 0.2683338926892148 2.849015391474283 
0.1466 1 0.08120891770104133 0.5319153740058973 0.2862957161819633 0.3590621060917757 0.3065621458534693 0.24457805434977498 1.7615221703356245 
0.4480 3 0.051478149209999616 0.3522794428398192 0.10278309408878143 0.15587706786193803 0.2018787960249094 0.09636186943908831 1.2352458822161958 
0.3509 2 0.0780900539928563 0.46680929005877997 0.16220771625608849 0.23643091734268054 0.27244967202581816 0.17984849183524368 1.7531237245711544 
0.3616 2 0.06861621805168107 0.43932324404407713 0.17694067165762678 0.22132796317061834 0.2539697310478791 0.15064499641106593 1.5778234330847731 
0.2239 2 0.07923543991182366 0.40845859823610225 0.1178090443315828 0.15597639483666245 0.24384701907396295 0.11751918638717049 1.3136373306371756 
0.3439 2 0.10446361981266288 0.5227976107312788 0.3324779559193756 0.40917852119615583 0.31363061527197084 0.2708374893398624 3.0301858969771294 
0.5761 3 0.08100066577004235 0.5769689497406143 0.3881274419079339 0.5933069403566954 0.32898480775532835 0.38694979533572366 1.9204984740533355 
0.0533 1 0.09442553259738867 0.5328700141991358 0.3728317659719414 0.4469445084287699 0.3136477733982622 0.27341072496093816 2.2364472657172256 
0.2748 2 0.11931205487205582 0.702420012891831 0.5584702887266811 0.6344049387408007 0.4108660338819434 0.4628487696356786 4.10816819770887 
0.4954 3 0.13593640069840188 0.6292173666586168 0.4385076054005549 0.5616058345684463 0.38257688367850934 0.4118459123033213 4.339269055527877 
0.3686 2 0.11116470268486649 0.5386658080055203 0.27552747390221927 0.35203522589221004 0.3249152553451934 0.25729407219797873 2.6434872867553167 
0.5063 3 0.09999951244245017 0.5588009020832541 0.21061165314520044 0.2637919745214994 0.32940020726285213 0.20090810622545985 1.6868562255828483 
0.2479 2 0.10781222231294248 0.5029494288743082 0.28950345887688406 0.39165322495483484 0.30538082559362534 0.27172184917443465 2.3263065047607134 
0.2292 2 0.07803890257224873 0.39136715748379364 0.1679736405146047 0.2021963266705683 0.23470303002802118 0.12526711381810246 1.454068932479352 
0.0674 1 0.10086591278326282 0.5682952475193306 0.3836842879395513 0.4597735432562979 0.3345805801512967 0.29775255939099976 2.260323464341199 
0.0510 1 0.09167205780671255 0.531528452229555 0.15767037434548764 0.20829919773085692 0.31160025501813376 0.17238340829585128 1.572476965379741 
0.0160 1 0.09581375677024993 0.47255178871398673 0.21937931072707112 0.278221675454929 0.28418277274211834 0.1954658623739158 2.080347428855459 
0.6000 3 0.1502716414395549 0.5032632494160569 1.8872281439816803 2.5151904685935675 0.3267674454278059 1.3605976460208848 12.176192045707918 
0.1834 1 0.08728643779563706 0.8469340985903763 0.46101692130492367 0.6113321302672189 0.46711026819300666 0.5345066106557332 1.5513622309204647 
0.5048 3 0.09517326454905088 0.4736580724399464 0.29809566436889146 0.3698266470854591 0.2844156684944986 0.23936200593840182 2.529771910774531 
0.1298 1 0.07534565702201476 0.3772117491773388 0.25319626085383756 0.33080205669975726 0.2262787030996768 0.1782086418453167 1.914052616276427 
0.2783 2 0.12558675537777578 0.6038274879061063 0.5784063474770459 0.7847543734315201 0.364707121641941 0.5219699275138389 3.0116427204137137 
0.3431 2 0.06399746393260862 0.4259168109992607 0.2514979341288868 0.31093003917005363 0.24495713746593467 0.17618074805831457 1.6570403483931782 
0.0425 1 0.13639702208845536 0.6121404223263378 1.9401313740490125 2.4998900643449904 0.3742687222073966 1.438178073527335 6.700533226875486 
0.4089 3 0.06624711393223255 0.4503564026498205 0.17899716178230804 0.2285326864698132 0.25830175829102653 0.15262100180037622 1.4720809898524994 
0.2864 2 0.07622521082999309 0.5796812896371121 0.21380337356423723 0.29877667049260564 0.3279532502335526 0.2204325241164123 1.43850487229439 
0.0584 1 0.06112872446541463 0.39402864049113845 0.13789626463547336 0.18187889528593354 0.22757868247827653 0.11832599437859576 1.3466032015792624 
0.4903 3 0.15593354782739152 0.561752719027776 0.36057036236689444 0.46341883173431747 0.3588431334275838 0.34845939187012676 5.541474314630376 
0.1718 1 0.08304971000988108 0.4790189286088715 0.19786125771594268 0.24307665452947277 0.2810343193093763 0.17044834703036835 1.647012526744798 
0.1905 1 0.08497138352952856 0.43920727354108385 0.2813789590262517 0.362422013290696 0.2620893285353062 0.21084911021144986 2.047814317732403 
0.7115 3 0.09442209322028926 0.88802093725725 1.4991003220792578 2.586798156999132 0.4912215152387696 1.3018172504084493 233.09543413130436 
0.4255 3 0.05412294253312702 0.3845681780759186 0.2774550063914033 0.37208172441418175 0.2193455603045228 0.1755932996682381 1.4231243354354624 
0.3028 2 0.10977777889802019 0.8791913001092325 1.2097665846580135 2.100084774781971 0.49448453950362636 1.1858591622539736 63.6504971024342 
0.6379 3 0.11423824599894813 0.8386891703847359 1.5073278940876706 1.6253723022731648 0.47646370819184203 1.1209347620463426 79.61827655837311 
0.3995 2 0.10029046870773432 0.6582866154921139 3.5677355744774775 4.8942688222416235 0.3792885420999241 2.5122980610223804 832.3162388224968 
0.0760 1 0.07072599626283876 0.4237540005196716 0.13042926850801267 0.16907165537205257 0.24723999839125518 0.11835650915128952 1.3362611810871121 
0.0348 1 0.07980127678911253 0.5161189431973326 0.25261944234667594 0.30469937917012185 0.2979601099932226 0.20350890207441294 1.6864589269223804 
0.3417 2 0.11369304009144389 0.5287942100196087 0.4424281731558561 0.5663967844427312 0.3212436250555263 0.3464695689183437 3.4876983507983375 
0.3061 2 0.09675743627109966 0.4721167691356386 0.178870781726613 0.22057096766442366 0.28443710270336914 0.16174512808321545 1.7806863124290375 
0.0041 1 0.0741705732795479 0.3710986020498312 0.15115402869846384 0.18942318175986217 0.22263458766468955 0.12211384580713536 1.5227805156316554 
0.1516 1 0.11290668453791276 0.547997914991618 0.3859528241959453 0.43124136321295 0.33045229976476537 0.29165649718744524 7.813308266624093 
0.0131 1 0.10881695875591328 0.4770906115743129 0.14364149286530623 0.17347853319844686 0.29295378516511306 0.13752611156991074 1.4374179153317734 
0.4235 3 0.08774432370028995 0.7338280994946835 3.7436690730971134 4.714789076088835 0.41078621159748674 3.191687264816967 442.8870427533271 
0.0229 1 0.07077848793502647 0.4713932510245651 0.17372973142249648 0.25644144820535486 0.2710858694797958 0.1837055539682955 1.5625950011386176 
0.4885 3 0.08492053059813909 0.4635615191207327 0.2641408671464596 0.3179197700881085 0.2742410248594359 0.19520698390189178 1.9149675873095868 
0.0335 1 0.0890989007459478 0.49308899556914537 0.23213478377186464 0.2826456537727285 0.2910939481575466 0.19675087558862092 1.8796639538923234 
0.2771 2 0.11005301268298771 0.582111046462378 0.2723677945128647 0.3295338826887618 0.34608202957268286 0.2633155400307534 2.530467528673208 
0.0172 1 0.07078889638053956 0.4005608679178695 0.1610621934248746 0.2248722658052491 0.2356748821492045 0.15470626300919338 1.556645087992545 
0.3418 2 0.06520797718478633 0.43598967211865974 0.09614148681885593 0.12552539027036877 0.250598824651723 0.1109981813056318 1.316638538583578 
0.1429 1 0.08431567139946423 0.4860688506477454 0.27453972512308744 0.3441983214509605 0.28519226102360484 0.21454199282384853 1.949491857791877 
0.0053 1 0.06290685580640669 0.45612244996493984 0.3528571157600021 0.4506765135399727 0.25951465288567327 0.22381546408394842 1.5167901358082352 
0.4946 3 0.10484986324868098 0.5132575150257617 0.315404239684412 0.36984841776264077 0.3090536891372213 0.24036788012330212 2.591824510177908 
0.2172 2 0.0814726043896843 0.788560433278035 0.30832463335306287 0.3934369869809036 0.43501651883385967 0.34202746928285555 1.3350664257146097 
0.1579 1 0.14140534797242899 0.632769294992846 0.37600202485686 0.46861711224948377 0.38708732148263747 0.366163803433284 4.161960085811078 
0.1663 1 0.08763355547445104 0.5050575498291511 0.2436724275460403 0.2987571726690451 0.29634555265180107 0.21118754863191366 1.9314261340797219 
0.5351 3 0.11159240584822648 0.7635515154408057 0.9606302057561714 1.095650707624174 0.4375719606445161 0.8365390814364735 58.59773983824425 
0.3038 2 0.15559550452896406 0.5191962751656028 0.23352373086073083 0.3412682864623075 0.33739588984728347 0.2686633213375741 3.123462314498604 
0.4097 3 0.07042925819320899 0.39849838101327634 0.23350419673162867 0.2881457595904336 0.23446381960324267 0.15743523303263549 1.6352105543689575 
0.2331 2 0.10103545065679438 0.5443174040335361 0.37835655911222726 0.4453026470144568 0.3226764273451653 0.296473746946582 3.4071102367761097 
0.0300 1 0.0775368616796634 0.4238001907408398 0.19553352088221257 0.24409818633555957 0.2506685262102516 0.15712715276488104 1.6644788154770782 
0.2671 2 0.07697982154506045 0.5408246372703871 0.3868623865520903 0.4889314891681659 0.30890222940772377 0.2997832106440822 1.7605509917841748 
0.8475 3 0.10530398632647694 0.8686484977126965 1.3450170394923997 2.287591217384167 0.4869762420195867 1.2048664772317697 80.8569702604744 
0.2091 2 0.0855806189256597 0.33588770959903924 0.0726053270039673 0.090163676790547 0.21073416426234948 0.06622971142019872 1.1327515783017066 
0.2975 2 0.10157026488541236 0.6032227851311835 0.3491135119901159 0.43178757830283443 0.35239652500829793 0.3029971979947429 3.7635764076497744 
0.3313 2 0.09117118182657186 0.4577569131655254 0.353341011848017 0.43334993197078514 0.27446404749604864 0.2526419063714508 3.3657977284555898 
0.2160 2 0.12065236778566085 0.6361011375643504 0.3953148288229729 0.5062938274070998 0.3783767526750056 0.3732948881585442 5.034459402064167 
0.1225 1 0.10497722472401015 0.5651064306661793 0.24311485194807406 0.296780667931153 0.3350418276950947 0.20982691975900342 1.5085950389456604 
0.1944 1 0.08806254325082426 0.3299858867043731 0.21223728064769554 0.30203494548742654 0.20902421497759868 0.15809361147604728 1.8707277832375604 
0.3868 2 0.11317976103508494 0.5341846376732866 0.19891371306838895 0.2359128861803273 0.3236821993541858 0.1868005226791467 1.7814377351089739 
0.3104 2 0.0868161800310367 0.4984805710643559 0.13655105112807783 0.1743626086526336 0.2926483755476963 0.14519505578467265 1.448507741411322 
0.2425 2 0.08672503398572502 0.5056787328111241 0.20893606580084273 0.27261643439121164 0.29620188339842457 0.1989412828486468 1.8403477383758378 
0.3967 2 0.09664305194452512 0.6280003077676375 0.17696805586606779 0.2136170239917553 0.3623216798560813 0.17927407177012822 1.3034266780772448 
0.2653 2 0.04275682591187299 0.30693756216605844 0.06259069687815615 0.09303714978452783 0.1748471940389657 0.08368511835397122 1.2603074092888062 
0.2286 2 0.07472568946975354 0.5788371838697641 1.0301090234316221 1.3486458716028566 0.32678143666975884 0.7251948628949282 2.0328544218225093 
0.2161 2 0.08083134220644744 0.44391573744528434 0.40125936941341356 0.4945693913536491 0.26237353982586586 0.26152855510246525 2.490080247142494 
0.0132 1 0.06715988249071966 0.3862712363305837 0.12692393922821138 0.16811256662918034 0.2267155594106517 0.11711647289877128 1.4122095480987418 
0.5047 3 0.06870676676896698 0.3957002013628227 0.24362969273453183 0.2972336410312415 0.23220348406589483 0.1677945446939053 1.8374059791511133 
0.6464 3 0.16720919807657914 0.6714300486710345 0.6386128251844565 0.773405963655357 0.4193196233738068 0.602023082037111 31.426666412242927 
0.0966 1 0.07736459413144621 0.7533432967028058 0.22739916622367548 0.2952299370373806 0.415353945417126 0.2577967982272101 1.2469434036815956 
0.1025 1 0.13022513414673825 0.5556510034667154 0.2897598341855892 0.38119195108958054 0.34293806880672684 0.2888508810273822 3.1502560349271542 
0.2373 2 0.1008300187936901 0.5326308677255438 0.5347355883517559 0.665123501061179 0.31673044325961697 0.3836950505386778 3.6627508796330366 
0.2382 2 0.09145845752767286 0.5009337708967652 0.24943544403219386 0.31576664133626653 0.29619611421221903 0.21394395016865986 2.043576936378649 
0.1067 1 0.11939229743741187 0.6151300497243355 0.5831375634112435 0.6287511307120027 0.3672611735808737 0.46256538050448953 35.62449119781333 
0.3647 2 0.0973414634441544 0.4817693123304417 0.27703907298749286 0.3357351983619169 0.28955538788729807 0.23369303140875275 2.8935741585000225 
0.0052 1 0.07713134804250625 0.38944971691533276 0.18802299270932363 0.23260232072593198 0.2332905324789195 0.13404697271966232 1.5219704887702348 
0.0381 1 0.0950495235023143 0.48041000448176063 0.3842885016636342 0.5092798135335397 0.2877297639920375 0.3021044375221672 2.3250615961346757 
0.4181 3 0.11033718492366368 0.43273622418660673 0.19771109949800142 0.22640459391106085 0.27153670455513523 0.15568129277764972 1.8521793947744978 
0.1377 1 0.09190779609977533 0.419679348724865 0.264687679672308 0.3095715370412208 0.25579357241232015 0.17835797490548477 2.0679052808970626 
0.0047 1 0.07497079701558616 0.3958728581606556 0.14041652439433921 0.1742515921567801 0.23542182758812089 0.11143652933569553 1.2954347363158307 
0.2386 2 0.08507270768625781 0.4335400101541236 0.14061290938999926 0.17331381509132934 0.2593063589201907 0.13176788420742236 1.4624050159058795 
0.0099 1 0.10154525025397176 0.5277010329277402 0.34166093466225916 0.4087529487926851 0.31462314159085597 0.273395493228993 3.0658323531826595 
0.7118 3 0.11234352440413134 0.6186010139218705 0.49454557620733425 0.5368940010721159 0.3654722691630009 0.4060303560713503 14.817941083263193 
0.0060 1 0.10730139467689334 0.5162296595496881 0.29863308881832573 0.35017979878589134 0.31176552711329075 0.24044698438513365 2.6882145365199763 
0.1419 1 0.08844950602868462 0.4553329485818612 0.24662800090881223 0.30310895682253697 0.27189122730527293 0.18681094400643222 1.8300829178326625 
0.6414 3 0.13252706003818573 0.6321461656319153 0.4927013543592506 0.7490851945995403 0.3823366128350505 0.5713596974148943 2.196054774044318 
0.2299 2 0.10365619803770115 0.5007954842074833 0.2547274484277513 0.311083945968753 0.3022258411225922 0.21233178549727563 2.264274214071064 
0.8823 3 0.14733783080849 0.45109795097888117 0.4008526118348177 0.490513199978194 0.29921789089368556 0.30564850825778117 4.611200130957733 
0.0190 1 0.06224780348273764 0.3309297640044534 0.13105847913272284 0.1613203141475527 0.1965887837435955 0.09317779053643262 1.3002579458020496 
0.1311 1 0.06848040000369073 0.5079799357334268 0.3387192641217021 0.4207361228344632 0.28823016786855876 0.24490499398544394 1.5186867389689411 
0.5864 3 0.10917323563874054 0.5534703465427082 0.31062917042062577 0.3697881681306297 0.33132179109072435 0.2696011799142123 2.760796928016725 
0.3646 2 0.07841718015462476 0.41597632857088307 0.1648415884580278 0.19609291555216432 0.2471967543627539 0.13216722794499175 1.4818312045569564 
0.2766 2 0.08235901816455848 0.47869678413606004 0.24652897369172652 0.31252304006943854 0.28052790115030923 0.2007146908010307 1.9173547320831916 
0.8504 3 0.12123094809098849 0.5912869320134343 0.33237292446498995 0.46079990239613944 0.35625894005221137 0.33276132147634685 3.2950550820996165 
0.5850 3 0.16701598513872437 0.5943870475334478 0.49932788901506064 0.7280569257451086 0.3807015163360861 0.5488176925564761 5.813511436064908 
0.4410 3 0.09925431040241743 0.5401018601993854 0.31637277759932525 0.38871361953343175 0.3196780853009014 0.2724137815509818 2.5348255854390436 
0.0689 1 0.04889165117433731 0.4092972844797987 0.14651089915584808 0.20362788570224055 0.229094467827068 0.14456291543391198 1.6693037378395361 
0.5256 3 0.08381917695869155 0.5276335218616369 0.1892016380158534 0.28334241120186454 0.30572634941016424 0.2240657810280267 1.8070534611085136 
0.3231 2 0.1091223726840151 0.5656703996446157 0.3838745838083528 0.4449709029766483 0.33739638616431544 0.2999377070037306 2.6949843045141266 
0.5174 3 0.1099911336399278 0.5033042055897822 0.29728526661835514 0.3691058166834753 0.306647669614855 0.25023606942627064 2.8352402466415763 
0.4950 3 0.04957765507565301 0.4048052419095402 0.14642223690817097 0.19965380019899645 0.2271914484925966 0.13295866845007956 1.4135502236323378 
0.6481 3 0.14558060388916114 0.6054206189740361 0.7487450659842866 0.9378987608585749 0.37550061143159863 0.6213993047442757 8.747154024156904 
0.7586 3 0.12582584215011264 0.5234955814939896 0.2596123160945427 0.3167937482702879 0.3246607118220511 0.24554572263780228 3.2466799621023017 
0.2968 2 0.0784411864687838 0.4429751006462319 0.20611183476118566 0.26303639430963466 0.2607081435575079 0.16649978741514687 1.6857887318701612 
0.1001 1 0.11494939465792207 0.6022525733215298 0.15668382354276994 0.19055970619542034 0.35860098398972595 0.15231581634866592 1.220194908192194 
0.7131 3 0.09563672614973097 0.5247888634248593 0.31077729786098746 0.3844403181224127 0.31021279478729513 0.2539823462079322 2.2390796694073942 
0.7015 3 0.1083428947789365 0.5921319201262305 0.39650697514663014 0.4928214424501397 0.35023740745258347 0.33717677792572376 3.8798222650727814 
0.4556 3 0.09379279447238877 0.5734951090236499 0.13229860059484885 0.17793618684642717 0.3336439517480193 0.16084764375639796 1.4035143310632343 
0.3980 2 0.08466936904805245 0.4597041706446981 0.25752443503824674 0.3178862285971077 0.27218676984637524 0.2114177854022495 2.3176970699441926 
0.2542 2 0.12082993475508169 0.749511886382068 0.6290719196340953 0.7381792919929457 0.4351709105685748 0.5635088795624398 2.9923523063943103 
0.0675 1 0.03902371063415037 0.3430731844130351 0.1900278732238555 0.267359101728105 0.19104844752359273 0.13619440365982433 1.3184675374319816 
0.0063 1 0.06329295636663476 0.3806757005135224 0.1636252321420623 0.21298434713873307 0.2219843284400786 0.13022649431800964 1.5380810768077686 
0.2816 2 0.10444139681841344 0.44016413609213495 0.10594864354834481 0.12278993969272332 0.2723027664552742 0.09844604917321693 1.2120890944833964 
0.1705 1 0.09444617595941902 0.4951973892166934 0.19069361394719894 0.22937922048596185 0.2948217825880562 0.15161683166816947 1.3511468659379289 
0.3690 2 0.08026119726280154 0.3815029561720585 0.08653992735787933 0.11424483978104111 0.23088207671743 0.0959768430556811 1.2635241432135296 
0.0018 1 0.06592237663598857 0.3851019095569936 0.18576584024257492 0.23084848341640957 0.2255121430964911 0.13318285318968004 1.4633106627910109 
0.5666 3 0.141277589532213 0.5986314968471996 0.3783355186777669 0.43872523548949044 0.36995454318970633 0.3354195554601865 4.391531408585403 
0.8082 3 0.11542150326430525 0.663192782629514 0.8789744911077197 1.0637393403968098 0.3893071429469096 0.7293384002359488 17.29446984280994 
0.3864 2 0.08210173069406955 0.4146253651136286 0.3053456951931349 0.37537307990569263 0.24836354790384907 0.20103159099955362 2.0893140538241894 
0.4092 3 0.11024193966760615 0.5862080214875969 0.5800090878001137 0.6398051366165708 0.34822498057760154 0.39092174710974925 5.669160652820552 
0.1260 1 0.09945837971045468 0.5556995321674477 0.7156215400932495 1.0228432375181897 0.3275789559389512 0.5799258376979083 2.603127443802115 
0.2826 2 0.09187816969398856 0.48647275749623076 0.23960661755529322 0.3256823376299504 0.28917546359510965 0.21963283483199722 2.1875844009279586 
0.4788 3 0.09758005617780109 0.5717157877140853 0.3197169652686357 0.4023201246095861 0.33464792194594317 0.27999403503458037 2.4246212062103836 
0.1774 1 0.08494967849990367 0.5454246409770203 0.18232753539330804 0.23944585577256589 0.31518715973846195 0.18772596137421807 1.6262671714449448 
0.2740 2 0.08664938441407734 0.478590850026747 0.2892958063690335 0.3645698687691063 0.2826201172204122 0.2211431110317912 2.0942021222437375 
0.3799 2 0.08027364044352338 0.4340384569123126 0.24009157662320754 0.29372642533399224 0.25715604867791797 0.1653259961959147 1.5625509233873258 
0.3418 2 0.11032149901445168 0.6485189358952848 0.48277453017729705 0.5729807848647392 0.3794202174548682 0.3932670013160117 2.82271316151106 
0.2620 2 0.07771510676766549 0.3848935943751422 0.1646490359469957 0.2322522009977017 0.23130435057140386 0.15325561183533123 1.6713214633787905 
0.6153 3 0.13911449882807309 0.6490094612533068 0.3307475844640675 0.4231206731757488 0.39406198004068993 0.3456143600141872 4.471352535339083 
0.6423 3 0.12175668752101797 0.6695564951390043 0.5506765693267607 0.6355726515681638 0.39565659133001113 0.4538877468759836 12.440963842228928 
0.1939 1 0.09998216811655933 0.5521285303049153 0.23264581825200945 0.3141903476108532 0.3260553492107373 0.24308247615298587 2.2212303393285135 
0.4299 3 0.07140651149520774 0.3794198836949071 0.35829294539569156 0.4217336754136335 0.2254131975950574 0.19113234391382394 1.9836171545527483 
0.5588 3 0.08773156759807692 0.5582814500631358 0.24022680057319196 0.2954452405109882 0.32300650883060633 0.20530761775052828 1.5428506553075467 
0.6582 3 0.10075096390146686 0.5007920419649163 0.29323229778745696 0.3540230327832668 0.3007715029331916 0.23056222705431134 2.508443430822461 
0.7034 3 0.12953212904438946 0.6751678825675118 0.44786196109001253 0.5296884663187585 0.40235000580595065 0.40559103238162686 3.752913520710692 
0.5147 3 0.12993240153738006 0.500458773614293 0.30229725316859685 0.4366068682910677 0.31519558757583654 0.28781851516446866 2.6925749423496357 
0.1829 1 0.11785313189115929 0.6559796228792039 0.5143602094120037 0.5536246729125605 0.3869163773851816 0.4285030588383008 14.903807262425653 
0.3997 2 0.06898828812346072 0.4490400281573311 0.2701928372861745 0.35049124311567376 0.2590141581403959 0.2088357218059489 1.6435203447690332 
0.5469 3 0.12462734589151157 0.614889012014064 0.3938398554772242 0.4997510676559173 0.3697581789527878 0.37834191581676413 4.470372917869819 
0.1972 1 0.07836823381111054 0.503956183158909 0.5075368789409381 0.686145406168707 0.2911622084850098 0.3742783758954081 1.7763626769202412 
0.7838 3 0.15530447483713256 0.7600074743383447 0.7746219439398369 0.9267053732828368 0.45765597458773866 0.7216730512961381 17.569453498341606 
0.9321 3 0.13670836106961617 0.6333746442636693 0.3217395880427936 0.42118990473723633 0.3850415026666427 0.3418538456409829 3.7771683130323135 
0.0405 1 0.10382947237638238 0.506489747948217 0.34028589445511465 0.4171181259471842 0.3051596101622997 0.26457616219115027 2.8688271072780167 
0.2731 2 0.11705337195179605 0.4277285437529936 0.28127019605291004 0.39672998502021 0.2723909578523948 0.23760094566707016 2.742149531577889 
0.2551 2 0.1003344006838783 0.4384248810242715 0.23782364491379565 0.2816666759393861 0.2693796408540749 0.18534182395592286 2.4358800617892977 
0.0637 1 0.08232879097002288 0.4293655741848707 0.06971468662062315 0.0880889517159059 0.25584718257744676 0.07776040588620521 1.133369906611815 
0.7063 3 0.08442363685422352 0.48620249198462984 0.1748444046688865 0.22597143835885283 0.28531306441942667 0.15500161190034653 1.383646582260085 
0.1701 1 0.12324695669946191 0.5671154904206706 0.31945283345710795 0.3750795569113337 0.34518122356006625 0.2739066597932313 3.1460055189930296 
0.2077 2 0.05798555364124965 0.37683608425821885 0.1302032246506832 0.16917882918191857 0.21741081894973424 0.10097339785460308 1.212419918009612 
0.1540 1 0.10085769421101938 0.5204672056098569 0.32785516504500917 0.39719561257478864 0.3106624499104382 0.2609247205071557 2.754274236007965 
0.9028 3 0.1383861669615292 0.7000635971431766 0.8354003700036384 0.9423978705181627 0.41922488205235287 0.6869341032353354 159.9101188044203 
0.4171 3 0.11127398120672967 0.577349928414318 0.5494127030192245 0.6939553015755353 0.34431195481052385 0.4363106614974251 3.4418726208476005 
0.9151 3 0.13088020551322455 0.6053495134289406 0.7221569826726616 0.9375731885066227 0.3681148594710826 0.5921986755127504 6.270212069929571 
0.2272 2 0.09470826257380291 0.47302962271913573 0.20846812364384928 0.25856137713092436 0.28386894264646934 0.17509432492672766 1.7305944799876987 
0.3405 2 0.09963462909316588 0.5332297572422685 0.34126997975461515 0.4164533580805507 0.3164321931677172 0.27324760634755 2.7339846936899956 
0.3040 2 0.12683460054012125 0.7023918967854552 0.43451495243490007 0.5958839410308917 0.41461324866278826 0.48337822655601753 3.150307502804584 
0.0832 1 0.07882012656564022 0.43085049054488617 0.16382649767910254 0.20698573991542357 0.2548353085552632 0.14021083565975265 1.5017010071164085 
0.2048 2 0.07576480776658844 0.45327378971866705 0.2700427052957816 0.33771114031457755 0.26451929874262775 0.204120355513051 1.7665599044144014 
0.3148 2 0.10506585201417636 0.5102700090588115 0.18016095712975655 0.22786966283389612 0.30766793053649394 0.18390596826023886 2.012210994231492 
0.1223 1 0.06461877262492642 0.3994054059986666 0.24188654352385802 0.3155429002335018 0.2320120893117965 0.1677077395785345 1.6107434490284434 
0.1543 1 0.09725686259319773 0.5423144402167746 0.23837257482585494 0.3002064020392094 0.31978565140498616 0.2275378613153355 2.1512711189765175 
0.0219 1 0.07979564692094768 0.4408547388061196 0.18762953950448766 0.22751680604914318 0.2603251928635336 0.15184086733633503 1.6543145478155679 
0.4063 3 0.08326604035275553 0.42641084694399617 0.21317052857054328 0.2647821502126562 0.2548384436483758 0.15994650834259436 1.6449239541720766 
0.3227 2 0.08487075988840323 0.46630670647241634 0.18801820156588459 0.24266172434744662 0.2755887331804098 0.17148081378285482 1.782413019572436 
0.3866 2 0.12069171323869654 0.6381844324148551 0.4342258673803381 0.5526717521307678 0.37943807282677583 0.4412408276221248 7.411855086935321 
0.2998 2 0.08567980662930685 0.5321590007078048 0.23780210147289613 0.30643293373268055 0.3089194036685558 0.21075441998044603 1.717869055567596 
0.2235 2 0.10984029223111011 0.5297857401453948 0.23779222464356356 0.28746399028927255 0.3198130161882525 0.21972005060652597 2.446737638035578 
0.1565 1 0.0770679706477608 0.4633675495364661 0.24264799539871343 0.30471413188137236 0.27021776009211346 0.18827121688813153 1.7339757414453456 
0.4189 3 0.10690429310414104 0.5616089700500452 0.16872314013250125 0.20504265699117785 0.3342566315770931 0.16651031147603618 1.4459592121101739 
0.2959 2 0.08365266946310851 0.49320754834463143 0.21650702550680295 0.27879457861693424 0.28843010890387 0.19684748780869676 1.819859953442055 
