0.0561 1 0.02022902486159393 0.06898579411192331 
0.4391 3 0.02062875049260976 0.18827644491395906 
0.1482 1 0.07225776015914011 0.22691336928224487 
0.0363 1 0.04798439793175768 0.11917633649328666 
0.0005 1 0.02868690697528527 0.10265992049150718 
0.0368 1 0.021358662461845906 0.08478852408884897 
0.0922 1 0.05104947254287087 0.20540401990492332 
0.4239 3 0.07269221623379792 0.23810602985738488 
0.0024 1 0.03183690787173206 0.11080292457813186 
0.0506 1 0.03442248226933478 0.16048961663562333 
0.4179 3 0.04667999161098428 0.18780784520864083 
0.1929 1 0.023387353871107068 0.20525078535486901 
0.4738 3 0.09095963220854038 0.5970582969614413 
0.0068 1 0.039263737957065614 0.1703243168107649 
0.0202 1 0.01836358345243586 0.0703259848211062 
0.2430 2 0.02343188681925375 0.2303971532623502 
0.2491 2 0.11731368568050506 0.14830235467459824 
0.0119 1 0.005108535131267156 0.025380556559451716 
0.0352 1 0.025494063139662456 0.03915509716160198 
0.0241 1 0.12688126460778956 0.2448590253259569 
0.1043 1 0.0185965825348331 0.09881682466431341 
0.0052 1 0.025568459964708294 0.10516026799366156 
0.0892 1 0.0392268631666043 0.14151088376747936 
0.5199 3 0.05621626860200696 0.1855006533040504 
0.0002 1 0.04321061824515883 0.05591337466292283 
0.0679 1 0.04030907234648679 0.21841227655611511 
0.0024 1 0.02661526900604554 0.10781451725000782 
0.3558 2 0.030007695370514766 0.06899113174501693 
0.2078 2 0.066106021820931 0.3066862750549055 
0.0115 1 0.029915499149608397 0.09769569931333552 
0.0799 1 0.028090892519715294 0.07352900947985753 
0.0505 1 0.15566206521308412 0.25215156653971355 
0.2720 2 0.07044825432758899 0.19981574045759015 
0.2461 2 0.07476143980015652 0.19625976481054203 
0.1184 1 0.02796788709564414 0.0930566289510995 
0.0000 1 0.04792195209263756 0.24847115732117642 
0.2643 2 0.17711606996113366 0.5091477023157541 
0.7500 3 0.06503007406007011 0.20927569430930407 
0.2199 2 0.056971447855297626 0.14508987795724304 
0.0664 1 0.041510289171832485 0.19544633176725745 
0.1342 1 0.01800465528077981 0.06381618526034906 
0.1066 1 0.08533472900328196 0.23698379249951404 
0.0022 1 0.01310706424412657 0.0517410135942842 
0.0000 1 0.0316434795145194 0.09391265185844153 
0.0192 1 0.027651545301494884 0.09736287564982916 
0.0025 1 0.006933363182927128 0.02065986489116195 
0.0058 1 0.032936890801397604 0.13584843346028727 
0.4000 2 0.0778051385820899 0.1246967835200578 
0.1974 1 0.030662456316241905 0.14464407439326127 
0.0601 1 0.04094694280039463 0.13414283728559115 
0.3166 2 0.027767831597463294 0.11576781296044034 
0.1408 1 0.005174245845558337 0.032305134691835546 
0.1705 1 0.040137327754399044 0.24637249618417534 
0.0081 1 0.027040066824631386 0.05204603708543002 
0.0133 1 0.02540255021449758 0.11239367846682206 
0.0267 1 0.040455370952770284 0.22116983125295323 
0.0811 1 0.03851251831469019 0.07591426426844042 
0.0867 1 0.03630462986197655 0.1327692863695757 
0.0145 1 0.003862461346070529 0.021110005282032985 
0.0551 1 0.017520247633022026 0.0721693586500235 
0.2783 2 0.014668307653002977 0.0684340162909016 
0.1088 1 0.03919395802509587 0.13909004475827785 
0.0181 1 0.033009938447348994 0.13207850768674773 
0.3064 2 0.0014575489610247731 0.006479108170469883 
0.5904 3 0.020369579716951247 0.1633557032053599 
0.2666 2 0.015140563413852698 0.08037808234411019 
0.0575 1 0.003377599510931865 0.028316808977870284 
0.3988 2 0.0984656220898488 0.42126179422312404 
0.2926 2 0.05572523746415575 0.5872519529621083 
0.0673 1 0.034054812264073885 0.13322987962525343 
0.0073 1 0.01555939924037925 0.08074259820410898 
0.1054 1 0.031165215889627923 0.11144822217897751 
0.0963 1 0.011887667024741342 0.0684597036501623 
0.2273 2 0.0784245799653242 0.24163876456034114 
0.1706 1 0.05608734806594988 0.25415495816074024 
0.1428 1 0.031408850222807115 0.17961769202969005 
0.1348 1 0.08539876455634234 0.2884827221928769 
0.0000 1 0.015422511644744499 0.08805571154541196 
0.0280 1 0.011348736880362127 0.03735553640432597 
0.1958 1 0.051063230738552734 0.14297428484056568 
0.0027 1 0.028526642193847214 0.1459214367129082 
0.3928 2 0.054248190349005986 0.1742666036529427 
0.0268 1 0.034741796963685186 0.059261627422089715 
0.2210 2 0.051895427835027375 0.15473242334102486 
0.1813 1 0.05049126710592895 0.24495009869061196 
0.0243 1 0.0345495946524201 0.08669005587834677 
0.1533 1 0.13059976787837368 0.25870540157349026 
0.0456 1 0.017192017365006185 0.06376403213699945 
0.0090 1 0.031257436779215095 0.08394651246837789 
0.0865 1 0.0017943749691282146 0.28861471741124767 
0.0206 1 5.310644961300705E-4 0.001819132078618585 
0.3638 2 0.0015418625889915786 0.005607183564538288 
0.0716 1 0.028016690082821656 0.16664146117705872 
0.0000 1 0.001770663241932652 0.006790581301604259 
0.0460 1 0.013088089232701059 0.054016735703761254 
0.2676 2 0.03898266720922065 0.12419604681548924 
0.1332 1 0.03626887035758385 0.09810024742153259 
0.0287 1 0.05810933805783276 0.2213470851519274 
0.1160 1 0.09402650286896905 0.20125234216452167 
0.1927 1 0.07656286327407227 0.26363348252759133 
0.0093 1 0.021040970920420222 0.03978393706040961 
0.0495 1 0.04774699579469036 0.1869668343943729 
0.5553 3 0.055625720201686886 0.23924205610074778 
0.0631 1 0.0025679891365590415 0.014276722915682499 
0.0592 1 0.08475037218054089 0.14206610880987455 
0.2461 2 0.09592036190268942 0.2844285674571182 
0.1846 1 0.03053636884918383 0.1538010063662398 
0.0553 1 0.08911544636346402 0.22496477718162025 
0.0509 1 0.030748067905943928 0.09387595563092496 
0.3624 2 0.08152199618551018 0.3209296377637539 
0.1754 1 0.06947606548318948 0.2147646715409634 
0.0659 1 0.008048032098025874 0.041893970142614666 
0.0616 1 0.03522537820176263 0.06652425565038503 
0.1282 1 0.029838377254933428 0.06871446442967946 
0.2333 2 0.0791114136663466 0.26411008868254987 
0.1844 1 0.04921643948344742 0.2382332434461095 
0.0015 1 0.00833075004237867 0.0175501376108537 
0.1907 1 0.024394820195240557 0.05905846376247535 
0.2052 2 0.0597332713177839 0.2664707681187626 
0.3876 2 0.10915383959407783 0.38873392455033234 
0.0034 1 0.031740634664683874 0.07842411477576716 
0.1339 1 0.032338317298156276 0.10282527591671065 
0.4757 3 0.06131819849366354 0.27004253426371244 
0.0299 1 0.012214490039684531 0.0284413555364044 
0.3191 2 0.09095420077911102 0.2565545578382585 
0.0250 1 0.03922835953320868 0.1046098245809139 
0.1756 1 0.01866245530479135 0.12038940459612654 
0.2433 2 0.038461477271114736 0.09951438658919665 
0.4435 3 0.09870673260129129 0.4597655889466516 
0.4210 3 0.07001886094588056 0.394149175724889 
0.2973 2 0.05516271202290649 0.1455975091045567 
0.0006 1 0.02016743461662494 0.05237519112618526 
0.1196 1 0.03300199647036618 0.1335942842845624 
0.1029 1 0.055817306427728544 0.14027032887603963 
0.1244 1 0.03197364125306473 0.10874081899307723 
0.0451 1 0.03700888446925403 0.11023624586472355 
0.0287 1 0.03423722564344692 0.07792588474048544 
0.0248 1 0.020178576227391182 0.025518556615050036 
0.0142 1 0.03982954346503099 0.11114227328810278 
0.1578 1 0.02764889076795203 0.09030819271079472 
0.3340 2 0.09894984496165858 0.3787219704762179 
0.0145 1 0.029309564009066504 0.11237296711239675 
0.0477 1 0.01652539983808817 0.040983236496066354 
0.7263 3 0.1653388767763375 0.45222384698785173 
0.0321 1 0.042558793656170636 0.1601835923382716 
0.0431 1 0.02272292015368273 0.08880509299157666 
0.3949 2 0.17115951026636095 0.1253429707264187 
0.0001 1 0.011186881152644865 0.052464040477051596 
0.0003 1 0.05437406853618416 0.19849467626699252 
0.3769 2 0.025567616328845386 0.05137738733980144 
0.0000 1 0.026952377367153512 0.10826453978715529 
0.2595 2 0.018737362586091287 0.0961574601762534 
0.1526 1 0.05568182138190835 0.15046098245809178 
0.7786 3 0.10260912544283016 0.4209929109560475 
0.0077 1 0.06382899200813492 0.3375792721914876 
0.2467 2 0.02998330142369082 0.15969275249506537 
0.0036 1 0.07797372807061403 0.2238397514245493 
0.0645 1 0.02677778684229413 0.033694031302992956 
0.2027 2 0.037462675247860094 0.14901781991048357 
0.0081 1 0.030596234993533613 0.1253882294070218 
0.2524 2 0.048410973248163805 0.16166233910650235 
0.1591 1 0.047914862927577906 0.203187011759473 
0.1381 1 0.014942066597912576 0.08325851380278557 
0.3310 2 0.14865997926473956 0.2819952739706986 
0.2498 2 0.03738893093366358 0.13472274888104313 
0.1221 1 0.02471912870262238 0.10073959578549445 
0.1965 1 0.015924405692553184 0.062047093491979635 
0.1246 1 0.08295437373601579 0.1754699063134189 
0.4872 3 0.0362187447869765 0.18321970476216926 
0.0174 1 0.025051292386901958 0.013337410691946255 
0.2684 2 0.06272642081713371 0.24130382808373385 
0.1493 1 0.0033671314599285963 0.021286035973422313 
0.4277 3 0.03193632888579153 0.12755486364015495 
0.2520 2 0.03930530453621849 0.1711318562175081 
0.0333 1 0.09038464686397306 0.2085665675127184 
0.5962 3 7.81656007916135E-4 0.040119207139084116 
0.0048 1 0.021090873728550192 0.07957525802523421 
0.2190 2 0.04684355571735305 0.06302287954185266 
0.1824 1 0.024349526990499696 0.08422406938923024 
0.7007 3 0.03635166288245993 0.14134764115537515 
0.0938 1 0.0010563306797322827 0.0034159739790391662 
0.0011 1 0.0809232162657986 0.3313256790192104 
0.2418 2 0.1303881629086015 0.19969364210058133 
0.8263 3 0.028250901368740228 0.14876817436268103 
0.4360 3 0.030892104078040685 0.11861121458953088 
0.3253 2 0.033498310343381715 0.31084406883322646 
0.3030 2 0.06033445156539354 0.3555924494731871 
0.0091 1 0.09446047152411133 0.22418868335693354 
0.1150 1 0.026616522251403506 0.017675460787856857 
0.2210 2 0.014830905637450324 0.07078296785038449 
0.2669 2 0.056934686900106536 0.21009079536293154 
0.0928 1 0.05354586547471154 0.10651446998971355 
0.3159 2 0.05423931599062675 0.2024073837257792 
0.2673 2 0.02171441083004568 0.08964051377948397 
0.5751 3 0.11130623562767293 0.2680011120068976 
0.3170 2 0.03775021322164314 0.10565355425203622 
0.0807 1 0.019524908411378262 0.07785527230268799 
0.1693 1 2.6065435280328634E-4 0.0013719941063640606 
0.5259 3 0.0701013697948285 0.16139934947596699 
0.0954 1 0.04163919320694707 0.11429495982875038 
0.0217 1 0.013373446386359003 0.007873120013345614 
0.0019 1 0.018522210837300986 0.12334769675571929 
0.2600 2 0.05610624845402395 0.1441313280142337 
0.2214 2 0.020802531714183392 0.0687234716855254 
0.0956 1 0.03190858670290091 0.11906418590879704 
0.2827 2 0.08306189546767206 0.2547667843540629 
0.2027 2 0.0315768451835616 0.11536215284534787 
0.0999 1 0.05592430909545612 0.22958460982458112 
0.1697 1 0.03630245402340969 0.0985418253593178 
0.3998 2 0.03617533682112552 0.15027016207500474 
0.0000 1 0.014653675464204643 0.09218303633482454 
0.6073 3 0.031902845766684236 0.11104400767284786 
0.4995 3 0.07140550811223859 0.3769914653470853 
0.6630 3 0.1175674950687879 0.11472519529621081 
0.0089 1 0.009983961647303571 0.03376838928369226 
0.0018 1 0.03406620072545623 0.10324550332212076 
0.1905 1 0.03530726561965924 0.15236173584276252 
0.1216 1 0.056429452547594024 0.11817130466208856 
0.1406 1 0.02615732036250128 0.03332918184092666 
0.0029 1 0.054098143075920535 0.12744232854243814 
0.3560 2 0.019822219058216156 0.23749420366406238 
0.1150 1 0.036731270104953945 0.06954001834811459 
0.0000 1 0.005446804624643685 0.033968585805230836 
0.0963 1 0.05363456252980533 0.21587986038284562 
0.2845 2 0.14034702503804547 0.39544355175002127 
0.6794 3 0.07833668281894612 0.2889969141808679 
0.1437 1 0.022686516388654078 0.10363737455172288 
0.4685 3 0.01857841981821126 0.08018424927085976 
0.0420 1 0.034419493203166646 0.09314392149231296 
0.5010 3 0.051293200197256715 0.2023024102749437 
0.1105 1 0.038261487350933425 0.12385933112785268 
0.0614 1 0.04211530878561974 0.10007850768674782 
0.0000 1 9.5948021543039E-5 4.035473019934177E-4 
0.1339 1 0.02813092374041945 0.10478630007506058 
0.0956 1 0.01477081880415951 0.08720878342538105 
0.0957 1 7.416006644794118E-4 0.0033694920908502236 
0.0409 1 0.027918024106176727 0.08570181535125529 
0.1509 1 0.023743080202430763 0.06117227766812091 
0.0029 1 0.02604870236518105 0.07415395735453577 
0.1073 1 0.029031541368700918 0.032330822051096685 
0.2057 2 0.07242919147176752 0.45271009083482117 
0.2626 2 0.03618052390742726 0.07265274804703784 
0.0599 1 0.11996684140730852 0.3514195324011024 
0.1934 1 0.04808962494320542 0.13367779600233543 
0.1319 1 0.06161364912105601 0.18559506268938863 
0.1055 1 0.019419902608625514 0.010320313585944563 
0.3746 2 0.030627827812932856 0.146544160573796 
0.1576 1 0.006416004294551782 0.028035917822690347 
0.2693 2 0.05996008413534837 0.1379042006060433 
