0.0728 1 0.18984003811726824 0.057254706960351884 
0.6937 3 0.422169898501246 0.23192614000194187 
0.2621 2 0.3819764245464451 0.1451110406968413 
0.1166 1 0.21962223942793346 0.037567007138729264 
0.0031 1 0.17908008853042928 0.09118493645451844 
0.0996 1 0.20870875064121144 0.0880687208513554 
0.2602 2 0.23091404594437243 0.07792664997697077 
0.6923 3 0.4031120098213446 0.10497650571811355 
0.0045 1 0.24718863436817345 0.08225036803101875 
0.0985 1 0.2596361952664655 0.11769578688446485 
0.6036 3 0.2882128399862437 0.10503025563136545 
0.2518 2 0.6241631991608053 0.7110992845546817 
0.5800 3 0.4532569880057407 0.29309224768973285 
0.0005 1 0.23341822942983556 0.09232962277357311 
0.0208 1 0.22196449176655472 0.09323782246362979 
0.5597 3 0.3676303297412675 0.4179442696462229 
0.5195 3 0.326235178165568 0.12243765569785915 
0.0222 1 0.14906980416869198 0.07406364666747257 
0.0933 1 0.15733100928147803 0.05152963890576637 
0.1132 1 0.2886332096699508 0.08271377405883915 
0.2782 2 0.2070783767115786 0.07812608980913455 
0.0128 1 0.18346738610448837 0.076545405174699 
0.1484 1 0.2832088956943242 0.1507286654072175 
0.4496 3 0.2689121420021944 0.09799157245739337 
0.0807 1 0.2324786022643656 0.0858585864191246 
0.6163 3 0.3172348035250785 0.15466688044655907 
0.1306 1 0.27178589392102603 0.11932624882573276 
0.5520 3 0.3484600220173334 0.11920669711606055 
0.2780 2 0.2039537597574633 0.0735961738161899 
0.0779 1 0.2200832796989043 0.06691772601411998 
0.1827 1 0.20812398102590027 0.10123651213987701 
0.1456 1 0.21981787284893944 0.07285899455648057 
0.3928 2 0.32861341904595365 0.13244591211965093 
0.3611 2 0.3144421257293481 0.15535201985002023 
0.3676 2 0.3690971413970053 0.20243050618796038 
0.0854 1 0.19110908762552858 0.084773806962014 
0.2978 2 0.43731444056568797 0.18123148254179874 
0.5455 3 0.37235839069815696 0.17626394657778408 
0.4135 3 0.281967089273947 0.11850760627937591 
0.1564 1 0.19515268040860773 0.08401931267686966 
0.4881 3 0.18052755144582422 0.06339227179667073 
0.1532 1 0.31194835532825205 0.12764270024663865 
0.0159 1 0.17306434018124908 0.05429554803333217 
0.2092 2 0.16081708898576186 0.07617209160021567 
0.1477 1 0.20989051275794957 0.07005037017947673 
0.0221 1 0.24439960883690492 0.0738322608805492 
0.0614 1 0.25176846833519406 0.07500010291559116 
0.8100 3 0.6261387860495409 0.776968623308315 
0.1028 1 0.5699468337114962 0.15024452585155626 
0.2154 2 0.23190277791119693 0.08824996897797958 
0.3983 2 0.28812466882741355 0.11709129292067974 
0.0702 1 0.2627857114038644 0.16492812903139137 
0.2961 2 0.31577791119675547 0.1559751232117907 
0.1085 1 0.18733019852103464 0.07780683484651418 
0.1556 1 0.33762675624737043 0.14238777915412928 
0.0368 1 0.4695034841565498 0.3750492616829484 
0.3782 2 0.2245089193254936 0.08144604028621355 
0.1623 1 0.30585277781513537 0.10537396542788188 
0.0183 1 0.17089020343939193 0.07940342418271638 
0.5104 3 0.2936021241155123 0.10642628153320234 
0.4513 3 0.3696815882451263 0.20896592495305 
0.1278 1 0.2388398594425738 0.07866226443668492 
0.2007 2 0.259768650852355 0.10927219939628141 
0.5246 3 0.6922830015043256 0.8203664908497964 
0.7658 3 0.35463974378432966 0.20012388223205055 
0.4321 3 0.2816672001291069 0.14158795978088562 
0.0561 1 0.43912794837261887 0.04398470886621506 
0.5607 3 0.5126423240006226 0.2783305954607912 
0.3193 2 0.5553430016195997 0.6733206154527684 
0.1283 1 0.16589061458331358 0.05681891567051657 
0.0028 1 0.15658051600483391 0.08190708054523096 
0.2457 2 0.21420037310350287 0.0849032062411018 
0.3687 2 0.31818684954245824 0.18186229179354735 
0.2354 2 0.2522613127018495 0.09563355496428032 
0.2021 2 0.2960580058751311 0.09697389447566283 
0.0097 1 0.1935927696306812 0.10655387196145162 
0.3700 2 0.2783238834272489 0.07360631895858767 
0.0082 1 0.22528122436354364 0.056403090691458456 
0.3282 2 0.25911360252373217 0.0775737412240177 
0.2286 2 0.2596051366092926 0.12564561432576157 
0.0792 1 0.21715388310063966 0.08351378066478336 
0.6083 3 0.31370741154161685 0.1171086926965903 
0.0183 1 0.2731089704302986 0.10613468328505951 
0.2345 2 0.29605746985104703 0.12351142392424562 
0.3746 2 0.27739421017139304 0.1234805304142597 
0.0417 1 0.24388529084590002 0.07906539609954184 
0.1153 1 0.12985642047343018 0.012181251597982237 
0.0693 1 0.2754935552229691 0.08802709574430218 
0.0119 1 0.13059981287187875 0.06548752758234808 
0.1108 1 0.32144549749375123 0.16869414718405493 
0.4015 3 0.22877038572600536 0.08774082913882385 
0.2333 2 0.4975062411263038 0.08076471979547704 
0.1177 1 0.26500942749169554 0.08830780544636206 
0.0501 1 0.21383513705117574 0.07649054256260607 
0.1378 1 0.12482421291875674 0.012325099249926762 
0.3245 2 0.35522206574844517 0.19459768189271157 
0.2666 2 0.23415272267574014 0.10496648362353617 
0.0322 1 0.2660660385514671 0.09723553039626558 
0.0437 1 0.2541753874647209 0.09857204450625096 
0.3897 2 0.321957973022042 0.13077919260386897 
0.0075 1 0.15800375985352516 0.06393890016817895 
0.0832 1 0.34390824574110623 0.12666311235205294 
0.7664 3 0.6634440892297584 0.7732903412079007 
0.1773 1 0.16966416073806073 0.033387073107888354 
0.0666 1 0.3599419249604705 0.1765551486553048 
0.4372 3 0.32368974964409175 0.1104911543254119 
0.3339 2 0.3026791502000964 0.12771271810635756 
0.1646 1 0.28806268023569703 0.10564285240382645 
0.1531 1 0.2588052868497342 0.11453577582971508 
0.8472 3 0.4132904501257448 0.29550633067918897 
0.3142 2 0.309951475411096 0.16517741910156925 
0.4195 3 0.18052755144582422 0.06339227179667073 
0.0698 1 0.1509198634387387 0.05293835692091628 
0.2146 2 0.26664205118549666 0.07805768398579893 
0.2238 2 0.29143184521007753 0.1035671508762763 
0.3298 2 0.3503749421228474 0.14676072399556025 
0.3954 2 0.22832435797186929 0.055497508877030796 
0.4844 3 0.3467054288288736 0.13844330037864142 
0.2824 2 0.28497421128570855 0.11683419517361908 
0.4599 3 0.3052196161760151 0.1031284178998288 
0.0229 1 0.191154561295987 0.05170808816711371 
0.2185 2 0.251858760535563 0.10734498785259194 
0.6189 3 0.380398196730445 0.22336005091461916 
0.1351 1 0.1484970922134334 0.017065822599214693 
0.4511 3 0.3361404229402939 0.11404158916782213 
0.0377 1 0.23852634491132543 0.10327041832068383 
0.1594 1 0.3657357055441028 0.20338838917745827 
0.2563 2 0.2485839146665027 0.09331218199845365 
0.3366 2 0.36858090025148976 0.2303660588332927 
0.7183 3 0.35737478650295235 0.1731551936782605 
0.2932 2 0.334028270947687 0.10647520297657122 
0.0014 1 0.19984620719732418 0.08389140492938217 
0.0344 1 0.17366476208407677 0.1085840111300308 
0.4726 3 0.23518339132255775 0.0906324392489242 
0.1130 1 0.21708728931275564 0.09161348299296107 
0.0640 1 0.23774691017658034 0.09804192979997503 
0.0050 1 0.16611084171151144 0.07563401140270613 
0.2478 2 0.19763305789252272 0.052217770381223966 
0.0791 1 0.28732039638885 0.12245749856303512 
0.2628 2 0.17024306482817456 0.061870835618860115 
0.5875 3 0.3564402698180017 0.19869093573649546 
0.0141 1 0.24305712402905683 0.0970260532378377 
0.1587 1 0.17300815179279888 0.07713397731307989 
0.7958 3 0.38070196100280707 0.1803187265513114 
0.1677 1 0.31384671632414257 0.11450512845663799 
0.2044 2 0.2440593084712937 0.09049407556282361 
0.3006 2 0.2039468759786282 0.09128085651399769 
0.0086 1 0.177148845626985 0.05972923934682832 
0.1583 1 0.33733675184774603 0.09702132217532076 
0.4103 3 0.25811817313770025 0.07941896304573225 
0.6394 3 0.2596035496706047 0.09491514463063222 
0.2735 2 0.19324347405086267 0.050787546584829105 
0.3922 2 0.23113830381998826 0.060861395336667526 
0.7503 3 0.3871511530281516 0.16362017421606828 
0.0311 1 0.17820389280286827 0.06675117232974208 
0.4175 3 0.28030077867584763 0.11028045991195318 
0.3070 2 0.29348136691905263 0.10830689718279539 
0.0875 1 0.1388461630089588 0.05804477381250521 
0.3347 2 0.26379891219771784 0.11158453145390221 
0.0235 1 0.17014873803792113 0.08154433014257714 
0.2796 2 0.2819302380984401 0.0910727204224437 
0.3750 2 0.2849226857304242 0.11174644486920769 
0.1848 1 0.154263007229601 0.0628177220168322 
0.3664 2 0.4422912205402893 0.20526558291236982 
0.0553 1 0.26546548216230975 0.10591438446871988 
0.8124 3 0.2711153796645146 0.12157645295935417 
0.2669 2 0.16822312626921485 0.08116137120956453 
0.3055 2 0.34883091802289695 0.06741800117040535 
0.5485 3 0.32479297366565557 0.12325013310832603 
0.0487 1 0.21909829413697263 0.05561281012917906 
0.4218 3 0.33648931121865694 0.1493506959235711 
0.1623 1 0.18274017625394107 0.05404958149509517 
0.3310 2 0.24475967292924614 0.07348103424422749 
0.3006 2 0.3695487560975137 0.24072790915344097 
0.0249 1 0.3097485758858326 0.1244541681867141 
0.2007 2 0.2520643421024824 0.11433870299033062 
0.0079 1 0.15764333072686026 0.061002270321542124 
0.3428 2 0.22974845484813589 0.0511973187522949 
0.1417 1 0.26003212878410925 0.05246799004413811 
0.6289 3 0.21920517426546454 0.09747319290216508 
0.0807 1 0.16353433339929602 0.037497159145920514 
0.2967 2 0.16575075648560325 0.06338006571034457 
0.5675 3 0.3000397272617237 0.13361688923266038 
0.7580 3 0.41613923561812777 0.32313486533323516 
0.6946 3 0.35177422050762847 0.18732533666478274 
0.2380 2 0.22147725547983757 0.09399851475408481 
0.5881 3 0.32098254175320207 0.16136980289325834 
0.0387 1 0.29634824082274897 0.12637851731285418 
0.3305 2 0.2152437795269538 0.07179919871272038 
0.3704 2 0.32816058244108015 0.12664701389257416 
0.3721 2 0.30697798266663356 0.11857817321312598 
0.1686 1 0.30285496802107204 0.11418258875161928 
0.3042 2 0.26180065859876733 0.11005204087245504 
0.2726 2 0.27989823995819413 0.12186499391024458 
0.6471 3 0.2963663657374941 0.12204853863684366 
0.1987 1 0.275459530181614 0.11114812185690262 
0.3433 2 0.32590388069909865 0.17101579537563244 
0.0307 1 0.16202975798224387 0.06247213087624014 
0.7600 3 0.2798703186749639 0.09344311140547375 
0.3998 2 0.2955067156709239 0.13403449507050824 
0.0736 1 0.15715909348529014 0.08628368456841565 
0.1210 1 0.21449312294548145 0.10177351812034204 
0.5644 3 0.3462050666764012 0.1285796951010024 
0.2408 2 0.23216784854533806 0.09379753807055122 
0.0048 1 0.21893068382456074 0.08286859033815194 
0.3450 2 0.2935151383576144 0.10433891117004443 
0.4481 3 0.3052843386826872 0.1300795850405323 
0.2377 2 0.2956147408544495 0.12051676292273567 
0.4216 3 0.22745927273635438 0.09676810688025614 
0.6771 3 0.30870033756068704 0.1266550762705134 
0.5677 3 0.34627174307731606 0.19542400200749976 
0.2531 2 0.29206880128492085 0.19145981465878273 
0.5704 3 0.3133633109765822 0.16012331252545578 
0.2445 2 0.24899682804385748 0.085554653276495 
0.3068 2 0.26675473535972194 0.12094724408068841 
0.0140 1 0.25341693451860603 0.13057165823890232 
0.3972 2 0.3368891429186222 0.16366860705453737 
0.3063 2 0.22809335464621433 0.09193748804619194 
0.1836 1 0.1805570174006092 0.026684299843014885 
0.1624 1 0.16915029231564332 0.07880861719368287 
0.3020 2 0.19669906762549005 0.08453281896687373 
0.1709 1 0.28552000099904096 0.10958822479370359 
0.1288 1 0.19220964113283606 0.061543647748130155 
0.2283 2 0.2879095502585021 0.10343542737356384 
0.2642 2 0.340477997075883 0.09735040729828756 
0.8561 3 0.36875151153028163 0.2068958974475654 
0.3148 2 0.2362729822727804 0.10131436812646759 
0.8357 3 0.2773003579257597 0.1448981339303238 
0.1852 1 0.2860108953139199 0.11285788268198875 
0.5460 3 0.2524083927154518 0.0950198642796288 
0.2721 2 0.2539854255243523 0.11083095764169955 
0.0176 1 0.21215889944072908 0.08315096475856563 
0.0452 1 0.13349553793571145 0.058645949562533946 
0.3165 2 0.25189317750850637 0.11457125148006825 
0.3047 2 0.24388718326067843 0.10733980299961428 
0.1708 1 0.13319111275910198 0.039510540660498555 
0.0498 1 0.2094990403439775 0.11395603733764484 
0.0589 1 0.22393821890147736 0.09493904730003666 
0.0077 1 0.1875560068319051 0.06869588759236094 
0.2732 2 0.2832936777976517 0.09337804274361967 
0.3230 2 0.3127642473856818 0.12788155748687172 
0.3366 2 0.1660797446296725 0.07278707567843332 
0.4925 3 0.36490158098286435 0.18320304155651274 
0.3233 2 0.26230896505084556 0.12011954787380894 
0.4105 3 0.32777937901897974 0.1719641325615641 
0.3096 2 0.293610740846764 0.09621574442525817 
0.3645 2 0.2679534139354732 0.12232521612146592 
0.4482 3 0.18779485839550122 0.07041520886681281 
0.0999 1 0.20056814326252317 0.07715075424107612 
